0 0.359619 0.419434 0.007324 0.018555
0 0.590332 0.425293 0.005859 0.055664
0 0.574707 0.416504 0.007812 0.028320
0 0.722656 0.448730 0.019531 0.149414
0 0.736572 0.464355 0.027832 0.135742
1 0.441650 0.432617 0.006348 0.019531
1 0.411377 0.434082 0.009277 0.026367
1 0.407959 0.435059 0.008301 0.028320
1 0.405029 0.435547 0.006348 0.029297
1 0.399414 0.435059 0.009766 0.032227
1 0.393555 0.436523 0.010742 0.035156
1 0.385742 0.437988 0.016602 0.038086
1 0.367920 0.438477 0.027832 0.039062
1 0.203125 0.460938 0.020508 0.068359
1 0.192383 0.459473 0.020508 0.081055
1 0.154785 0.447754 0.064453 0.100586
1 0.533936 0.414062 0.016113 0.025391
1 0.534912 0.425293 0.012207 0.024414
1 0.542725 0.428711 0.010254 0.035156
1 0.551270 0.429199 0.016602 0.040039
1 0.674072 0.441406 0.060059 0.080078
1 0.687256 0.444336 0.019043 0.062500
1 0.702148 0.449219 0.027344 0.093750
1 0.563721 0.433105 0.028809 0.043945
1 0.850098 0.453125 0.125977 0.117188
1 0.943848 0.469238 0.106445 0.157227
1 0.487305 0.470703 0.090820 0.144531