0 0.721924 0.439941 0.016113 0.133789
0 0.645020 0.401367 0.006836 0.013672
0 0.728760 0.420898 0.020996 0.095703
0 0.751465 0.369141 0.007812 0.023438
0 0.744385 0.397949 0.020996 0.079102
1 0.582520 0.388672 0.011719 0.011719
1 0.577393 0.395020 0.015137 0.010742
1 0.564941 0.404297 0.011719 0.019531
1 0.543213 0.413086 0.012207 0.023438
1 0.537842 0.414551 0.012207 0.022461
1 0.527832 0.416016 0.017578 0.025391
1 0.511963 0.423340 0.017090 0.026367
1 0.497314 0.427734 0.018066 0.029297
1 0.489258 0.435059 0.020508 0.034180
1 0.471191 0.437500 0.024414 0.042969
1 0.457520 0.441895 0.013672 0.049805
1 0.320557 0.440918 0.024902 0.038086
1 0.575928 0.429199 0.023926 0.071289
1 0.438721 0.446777 0.044434 0.061523
1 0.580322 0.443359 0.009277 0.046875
1 0.408936 0.455078 0.034668 0.074219
1 0.604492 0.423340 0.043945 0.106445
1 0.360352 0.464355 0.082031 0.125977
1 0.606689 0.444336 0.036621 0.080078
1 0.620361 0.448242 0.046387 0.087891
1 0.639404 0.456543 0.048340 0.094727
1 0.679199 0.461914 0.081055 0.111328
1 0.805176 0.495117 0.174805 0.275391
1 0.627197 0.371582 0.008301 0.012695
1 0.186279 0.453613 0.040527 0.077148
1 0.244385 0.503906 0.167480 0.212891
1 0.909668 0.557129 0.174805 0.401367
2 0.119385 0.495117 0.046387 0.128906
2 0.090088 0.498535 0.041504 0.135742
2 0.044922 0.500000 0.083984 0.146484
2 0.145508 0.470703 0.014648 0.064453