0 0.323242 0.451172 0.005859 0.019531
0 0.561523 0.435547 0.009766 0.054688
0 0.547852 0.416016 0.006836 0.023438
0 0.174805 0.460449 0.010742 0.057617
0 0.167480 0.450195 0.005859 0.035156
0 0.157227 0.449707 0.014648 0.043945
0 0.143311 0.459961 0.012207 0.068359
0 0.602783 0.438965 0.011230 0.063477
0 0.105957 0.461914 0.014648 0.070312
0 0.594727 0.436523 0.009766 0.068359
0 0.567627 0.443848 0.005371 0.047852
0 0.579346 0.440918 0.005371 0.061523
0 0.011719 0.462891 0.017578 0.095703
0 0.525391 0.443359 0.011719 0.062500
0 0.502441 0.442383 0.014648 0.068359
0 0.516602 0.443848 0.011719 0.061523
0 0.537842 0.440430 0.014160 0.070312
0 0.620117 0.433105 0.013672 0.071289
0 0.805664 0.429688 0.025391 0.089844
0 0.586914 0.437012 0.011719 0.063477
0 0.557129 0.444824 0.008789 0.055664
0 0.534668 0.456543 0.005859 0.036133
0 0.820312 0.426758 0.028320 0.095703
0 0.549072 0.443848 0.012207 0.059570
1 0.281006 0.460449 0.009277 0.032227
1 0.705811 0.433105 0.066895 0.055664
1 0.853271 0.429688 0.033691 0.050781
1 0.963623 0.516113 0.066895 0.278320
2 0.179688 0.476562 0.014648 0.044922
2 0.161621 0.477051 0.018555 0.043945
2 0.144287 0.476562 0.031738 0.054688
2 0.098389 0.482910 0.033691 0.055664
2 0.036865 0.491699 0.026855 0.081055