0 0.667480 0.435059 0.013672 0.022461
0 0.678467 0.431641 0.008301 0.011719
0 0.711182 0.463379 0.017090 0.067383
0 0.701416 0.459473 0.025879 0.077148
0 0.648438 0.443359 0.015625 0.117188
0 0.625488 0.450195 0.007812 0.052734
0 0.620361 0.447266 0.007324 0.046875
0 0.546875 0.444824 0.024414 0.104492
0 0.633301 0.441895 0.024414 0.120117
0 0.560791 0.449219 0.031738 0.117188
0 0.593018 0.412109 0.018066 0.056641
0 0.449951 0.448730 0.015137 0.090820
0 0.367920 0.430664 0.012207 0.099609
0 0.346924 0.380371 0.006348 0.012695
0 0.356934 0.431641 0.013672 0.125000
0 0.383301 0.442383 0.021484 0.132812
0 0.306885 0.427246 0.015137 0.098633
0 0.297363 0.430176 0.010742 0.092773
0 0.229980 0.402344 0.008789 0.037109
0 0.255127 0.403320 0.011230 0.041016
0 0.274902 0.467773 0.045898 0.226562
0 0.344971 0.469238 0.048340 0.227539
0 0.433105 0.466309 0.026367 0.194336
0 0.411133 0.465332 0.049805 0.213867
0 0.015137 0.398926 0.010742 0.034180
0 0.034668 0.425293 0.020508 0.083008
0 0.098877 0.388184 0.006348 0.018555
0 0.113525 0.415039 0.006348 0.054688
0 0.122070 0.408203 0.014648 0.054688
0 0.106934 0.419922 0.013672 0.083984
0 0.091309 0.444336 0.023438 0.136719
0 0.056396 0.437500 0.020996 0.154297
1 0.169434 0.465332 0.110352 0.153320
2 0.367676 0.458496 0.015625 0.026367
2 0.011719 0.438477 0.017578 0.048828