0 0.524658 0.386719 0.008301 0.048828
0 0.944580 0.380859 0.030762 0.044922
0 0.520752 0.379883 0.006348 0.033203
0 0.520752 0.414551 0.009277 0.065430
0 0.365234 0.413574 0.015625 0.079102
0 0.743408 0.402344 0.011230 0.037109
0 0.727539 0.395508 0.005859 0.046875
0 0.718994 0.397461 0.007324 0.041016
0 0.680664 0.397461 0.006836 0.037109
0 0.674316 0.397949 0.004883 0.038086
0 0.660645 0.396973 0.005859 0.036133
0 0.656006 0.392090 0.010254 0.024414
0 0.642578 0.401367 0.012695 0.037109
0 0.532715 0.379395 0.008789 0.018555
0 0.482178 0.427734 0.017090 0.123047
0 0.531494 0.400391 0.011230 0.046875
0 0.447998 0.458496 0.030762 0.194336
0 0.426025 0.467285 0.021973 0.206055
0 0.348633 0.435059 0.032227 0.094727
0 0.340332 0.436035 0.023438 0.096680
0 0.234863 0.381836 0.012695 0.064453
0 0.220947 0.417969 0.017090 0.113281
0 0.196533 0.378418 0.008301 0.024414
0 0.148682 0.439453 0.022949 0.076172
0 0.068359 0.414062 0.018555 0.126953
0 0.912354 0.371094 0.006348 0.023438
0 0.918457 0.386230 0.007812 0.040039
0 0.581543 0.421875 0.009766 0.101562
0 0.594971 0.422363 0.021973 0.108398
0 0.347412 0.417969 0.013184 0.029297
0 0.232666 0.372559 0.009277 0.038086
0 0.252686 0.478027 0.051270 0.288086
0 0.173584 0.375977 0.009277 0.023438
0 0.190674 0.483887 0.047363 0.291992
0 0.684814 0.397461 0.009277 0.037109
0 0.669922 0.393066 0.006836 0.047852
1 0.762695 0.408691 0.018555 0.016602