0 0.957275 0.438477 0.060059 0.259766
1 0.396973 0.427734 0.022461 0.021484
1 0.161865 0.472168 0.034668 0.045898
1 0.086426 0.439453 0.014648 0.017578
1 0.104004 0.446289 0.020508 0.017578
1 0.124023 0.447754 0.027344 0.014648
1 0.082764 0.464844 0.023926 0.039062
1 0.107666 0.466797 0.034668 0.037109
1 0.126465 0.480957 0.043945 0.051758
1 0.072021 0.579590 0.138184 0.321289
1 0.480225 0.443848 0.022949 0.038086
1 0.547607 0.435547 0.020020 0.031250
1 0.562012 0.442383 0.027344 0.044922
1 0.592529 0.452148 0.047363 0.080078
1 0.895508 0.425781 0.022461 0.048828
1 0.815674 0.512207 0.218262 0.258789
1 0.647705 0.464355 0.081543 0.122070
1 0.518311 0.456543 0.049316 0.084961