0 0.581055 0.431152 0.006836 0.020508
0 0.604492 0.424805 0.005859 0.011719
1 0.684326 0.417480 0.013184 0.014648
1 0.673340 0.424805 0.007812 0.009766
1 0.669434 0.434082 0.007812 0.026367
1 0.681885 0.435059 0.020020 0.030273
1 0.660156 0.434082 0.014648 0.036133
1 0.638916 0.445801 0.010254 0.040039
1 0.633545 0.447754 0.016113 0.038086
1 0.626221 0.453613 0.022949 0.045898
1 0.548584 0.466797 0.036621 0.050781
1 0.596924 0.434570 0.024902 0.013672
1 0.597168 0.496094 0.075195 0.109375
1 0.434082 0.480469 0.057617 0.078125
1 0.417969 0.487793 0.041016 0.084961
1 0.379150 0.489258 0.070801 0.089844
1 0.369141 0.497559 0.050781 0.092773
1 0.334717 0.498047 0.062012 0.105469
1 0.282959 0.499512 0.072754 0.104492
1 0.226318 0.505859 0.166504 0.099609
1 0.080566 0.538574 0.128906 0.200195
1 0.742676 0.463867 0.117188 0.136719
1 0.762939 0.478027 0.113770 0.141602
1 0.815674 0.500000 0.141113 0.246094
1 0.907471 0.517578 0.179199 0.335938
1 0.956543 0.552246 0.081055 0.379883
2 0.658691 0.469727 0.004883 0.037109
2 0.649414 0.482910 0.005859 0.045898