1 0.428223 0.454590 0.012695 0.045898
1 0.432861 0.457520 0.015137 0.053711
1 0.445801 0.457520 0.023438 0.057617
1 0.455078 0.459473 0.016602 0.061523
1 0.463379 0.462891 0.019531 0.068359
1 0.487305 0.463379 0.049805 0.086914
1 0.500977 0.471191 0.037109 0.084961
1 0.529297 0.475586 0.053711 0.099609
1 0.572266 0.480469 0.074219 0.128906
1 0.642578 0.489258 0.130859 0.166016
1 0.767334 0.519043 0.193848 0.225586
1 0.898193 0.572754 0.197754 0.385742
1 0.345947 0.454102 0.027832 0.044922
1 0.294434 0.458984 0.039062 0.058594