1 0.596680 0.473633 0.023438 0.027344
1 0.527588 0.491699 0.026855 0.038086
1 0.566406 0.487793 0.021484 0.030273
1 0.460205 0.498047 0.038574 0.064453
1 0.433350 0.504395 0.019043 0.038086
1 0.425293 0.505859 0.006836 0.042969
1 0.417969 0.504883 0.016602 0.048828
1 0.407227 0.503906 0.016602 0.054688
1 0.394043 0.504883 0.021484 0.060547
1 0.377197 0.508789 0.040527 0.066406
1 0.326416 0.502930 0.061035 0.117188
1 0.293701 0.522949 0.083496 0.110352
1 0.213135 0.545898 0.090332 0.169922
1 0.117676 0.561035 0.134766 0.225586
1 0.039795 0.579102 0.073730 0.224609