0 0.867432 0.413086 0.010254 0.068359
0 0.840088 0.420410 0.013184 0.083008
0 0.820557 0.423340 0.008301 0.079102
0 0.827637 0.434082 0.024414 0.110352
0 0.800049 0.431152 0.018066 0.108398
0 0.652344 0.401367 0.008789 0.015625
0 0.454834 0.410645 0.009277 0.014648
0 0.300781 0.418945 0.009766 0.029297
0 0.635986 0.406738 0.011230 0.022461
0 0.286621 0.419922 0.018555 0.062500
0 0.247314 0.447754 0.022949 0.104492
0 0.206543 0.452148 0.020508 0.101562
0 0.093018 0.442871 0.025879 0.137695
0 0.529053 0.490723 0.025879 0.168945
0 0.394775 0.414551 0.019043 0.028320
0 0.505371 0.484375 0.024414 0.169922
0 0.911377 0.404785 0.012207 0.053711
0 0.099365 0.455078 0.038574 0.173828
1 0.592285 0.422363 0.021484 0.024414
1 0.553955 0.471191 0.087402 0.151367
1 0.688477 0.416504 0.031250 0.049805
1 0.696777 0.435059 0.011719 0.032227
1 0.667725 0.428223 0.049316 0.047852
1 0.635742 0.434570 0.059570 0.052734
1 0.617920 0.416016 0.040527 0.015625
1 0.621582 0.466797 0.069336 0.089844
1 0.496826 0.428711 0.042480 0.029297
1 0.476562 0.433594 0.042969 0.037109
1 0.486572 0.461914 0.016113 0.042969
1 0.439209 0.461426 0.082520 0.090820
1 0.409424 0.463379 0.072754 0.096680
1 0.339600 0.460449 0.128418 0.100586
2 0.278320 0.473145 0.065430 0.075195
2 0.257080 0.467285 0.065918 0.086914