0 0.537109 0.422852 0.008789 0.052734
1 0.530273 0.424316 0.008789 0.040039
1 0.502930 0.407227 0.047852 0.050781
1 0.570068 0.437500 0.014160 0.066406
1 0.593506 0.434082 0.051270 0.086914
1 0.598633 0.441406 0.046875 0.093750
1 0.641602 0.442383 0.071289 0.103516
1 0.718750 0.465820 0.085938 0.179688
1 0.780273 0.475098 0.105469 0.262695
1 0.896729 0.458496 0.200684 0.563477
1 0.523193 0.434082 0.007324 0.022461
1 0.454346 0.419922 0.014160 0.019531
1 0.487305 0.455078 0.077148 0.128906
1 0.446533 0.447266 0.007324 0.052734
1 0.418457 0.429199 0.053711 0.106445
1 0.318604 0.444824 0.031738 0.061523
1 0.373779 0.457520 0.088379 0.133789
1 0.267090 0.439453 0.082031 0.117188
1 0.027100 0.528809 0.048340 0.282227