0 0.833496 0.435547 0.013672 0.060547
0 0.844238 0.445801 0.005859 0.030273
0 0.053711 0.492676 0.023438 0.124023
0 0.370117 0.443359 0.011719 0.039062
0 0.159180 0.485840 0.019531 0.100586
0 0.037842 0.495117 0.024902 0.134766
0 0.226807 0.477539 0.020996 0.083984
1 0.533203 0.453613 0.025391 0.036133
1 0.755127 0.446289 0.019043 0.041016
1 0.739502 0.450684 0.029785 0.040039
1 0.773193 0.451172 0.023926 0.046875
1 0.704346 0.447266 0.027832 0.039062
1 0.520508 0.455566 0.009766 0.038086
1 0.471924 0.455566 0.034668 0.045898
1 0.436768 0.458496 0.036621 0.051758
1 0.500977 0.458496 0.041016 0.049805
1 0.398193 0.462402 0.048340 0.051758
1 0.013428 0.528320 0.020996 0.156250
1 0.318604 0.480469 0.108887 0.130859
1 0.676025 0.445801 0.031738 0.049805
1 0.643066 0.455078 0.044922 0.060547
1 0.601318 0.451172 0.027832 0.023438
2 0.818604 0.443359 0.010254 0.039062
3 0.779297 0.458984 0.015625 0.037109
3 0.590820 0.454102 0.011719 0.025391