0 0.380859 0.387207 0.006836 0.028320
0 0.527588 0.417480 0.006348 0.041992
0 0.585449 0.427734 0.012695 0.054688
0 0.520508 0.395508 0.005859 0.023438
0 0.553955 0.413086 0.007324 0.042969
1 0.447021 0.339844 0.005371 0.009766
1 0.441406 0.353516 0.007812 0.011719
1 0.435303 0.369141 0.009277 0.017578
1 0.244141 0.455566 0.091797 0.112305
1 0.431885 0.373047 0.009277 0.015625
1 0.574951 0.421387 0.011230 0.034180
1 0.455811 0.318359 0.007324 0.011719
1 0.429932 0.377930 0.010254 0.017578
1 0.454834 0.355957 0.009277 0.018555
1 0.427490 0.381836 0.011230 0.019531
1 0.453369 0.363770 0.010254 0.014648
1 0.380127 0.427734 0.032715 0.050781
1 0.421143 0.388184 0.016113 0.024414
1 0.484131 0.387695 0.007324 0.023438
1 0.499268 0.451660 0.062012 0.098633
1 0.338867 0.437988 0.053711 0.071289
2 0.416504 0.395508 0.012695 0.019531
2 0.601074 0.436035 0.013672 0.038086