0 0.825439 0.378418 0.012207 0.026367
0 0.496094 0.413574 0.006836 0.026367
1 0.592529 0.392578 0.010254 0.015625
1 0.326416 0.462402 0.048340 0.098633
1 0.289307 0.472656 0.058105 0.132812
1 0.236816 0.483398 0.083984 0.171875
1 0.111572 0.493164 0.182129 0.259766
1 0.520752 0.435059 0.033691 0.047852
2 0.660156 0.421875 0.010742 0.033203
2 0.639893 0.423828 0.017090 0.029297
2 0.692627 0.422363 0.017090 0.024414
3 0.594482 0.439453 0.045410 0.076172
3 0.600098 0.448242 0.032227 0.066406
3 0.424072 0.425293 0.019043 0.030273