0 0.661621 0.462402 0.024414 0.166992
0 0.699707 0.460449 0.038086 0.163086
0 0.682617 0.463867 0.031250 0.167969
0 0.597168 0.453613 0.044922 0.166992
0 0.479004 0.420898 0.006836 0.017578
0 0.472900 0.422852 0.008301 0.044922
0 0.456543 0.412109 0.011719 0.029297
0 0.444092 0.406738 0.011230 0.030273
0 0.396973 0.439453 0.011719 0.134766
0 0.427734 0.434570 0.016602 0.150391
0 0.204346 0.399902 0.016113 0.055664
0 0.257812 0.399902 0.014648 0.032227
0 0.725098 0.446777 0.006836 0.051758
0 0.310791 0.405762 0.017090 0.045898
0 0.187500 0.401855 0.020508 0.057617
0 0.488281 0.412109 0.007812 0.023438
0 0.500977 0.401855 0.004883 0.010742
0 0.522705 0.400391 0.012207 0.013672
0 0.769775 0.460938 0.040527 0.185547
0 0.068115 0.413086 0.020996 0.089844
1 0.719727 0.445312 0.004883 0.041016
1 0.646484 0.444336 0.013672 0.027344
1 0.634766 0.445801 0.014648 0.028320
1 0.566650 0.437988 0.030762 0.061523
1 0.561523 0.441895 0.018555 0.059570
1 0.704590 0.448242 0.031250 0.076172
1 0.622559 0.446777 0.021484 0.028320
1 0.560059 0.449219 0.012695 0.056641
1 0.541992 0.444336 0.033203 0.080078
1 0.540771 0.449219 0.021973 0.078125
1 0.512451 0.451660 0.061035 0.088867
2 0.767090 0.473145 0.045898 0.067383