0 0.350830 0.421875 0.007324 0.013672
0 0.674072 0.412109 0.015137 0.117188
0 0.685547 0.405273 0.014648 0.126953
0 0.730469 0.418457 0.031250 0.174805
0 0.465576 0.425293 0.009277 0.036133
1 0.407959 0.416504 0.050293 0.045898
1 0.411865 0.421875 0.028809 0.044922
1 0.375977 0.432129 0.082031 0.053711
1 0.332031 0.444336 0.005859 0.037109
1 0.294434 0.437988 0.073242 0.083008
1 0.283447 0.435547 0.054199 0.060547
1 0.244385 0.451172 0.043457 0.103516
1 0.184082 0.455078 0.099609 0.125000
1 0.105225 0.464844 0.121582 0.119141
1 0.485107 0.430664 0.016113 0.031250
1 0.500244 0.427246 0.020020 0.034180
1 0.512695 0.425781 0.013672 0.035156
1 0.531738 0.423340 0.028320 0.040039
1 0.547607 0.422852 0.031738 0.041016
1 0.037354 0.487305 0.068848 0.169922
1 0.570557 0.423340 0.047363 0.041992
1 0.020508 0.523438 0.035156 0.105469
1 0.206299 0.478027 0.043457 0.079102
2 0.088623 0.467773 0.019043 0.076172
2 0.120850 0.482910 0.053223 0.077148
3 0.176758 0.470703 0.039062 0.130859