0 0.911621 0.397461 0.010742 0.015625
0 0.588623 0.416504 0.006348 0.014648
1 0.514404 0.424805 0.020020 0.023438
1 0.603760 0.411133 0.006348 0.009766
1 0.595703 0.417480 0.010742 0.010742
1 0.584961 0.417480 0.011719 0.014648
1 0.491699 0.424805 0.026367 0.054688
1 0.478760 0.432129 0.041504 0.059570
1 0.434326 0.433594 0.052246 0.085938
1 0.373291 0.438965 0.079590 0.112305
1 0.304443 0.456543 0.104980 0.176758
1 0.178711 0.473633 0.217773 0.255859
1 0.644287 0.443359 0.033691 0.056641
1 0.654785 0.447754 0.021484 0.063477
1 0.682861 0.455078 0.057129 0.093750
1 0.746826 0.397461 0.044434 0.011719
1 0.841797 0.450195 0.045898 0.076172
1 0.894775 0.469238 0.115723 0.125977
1 0.765381 0.499023 0.145996 0.199219