0 0.031738 0.435547 0.011719 0.060547
0 0.051025 0.427734 0.029785 0.144531
0 0.489014 0.426270 0.009277 0.020508
0 0.430664 0.411621 0.010742 0.018555
0 0.531250 0.420410 0.004883 0.012695
0 0.727539 0.442871 0.019531 0.090820
0 0.513428 0.429199 0.006348 0.024414
0 0.500488 0.426270 0.009766 0.024414
0 0.617188 0.456055 0.020508 0.107422
1 0.579102 0.441406 0.009766 0.033203
1 0.566406 0.441406 0.023438 0.042969
1 0.547607 0.446289 0.024902 0.042969
1 0.531738 0.449219 0.029297 0.044922
1 0.625732 0.435547 0.012207 0.031250
1 0.459473 0.455566 0.050781 0.084961
1 0.447021 0.461914 0.051270 0.082031
1 0.410156 0.471680 0.048828 0.119141
1 0.382812 0.478516 0.056641 0.144531
1 0.301514 0.474121 0.149902 0.237305
1 0.158447 0.517578 0.244629 0.304688
1 0.660400 0.456055 0.055176 0.113281
1 0.050049 0.658691 0.094238 0.290039
1 0.685059 0.465332 0.083984 0.135742
1 0.866455 0.484863 0.261230 0.399414
1 0.637939 0.409668 0.013184 0.018555