0 0.732910 0.375000 0.008789 0.083984
0 0.542969 0.410645 0.004883 0.032227
0 0.167480 0.430176 0.016602 0.094727
0 0.200684 0.401855 0.018555 0.055664
0 0.813477 0.422363 0.011719 0.061523
0 0.777832 0.415039 0.017578 0.123047
0 0.760254 0.412109 0.028320 0.134766
0 0.737793 0.416992 0.016602 0.126953
0 0.548096 0.412598 0.006348 0.034180
1 0.672852 0.386719 0.018555 0.009766
1 0.382080 0.429688 0.052246 0.083984
1 0.339600 0.437988 0.060059 0.088867
1 0.058838 0.480957 0.111816 0.200195
1 0.273926 0.444824 0.102539 0.100586
1 0.844482 0.400879 0.009277 0.022461
1 0.842529 0.409668 0.005371 0.016602
1 0.793213 0.410645 0.063965 0.092773
2 0.469238 0.423828 0.006836 0.017578
3 0.201172 0.440430 0.064453 0.095703