0 0.482178 0.424805 0.020996 0.158203
0 0.491211 0.439453 0.026367 0.142578
0 0.722412 0.371094 0.006348 0.021484
0 0.735840 0.393066 0.007812 0.049805
0 0.726318 0.405762 0.016113 0.081055
0 0.809082 0.378906 0.011719 0.037109
0 0.794434 0.385254 0.015625 0.045898
0 0.799316 0.386230 0.016602 0.038086
0 0.814697 0.390625 0.013184 0.025391
0 0.890869 0.396484 0.010254 0.015625
0 0.750244 0.406738 0.013184 0.075195
1 0.590820 0.362793 0.016602 0.020508
1 0.578613 0.360840 0.012695 0.022461
1 0.567627 0.362793 0.014160 0.020508
1 0.557129 0.364258 0.013672 0.021484
1 0.525146 0.366211 0.017090 0.025391
1 0.540771 0.369141 0.021973 0.027344
1 0.509521 0.369141 0.015137 0.025391
1 0.498535 0.370605 0.015625 0.026367
1 0.465820 0.374023 0.023438 0.029297
1 0.605957 0.361816 0.016602 0.010742
1 0.740967 0.349121 0.027832 0.024414
1 0.598633 0.384766 0.037109 0.035156
1 0.607422 0.380371 0.034180 0.020508
1 0.609375 0.389160 0.040039 0.032227
1 0.617432 0.389160 0.031738 0.030273
1 0.619629 0.397949 0.023438 0.034180
1 0.652588 0.381836 0.048340 0.021484
1 0.851074 0.480469 0.177734 0.154297
1 0.874512 0.481934 0.127930 0.153320
1 0.947266 0.512207 0.099609 0.208008
1 0.969971 0.581055 0.054199 0.173828
1 0.430664 0.377930 0.018555 0.033203
1 0.413574 0.379883 0.026367 0.037109
1 0.392822 0.381348 0.023926 0.038086
1 0.377441 0.383789 0.027344 0.039062
1 0.356934 0.378418 0.027344 0.024414
1 0.327637 0.371094 0.033203 0.013672
1 0.361816 0.433105 0.138672 0.110352
1 0.287842 0.454102 0.111816 0.146484
1 0.666992 0.500977 0.147461 0.218750
1 0.222412 0.446777 0.218262 0.155273
1 0.202637 0.496582 0.169922 0.227539
1 0.081543 0.513184 0.157227 0.309570