0 0.636963 0.411133 0.010254 0.042969
0 0.646729 0.405762 0.009277 0.030273
0 0.925293 0.349121 0.010742 0.018555
0 0.958496 0.338379 0.020508 0.038086
0 0.976074 0.338379 0.022461 0.028320
0 0.359375 0.436035 0.009766 0.036133
1 0.387451 0.367188 0.008301 0.015625
1 0.378418 0.369141 0.014648 0.019531
1 0.366455 0.375000 0.009277 0.015625
1 0.359863 0.376953 0.013672 0.015625
1 0.360596 0.387695 0.012207 0.015625
1 0.384277 0.384766 0.005859 0.015625
1 0.388916 0.405762 0.017090 0.026367
1 0.473633 0.427734 0.049805 0.044922
1 0.375244 0.387207 0.012207 0.016602
1 0.594727 0.423828 0.050781 0.068359
1 0.646484 0.453125 0.029297 0.099609
1 0.699951 0.441895 0.102051 0.159180
1 0.741211 0.454102 0.114258 0.167969
1 0.792725 0.462402 0.055176 0.186523
1 0.863525 0.472656 0.154785 0.234375
1 0.935303 0.493164 0.123535 0.281250
1 0.525391 0.426758 0.057617 0.046875
1 0.407227 0.430176 0.025391 0.043945
1 0.430664 0.429199 0.045898 0.045898
2 0.555664 0.427246 0.015625 0.030273