0 0.540527 0.414062 0.004883 0.019531
0 0.680176 0.431152 0.029297 0.143555
1 0.416260 0.419922 0.013184 0.019531
1 0.403320 0.416016 0.021484 0.027344
1 0.389893 0.422363 0.017090 0.036133
1 0.373779 0.423340 0.023926 0.040039
1 0.369385 0.429199 0.013184 0.043945
1 0.350342 0.424805 0.034668 0.044922
1 0.343018 0.414062 0.020996 0.019531
1 0.342041 0.434082 0.037598 0.049805
1 0.276611 0.410156 0.096191 0.111328
1 0.268066 0.442871 0.031250 0.073242
1 0.216797 0.438477 0.091797 0.083984
1 0.159180 0.448730 0.105469 0.104492
1 0.113770 0.461914 0.104492 0.103516
1 0.472900 0.426758 0.006348 0.027344
1 0.478516 0.422363 0.014648 0.026367
1 0.456299 0.426270 0.030762 0.051758
1 0.033203 0.452148 0.060547 0.207031