0 0.915039 0.450684 0.075195 0.264648
0 0.264893 0.473633 0.016113 0.083984
0 0.382080 0.463379 0.011230 0.049805
0 0.397461 0.468750 0.007812 0.037109
1 0.460938 0.467773 0.013672 0.023438
1 0.431641 0.472168 0.012695 0.026367
1 0.422607 0.473633 0.017090 0.025391
1 0.520264 0.462402 0.008301 0.028320
1 0.536865 0.451660 0.015137 0.053711
1 0.543213 0.451660 0.011230 0.057617
1 0.565674 0.441406 0.037598 0.087891
1 0.572998 0.455078 0.025879 0.089844
1 0.589111 0.454590 0.028809 0.106445
1 0.620361 0.457031 0.068848 0.128906
1 0.649170 0.458496 0.047363 0.135742
1 0.701416 0.475586 0.112793 0.207031
1 0.802979 0.498047 0.200684 0.263672