0 0.402588 0.399902 0.011230 0.040039
0 0.411377 0.422363 0.009277 0.065430
0 0.194824 0.421875 0.029297 0.164062
0 0.689453 0.425781 0.014648 0.083984
0 0.740479 0.444336 0.041504 0.224609
0 0.377441 0.392578 0.006836 0.009766
0 0.835693 0.444824 0.028809 0.219727
0 0.827637 0.449707 0.051758 0.237305
1 0.555664 0.425293 0.016602 0.038086
1 0.560303 0.425781 0.017090 0.037109
1 0.572266 0.416016 0.029297 0.015625
1 0.456787 0.418457 0.016113 0.028320
1 0.450439 0.425781 0.006348 0.035156
1 0.442383 0.425293 0.017578 0.041992
1 0.426514 0.426270 0.022949 0.051758
1 0.418701 0.429199 0.022949 0.045898
1 0.381836 0.431152 0.052734 0.067383
1 0.484863 0.425781 0.038086 0.058594
2 0.458984 0.423828 0.011719 0.023438
2 0.378418 0.449707 0.013672 0.069336
2 0.648193 0.434570 0.010254 0.031250
2 0.620850 0.430176 0.008301 0.026367
2 0.344482 0.467285 0.023926 0.084961
3 0.573730 0.430176 0.011719 0.045898
3 0.597656 0.430664 0.016602 0.048828