0 0.573730 0.435059 0.009766 0.063477
1 0.575928 0.422363 0.011230 0.026367
1 0.684326 0.384766 0.011230 0.021484
1 0.694824 0.390625 0.010742 0.023438
1 0.647217 0.388672 0.005371 0.025391
1 0.672607 0.397461 0.010254 0.011719
1 0.715332 0.408691 0.016602 0.028320
1 0.723389 0.414062 0.017090 0.027344
1 0.732666 0.419922 0.018066 0.031250
1 0.745361 0.425781 0.019043 0.035156
1 0.676025 0.410156 0.018066 0.029297
1 0.683838 0.418457 0.019043 0.032227
1 0.694336 0.443359 0.031250 0.039062
1 0.776855 0.459473 0.053711 0.086914
1 0.821533 0.432129 0.084473 0.172852