1 0.636963 0.388184 0.022949 0.038086
1 0.619873 0.386230 0.020020 0.032227
1 0.427002 0.382324 0.039551 0.083008
1 0.389893 0.392090 0.043457 0.079102
1 0.349609 0.414062 0.079102 0.103516
1 0.456787 0.413086 0.069824 0.097656
1 0.270020 0.448730 0.104492 0.157227
1 0.140869 0.477051 0.161621 0.307617
1 0.052246 0.537109 0.098633 0.408203
1 0.593506 0.385742 0.020020 0.046875
1 0.563965 0.382812 0.043945 0.050781
1 0.704346 0.484863 0.137207 0.221680
1 0.814697 0.537109 0.213379 0.335938
1 0.917236 0.540527 0.159668 0.549805