0 0.688232 0.451172 0.011230 0.041016
1 0.656006 0.439941 0.005371 0.024414
1 0.649414 0.439453 0.011719 0.023438
1 0.634521 0.435059 0.005371 0.016602
1 0.630615 0.442383 0.011230 0.031250
1 0.618164 0.442383 0.016602 0.035156
1 0.607422 0.445312 0.023438 0.033203
1 0.572998 0.452148 0.022949 0.046875
1 0.560791 0.453125 0.014160 0.048828
1 0.541260 0.454590 0.041504 0.055664
1 0.512207 0.459473 0.025391 0.069336
1 0.480469 0.457031 0.047852 0.093750
1 0.454102 0.468262 0.064453 0.094727
1 0.363770 0.470215 0.062500 0.124023
1 0.322998 0.479980 0.059082 0.149414
1 0.234619 0.487793 0.149902 0.208008
1 0.695068 0.450195 0.013184 0.035156
1 0.673828 0.452637 0.022461 0.040039
2 0.678223 0.463379 0.024414 0.024414
2 0.942871 0.707031 0.108398 0.240234