0 0.491699 0.412109 0.006836 0.029297
0 0.455322 0.417969 0.008301 0.027344
0 0.447754 0.416992 0.006836 0.033203
0 0.438477 0.418945 0.004883 0.019531
0 0.432129 0.420898 0.008789 0.031250
0 0.329834 0.423340 0.010254 0.055664
1 0.660400 0.396973 0.008301 0.022461
1 0.661133 0.431152 0.009766 0.047852
1 0.698975 0.425781 0.071777 0.076172
1 0.709473 0.427246 0.044922 0.043945
1 0.719727 0.439453 0.025391 0.066406
1 0.720703 0.437988 0.022461 0.059570
1 0.784912 0.429199 0.112793 0.118164
1 0.803955 0.432617 0.072754 0.066406
1 0.841797 0.458496 0.056641 0.124023
1 0.917969 0.457520 0.158203 0.143555
1 0.560059 0.405762 0.006836 0.020508
1 0.553955 0.406738 0.009277 0.022461
1 0.543945 0.407227 0.016602 0.023438
1 0.526123 0.412598 0.015137 0.026367
1 0.515137 0.416504 0.019531 0.026367
1 0.355225 0.423340 0.011230 0.018555
1 0.153320 0.473633 0.137695 0.156250
2 0.446045 0.435547 0.022949 0.033203
2 0.010986 0.546875 0.016113 0.126953