0 0.661621 0.438965 0.016602 0.166992
0 0.073242 0.438965 0.004883 0.028320
0 0.080811 0.437500 0.007324 0.027344
0 0.094482 0.437012 0.006348 0.030273
0 0.219238 0.437988 0.009766 0.057617
0 0.226318 0.437988 0.014160 0.057617
0 0.532959 0.439453 0.017090 0.109375
0 0.515625 0.437988 0.020508 0.116211
0 0.646973 0.443848 0.034180 0.166992
0 0.361572 0.446289 0.010254 0.095703
0 0.866455 0.437988 0.047363 0.227539
0 0.897217 0.407227 0.018066 0.126953
0 0.912598 0.409668 0.033203 0.147461
0 0.937012 0.439453 0.019531 0.064453
0 0.281494 0.443359 0.009277 0.074219
1 0.117188 0.453125 0.045898 0.076172
1 0.149658 0.464355 0.057129 0.073242
1 0.165039 0.463867 0.066406 0.087891
2 0.821045 0.497070 0.097168 0.191406
2 0.432861 0.469238 0.040527 0.077148
3 0.727783 0.492676 0.109863 0.139648