0 0.728516 0.458984 0.006836 0.035156
0 0.739258 0.465332 0.005859 0.028320
0 0.819092 0.488770 0.009277 0.139648
0 0.851562 0.475586 0.010742 0.107422
0 0.811279 0.497559 0.017090 0.202148
0 0.836670 0.494629 0.037598 0.209961
0 0.784180 0.520020 0.100586 0.348633
0 0.762451 0.539062 0.091309 0.369141
0 0.877441 0.537109 0.072266 0.376953
0 0.934570 0.509277 0.045898 0.194336
0 0.977539 0.500000 0.039062 0.230469
0 0.472168 0.475586 0.022461 0.121094
0 0.320068 0.479004 0.021973 0.153320
0 0.332031 0.482422 0.029297 0.152344
0 0.296631 0.472656 0.028809 0.173828
1 0.654297 0.499512 0.081055 0.114258
2 0.532227 0.512207 0.026367 0.086914
2 0.008301 0.477539 0.010742 0.050781
3 0.936523 0.518066 0.046875 0.104492