0 0.377197 0.436035 0.007324 0.045898
0 0.187256 0.388672 0.033691 0.062500
0 0.122559 0.423340 0.038086 0.145508
0 0.112061 0.449219 0.041504 0.130859
0 0.361328 0.435547 0.005859 0.029297
0 0.366699 0.429199 0.004883 0.020508
0 0.370117 0.441406 0.009766 0.035156
0 0.343506 0.425781 0.005371 0.023438
0 0.327148 0.443359 0.008789 0.048828
1 0.208252 0.510742 0.161621 0.191406
1 0.078613 0.639160 0.151367 0.555664
1 0.402100 0.442871 0.042480 0.071289
2 0.448730 0.449707 0.015625 0.049805
2 0.338867 0.456055 0.010742 0.048828
3 0.425049 0.434570 0.011230 0.033203