1 0.516846 0.346680 0.021973 0.029297
1 0.187256 0.378906 0.020020 0.017578
1 0.327393 0.368652 0.030762 0.024414
1 0.353027 0.368652 0.023438 0.016602
1 0.498535 0.382812 0.015625 0.023438
1 0.491699 0.387695 0.012695 0.017578
1 0.489258 0.395508 0.016602 0.025391
1 0.457031 0.341797 0.010742 0.013672
1 0.470703 0.362793 0.021484 0.018555
1 0.441650 0.368652 0.018066 0.022461
1 0.467529 0.412109 0.015137 0.033203
1 0.433594 0.440430 0.081055 0.125000
1 0.545166 0.516602 0.149902 0.265625
1 0.117432 0.374023 0.024902 0.017578
1 0.064697 0.382812 0.044434 0.031250
1 0.095215 0.404297 0.045898 0.044922
1 0.069092 0.407227 0.053223 0.041016
1 0.036865 0.398926 0.067871 0.051758
1 0.395752 0.389648 0.013184 0.021484
1 0.385986 0.397461 0.017090 0.031250
1 0.381592 0.402344 0.013184 0.027344
1 0.355225 0.423828 0.051270 0.095703
1 0.304199 0.431152 0.073242 0.114258
1 0.214844 0.467773 0.133789 0.177734
2 0.488525 0.404785 0.009277 0.030273