0 0.132812 0.380371 0.026367 0.073242
0 0.093750 0.400879 0.007812 0.032227
0 0.108154 0.374512 0.028809 0.092773
0 0.038086 0.366699 0.030273 0.094727
0 0.549072 0.430176 0.023926 0.202148
0 0.536865 0.438477 0.029785 0.195312
0 0.594727 0.419922 0.037109 0.208984
0 0.296143 0.443848 0.026855 0.124023
1 0.305420 0.416016 0.013184 0.019531
1 0.281006 0.400391 0.008301 0.011719
1 0.280762 0.416504 0.006836 0.018555
1 0.268311 0.411621 0.017090 0.034180
1 0.266113 0.420898 0.011719 0.019531
1 0.154053 0.402344 0.010254 0.011719
1 0.072510 0.411133 0.037598 0.017578
1 0.209229 0.469727 0.135254 0.187500
1 0.383789 0.474609 0.130859 0.203125