0 0.465332 0.358398 0.004883 0.009766
1 0.490234 0.361816 0.010742 0.016602
1 0.484375 0.364746 0.008789 0.014648
1 0.477295 0.366699 0.009277 0.018555
1 0.472656 0.368652 0.008789 0.018555
1 0.470215 0.370605 0.009766 0.016602
1 0.463379 0.372070 0.013672 0.015625
1 0.460449 0.374512 0.010742 0.012695
1 0.419434 0.399902 0.008789 0.041992
1 0.408691 0.401367 0.020508 0.050781
1 0.385498 0.403809 0.031738 0.069336
1 0.370605 0.414062 0.032227 0.058594
1 0.544434 0.372559 0.013672 0.020508
1 0.454102 0.377930 0.012695 0.015625
1 0.572021 0.397949 0.024902 0.049805
1 0.574219 0.402832 0.018555 0.047852
1 0.576416 0.407715 0.012207 0.047852
1 0.344482 0.421387 0.035645 0.067383
1 0.468018 0.400391 0.020996 0.037109
1 0.588623 0.404297 0.022949 0.074219
1 0.447998 0.378906 0.014160 0.009766
1 0.634277 0.399414 0.077148 0.162109
1 0.659912 0.437012 0.066895 0.116211
1 0.698975 0.457520 0.092285 0.151367
1 0.550049 0.379395 0.016113 0.026367
1 0.553467 0.379883 0.015137 0.019531
1 0.314941 0.429199 0.058594 0.079102
1 0.807129 0.479492 0.170898 0.236328
1 0.054443 0.476074 0.103027 0.221680
1 0.445557 0.414551 0.038574 0.059570
2 0.125977 0.478516 0.058594 0.097656
2 0.272949 0.435059 0.049805 0.067383