0 0.536377 0.442383 0.010254 0.042969
1 0.479004 0.440918 0.021484 0.024414
1 0.550049 0.446289 0.009277 0.009766
1 0.541992 0.445312 0.007812 0.011719
1 0.526123 0.443848 0.013184 0.016602
1 0.568604 0.435059 0.013184 0.012695
1 0.581299 0.439453 0.019043 0.029297
1 0.702393 0.471191 0.080566 0.124023
1 0.796875 0.490723 0.148438 0.192383
1 0.945801 0.532227 0.102539 0.287109
1 0.463867 0.444824 0.011719 0.032227
1 0.454590 0.438965 0.011719 0.020508
1 0.430664 0.440430 0.030273 0.050781
1 0.389893 0.452637 0.044434 0.061523
1 0.311523 0.464355 0.085938 0.100586