0 0.850586 0.559570 0.010742 0.019531
0 0.768066 0.494629 0.021484 0.155273
0 0.779785 0.482910 0.032227 0.180664
0 0.131348 0.493652 0.029297 0.245117
0 0.685059 0.477051 0.060547 0.274414
0 0.344482 0.486328 0.035645 0.232422
0 0.318848 0.495117 0.034180 0.222656
0 0.520996 0.476074 0.042969 0.266602
0 0.456543 0.478516 0.045898 0.251953
0 0.497803 0.466309 0.056152 0.299805
0 0.398438 0.478027 0.048828 0.254883
0 0.404053 0.478516 0.041504 0.259766
0 0.603271 0.475586 0.056152 0.294922
1 0.963867 0.447266 0.066406 0.244141
1 0.635010 0.498535 0.301270 0.206055
1 0.129883 0.517578 0.253906 0.222656
1 0.992188 0.707520 0.009766 0.180664
2 0.156982 0.606934 0.012207 0.012695