0 0.748779 0.430664 0.009277 0.023438
1 0.077393 0.401855 0.016113 0.018555
1 0.048828 0.417480 0.065430 0.036133
1 0.042236 0.424316 0.052246 0.036133
1 0.042725 0.437988 0.027832 0.022461
1 0.017090 0.425293 0.028320 0.043945
1 0.321045 0.423828 0.020996 0.021484
1 0.361328 0.424316 0.010742 0.016602
1 0.368896 0.430176 0.014160 0.024414
1 0.378174 0.426758 0.013184 0.015625
1 0.391602 0.437012 0.044922 0.036133
1 0.355713 0.432129 0.011230 0.024414
1 0.474854 0.436523 0.036621 0.054688
1 0.510742 0.437988 0.016602 0.047852
1 0.521240 0.441895 0.019043 0.047852
2 0.615967 0.448730 0.032715 0.049805
3 0.670410 0.478027 0.039062 0.108398