1 0.473389 0.415527 0.012207 0.022461
1 0.515381 0.429688 0.010254 0.031250
1 0.530029 0.439453 0.012207 0.064453
1 0.533691 0.442871 0.012695 0.073242
1 0.546875 0.443848 0.036133 0.079102
1 0.559570 0.453125 0.026367 0.097656
1 0.570801 0.462891 0.035156 0.123047
1 0.595215 0.468262 0.050781 0.157227
1 0.645752 0.477539 0.096191 0.199219
1 0.756592 0.526855 0.233887 0.290039
1 0.500488 0.432129 0.028320 0.045898
1 0.449707 0.442383 0.047852 0.072266
1 0.412598 0.441406 0.019531 0.052734
1 0.398682 0.442383 0.020996 0.070312
1 0.374268 0.448242 0.043457 0.078125
1 0.346924 0.457031 0.018066 0.105469
1 0.311523 0.460449 0.077148 0.141602
1 0.283203 0.481445 0.044922 0.158203
1 0.210205 0.484863 0.128418 0.239258
1 0.093506 0.536133 0.181152 0.312500