0 0.840576 0.429688 0.020020 0.179688
0 0.856689 0.465820 0.008301 0.105469
0 0.861084 0.427246 0.014160 0.180664
0 0.800049 0.431641 0.029785 0.199219
0 0.825439 0.419922 0.036621 0.222656
1 0.056152 0.437988 0.043945 0.016602
1 0.041992 0.443848 0.037109 0.018555
1 0.009277 0.444336 0.012695 0.011719
1 0.010742 0.447754 0.009766 0.010742
1 0.009277 0.464844 0.012695 0.027344
1 0.032715 0.459473 0.017578 0.014648
1 0.195312 0.444336 0.010742 0.009766
1 0.176270 0.465820 0.041016 0.060547
1 0.253906 0.458984 0.037109 0.041016
1 0.114746 0.479492 0.051758 0.072266
1 0.058350 0.488770 0.085449 0.084961
1 0.445801 0.444336 0.063477 0.076172
1 0.523438 0.434570 0.036133 0.033203
1 0.642334 0.425781 0.022949 0.048828
1 0.629883 0.429199 0.035156 0.049805
1 0.617676 0.430176 0.038086 0.055664
1 0.763916 0.435059 0.012207 0.014648