0 0.637451 0.433594 0.010254 0.080078
0 0.621582 0.432617 0.009766 0.082031
0 0.628906 0.431641 0.015625 0.085938
1 0.694580 0.408691 0.036621 0.024414
1 0.344727 0.415039 0.025391 0.025391
1 0.371094 0.416504 0.031250 0.030273
1 0.149902 0.461426 0.084961 0.118164
1 0.065674 0.471680 0.125488 0.148438
1 0.015625 0.500000 0.025391 0.132812
2 0.234619 0.452637 0.028809 0.063477
2 0.224609 0.450684 0.029297 0.069336
2 0.207520 0.453613 0.036133 0.055664
2 0.265381 0.447754 0.015137 0.051758
3 0.276611 0.447266 0.015137 0.058594