0 0.480469 0.416016 0.005859 0.015625
0 0.473877 0.435059 0.011230 0.045898
0 0.339355 0.423340 0.014648 0.018555
0 0.215576 0.425781 0.025879 0.072266
0 0.239990 0.469727 0.020996 0.130859
1 0.508789 0.428223 0.008789 0.018555
1 0.544189 0.413086 0.006348 0.013672
1 0.518799 0.422363 0.011230 0.012695
1 0.460449 0.437500 0.018555 0.025391
1 0.580811 0.433594 0.028809 0.039062
1 0.426270 0.439941 0.050781 0.051758
1 0.359619 0.509766 0.127441 0.175781
1 0.602783 0.465820 0.020020 0.076172
1 0.612305 0.469238 0.025391 0.092773
1 0.632568 0.467285 0.037598 0.108398
1 0.656494 0.481445 0.071777 0.146484
1 0.706787 0.503906 0.084473 0.226562
1 0.827148 0.548828 0.240234 0.363281
1 0.930176 0.645020 0.133789 0.530273
1 0.498535 0.431152 0.019531 0.022461
1 0.500488 0.434570 0.009766 0.019531
1 0.492920 0.436035 0.011230 0.022461
1 0.485596 0.436035 0.012207 0.022461
1 0.480225 0.436035 0.008301 0.020508
2 0.145020 0.518555 0.070312 0.208984