0 0.665527 0.407715 0.006836 0.038086
0 0.585205 0.420410 0.005371 0.034180
0 0.589355 0.422363 0.007812 0.032227
0 0.574219 0.421387 0.006836 0.034180
0 0.541992 0.418945 0.008789 0.056641
0 0.530029 0.418945 0.008301 0.044922
0 0.504883 0.410645 0.008789 0.034180
0 0.078857 0.413086 0.020996 0.050781
0 0.106689 0.394043 0.014160 0.028320
1 0.721924 0.410645 0.085449 0.079102
1 0.711914 0.404297 0.028320 0.017578
1 0.715820 0.432129 0.053711 0.077148
1 0.726074 0.439941 0.032227 0.090820
1 0.761719 0.444824 0.075195 0.122070
1 0.778809 0.455078 0.029297 0.117188
1 0.773926 0.470215 0.017578 0.088867
1 0.855469 0.468262 0.164062 0.213867
1 0.878906 0.475098 0.087891 0.254883
1 0.913086 0.503418 0.143555 0.268555
1 0.973877 0.507812 0.046387 0.339844
1 0.614502 0.421387 0.040527 0.059570
1 0.487793 0.433594 0.028320 0.060547
1 0.440674 0.430664 0.066895 0.070312
1 0.449463 0.430664 0.066895 0.080078
1 0.435303 0.440918 0.054199 0.073242
1 0.393799 0.449707 0.049316 0.116211
1 0.340576 0.457031 0.079590 0.144531
1 0.277344 0.484375 0.116211 0.162109
1 0.146484 0.512695 0.181641 0.220703
1 0.035156 0.528320 0.064453 0.306641
2 0.490967 0.452637 0.019043 0.069336
2 0.439453 0.452637 0.045898 0.065430