0 0.989014 0.312500 0.011230 0.056641
0 0.861084 0.373535 0.006348 0.049805
0 0.916992 0.362305 0.013672 0.091797
0 0.149170 0.421387 0.011230 0.071289
0 0.506592 0.399902 0.008301 0.038086
1 0.411865 0.405762 0.034668 0.041992
1 0.495850 0.403809 0.019043 0.032227
1 0.721436 0.369629 0.014160 0.018555
1 0.713135 0.368164 0.024902 0.021484
1 0.485352 0.405273 0.020508 0.035156
1 0.471924 0.403320 0.029785 0.033203
1 0.440918 0.406738 0.038086 0.041992
1 0.262939 0.405273 0.236816 0.187500
1 0.616455 0.526367 0.231934 0.371094
2 0.801758 0.377441 0.018555 0.024414
2 0.383789 0.419434 0.010742 0.036133