0 0.485107 0.422852 0.008301 0.042969
0 0.492920 0.421387 0.006348 0.034180
0 0.441650 0.430664 0.013184 0.058594
0 0.567627 0.442383 0.026855 0.093750
0 0.605469 0.432617 0.018555 0.107422
0 0.635010 0.448242 0.029785 0.140625
0 0.668213 0.437500 0.028809 0.160156
0 0.614746 0.433594 0.012695 0.101562
0 0.597168 0.459961 0.010742 0.046875
1 0.505859 0.454102 0.082031 0.056641
1 0.449463 0.458496 0.009277 0.041992
1 0.430176 0.456543 0.034180 0.094727
1 0.415039 0.462891 0.043945 0.109375
1 0.392334 0.471680 0.040527 0.130859
1 0.339844 0.483398 0.107422 0.166016
2 0.549316 0.444336 0.013672 0.044922