0 0.121094 0.412109 0.007812 0.019531
0 0.407471 0.414062 0.009277 0.035156
0 0.535645 0.415527 0.012695 0.067383
0 0.221191 0.422363 0.026367 0.110352
0 0.407471 0.407715 0.009277 0.049805
1 0.197266 0.416504 0.024414 0.041992
1 0.309570 0.453125 0.149414 0.214844
1 0.679443 0.351562 0.033691 0.044922
1 0.623535 0.427734 0.022461 0.080078
1 0.633789 0.426270 0.020508 0.084961
1 0.660400 0.437012 0.063965 0.127930
1 0.674805 0.454102 0.072266 0.162109
1 0.725342 0.470703 0.125488 0.199219
1 0.449951 0.391602 0.017090 0.029297
1 0.873535 0.524414 0.247070 0.451172
1 0.456787 0.395996 0.018066 0.026367
1 0.461914 0.399414 0.015625 0.023438
1 0.463135 0.403809 0.009277 0.024414
1 0.472412 0.403809 0.015137 0.028320
1 0.478760 0.405273 0.015137 0.027344
1 0.929688 0.639160 0.134766 0.534180