0 0.489746 0.414062 0.005859 0.017578
0 0.489014 0.425781 0.010254 0.041016
1 0.436279 0.437012 0.023926 0.032227
1 0.499023 0.439941 0.023438 0.040039
1 0.456055 0.437988 0.033203 0.034180
1 0.516846 0.441895 0.035645 0.041992
1 0.547119 0.443359 0.037598 0.048828
1 0.569580 0.443359 0.017090 0.060547
1 0.590088 0.443848 0.044434 0.067383
1 0.602539 0.456055 0.025391 0.080078
1 0.623291 0.456543 0.037598 0.104492
1 0.627686 0.466797 0.024902 0.105469
1 0.669922 0.457031 0.086914 0.162109
1 0.704590 0.495605 0.100586 0.211914
1 0.776855 0.538086 0.154297 0.312500
1 0.894531 0.592285 0.205078 0.645508
2 0.412842 0.441895 0.008301 0.045898
2 0.422607 0.468750 0.013184 0.066406