0 0.315918 0.406738 0.005859 0.036133
0 0.319580 0.407715 0.007324 0.030273
0 0.299805 0.415527 0.009766 0.045898
0 0.278320 0.427246 0.011719 0.049805
0 0.196533 0.445312 0.009277 0.126953
0 0.211426 0.451172 0.012695 0.111328
0 0.006348 0.432617 0.006836 0.023438
0 0.504150 0.404785 0.007324 0.020508
0 0.654541 0.448242 0.015137 0.126953
0 0.326660 0.400879 0.009766 0.020508
1 0.443359 0.385254 0.012695 0.016602
1 0.432861 0.386719 0.018066 0.017578
1 0.360840 0.403809 0.023438 0.040039
1 0.432861 0.388184 0.017090 0.014648
1 0.410400 0.400879 0.013184 0.024414
1 0.431641 0.406738 0.017578 0.026367
1 0.397461 0.401367 0.014648 0.017578
1 0.400879 0.420898 0.024414 0.037109
1 0.334961 0.435059 0.037109 0.061523
1 0.375000 0.400879 0.012695 0.024414
1 0.468262 0.384766 0.020508 0.037109
1 0.472656 0.408691 0.018555 0.028320
1 0.448242 0.419922 0.022461 0.041016
1 0.484863 0.435059 0.034180 0.059570
1 0.542236 0.477051 0.109863 0.196289
1 0.822754 0.466797 0.168945 0.232422
1 0.881592 0.488281 0.230957 0.259766
2 0.460938 0.461426 0.012695 0.047852
2 0.713135 0.476562 0.055176 0.105469