0 0.541992 0.412598 0.005859 0.036133
0 0.553711 0.429688 0.007812 0.050781
0 0.558105 0.431152 0.007812 0.053711
0 0.567871 0.418457 0.006836 0.034180
0 0.601074 0.418945 0.007812 0.035156
0 0.616943 0.432129 0.009277 0.053711
0 0.733398 0.437988 0.016602 0.088867
0 0.435791 0.408691 0.017090 0.051758
0 0.413330 0.419434 0.017090 0.053711
0 0.397949 0.416504 0.014648 0.047852
0 0.524170 0.449707 0.012207 0.045898
0 0.068359 0.445801 0.056641 0.241211
1 0.556152 0.412598 0.016602 0.026367
3 0.387695 0.462891 0.035156 0.109375