0 0.387451 0.415527 0.006348 0.018555
0 0.407227 0.418457 0.006836 0.032227
0 0.625488 0.409180 0.008789 0.029297
1 0.342773 0.430176 0.017578 0.032227
1 0.360596 0.428223 0.039551 0.032227
1 0.434570 0.435059 0.042969 0.041992
1 0.460205 0.432617 0.039551 0.060547
1 0.466797 0.431641 0.024414 0.046875
1 0.471680 0.443359 0.011719 0.046875
1 0.510986 0.409668 0.071777 0.077148
1 0.504883 0.458984 0.076172 0.087891
1 0.569824 0.461426 0.090820 0.118164
1 0.702637 0.490723 0.127930 0.211914
1 0.812988 0.504395 0.172852 0.415039
1 0.327148 0.437012 0.027344 0.081055
1 0.301270 0.448242 0.054688 0.111328
1 0.247314 0.458984 0.098145 0.154297
1 0.222900 0.468750 0.079590 0.175781
1 0.107666 0.457520 0.209473 0.247070
1 0.095947 0.538086 0.186035 0.369141