0 0.927002 0.497559 0.035645 0.209961
0 0.969727 0.513672 0.049805 0.189453
0 0.685303 0.467773 0.042480 0.175781
0 0.098877 0.416016 0.017090 0.054688
0 0.514648 0.531250 0.026367 0.181641
0 0.537109 0.513184 0.065430 0.274414
0 0.102295 0.506348 0.047363 0.268555
0 0.227051 0.495605 0.035156 0.276367
0 0.197021 0.509277 0.054199 0.280273
0 0.116455 0.590332 0.019043 0.084961
0 0.400635 0.487793 0.025879 0.182617
0 0.374512 0.517090 0.055664 0.217773
0 0.418945 0.497559 0.029297 0.165039
0 0.075439 0.411621 0.013184 0.040039
0 0.305420 0.495605 0.026855 0.262695
0 0.330078 0.493164 0.044922 0.257812
0 0.063721 0.462891 0.034668 0.177734
0 0.292969 0.497070 0.059570 0.281250
0 0.144287 0.494141 0.060059 0.349609
0 0.282959 0.497559 0.039551 0.329102
1 0.302002 0.482910 0.140137 0.172852
1 0.172119 0.481445 0.025879 0.126953
1 0.016602 0.437500 0.027344 0.044922
1 0.053467 0.473633 0.101074 0.093750