0 0.535400 0.407715 0.010254 0.016602
0 0.400635 0.497070 0.071777 0.330078
0 0.625244 0.446777 0.020020 0.104492
0 0.596924 0.431641 0.014160 0.074219
0 0.607422 0.439941 0.016602 0.090820
0 0.498535 0.501465 0.078125 0.293945
1 0.329102 0.431152 0.012695 0.036133
1 0.321289 0.433594 0.013672 0.042969
1 0.302490 0.432617 0.032715 0.050781
1 0.359863 0.408691 0.050781 0.118164
1 0.466064 0.406250 0.010254 0.013672
1 0.436035 0.415039 0.012695 0.019531
1 0.424805 0.418945 0.011719 0.019531
1 0.416504 0.422363 0.004883 0.020508
1 0.535156 0.447266 0.037109 0.062500
1 0.476562 0.423828 0.032227 0.048828
1 0.480713 0.424316 0.024902 0.049805
1 0.479248 0.434082 0.016113 0.040039
1 0.481201 0.436523 0.010254 0.039062
2 0.152100 0.424805 0.037598 0.048828
2 0.151855 0.435059 0.038086 0.049805
2 0.293945 0.441895 0.016602 0.036133
2 0.279541 0.437988 0.034668 0.041992
3 0.252197 0.425781 0.012207 0.037109