0 0.665527 0.384277 0.041016 0.129883
0 0.616943 0.532227 0.068848 0.439453
0 0.026611 0.645996 0.047363 0.579102
1 0.354980 0.459961 0.007812 0.062500
1 0.386475 0.435547 0.068848 0.123047
1 0.391846 0.461426 0.068848 0.129883
1 0.288818 0.463867 0.080566 0.119141
1 0.420898 0.475586 0.034180 0.138672
1 0.460205 0.481445 0.080566 0.216797
1 0.570312 0.531738 0.221680 0.368164
1 0.808350 0.643066 0.377441 0.637695
1 0.142090 0.490234 0.099609 0.208984
1 0.066895 0.508789 0.127930 0.351562
1 0.035400 0.627930 0.035645 0.291016