0 0.755859 0.404297 0.019531 0.037109
0 0.578125 0.412109 0.005859 0.035156
0 0.820801 0.388672 0.010742 0.093750
0 0.829590 0.407227 0.018555 0.138672
0 0.804932 0.469238 0.047363 0.149414
0 0.846924 0.436035 0.037598 0.237305
0 0.737305 0.432617 0.048828 0.185547
0 0.980957 0.466797 0.032227 0.250000
0 0.447754 0.415039 0.009766 0.054688
0 0.494873 0.410645 0.011230 0.053711
1 0.133301 0.497070 0.260742 0.351562
1 0.510498 0.415527 0.023926 0.041992
1 0.553467 0.426758 0.023926 0.042969
1 0.557373 0.429199 0.024902 0.043945
1 0.613770 0.439453 0.076172 0.125000
1 0.610107 0.462891 0.039551 0.109375
1 0.664795 0.460938 0.103027 0.158203
1 0.348877 0.427246 0.101074 0.088867
2 0.754639 0.479004 0.030762 0.114258
2 0.494629 0.425293 0.010742 0.036133
3 0.938965 0.552734 0.116211 0.335938