0 0.368652 0.386230 0.008789 0.043945
0 0.360107 0.377930 0.008301 0.027344
0 0.282471 0.384766 0.009277 0.054688
0 0.180664 0.383301 0.010742 0.057617
0 0.188232 0.392578 0.010254 0.070312
0 0.172363 0.393555 0.010742 0.068359
0 0.059570 0.348633 0.009766 0.031250
0 0.105469 0.396973 0.018555 0.088867
0 0.138428 0.397949 0.013184 0.088867
0 0.124023 0.395996 0.018555 0.100586
0 0.095215 0.363281 0.008789 0.056641
0 0.072510 0.364258 0.008301 0.060547
0 0.083984 0.386230 0.020508 0.083008
0 0.567627 0.404297 0.016113 0.076172
0 0.591553 0.414062 0.017090 0.105469
0 0.777832 0.456543 0.029297 0.125977
0 0.698486 0.426270 0.023926 0.137695
0 0.788574 0.448242 0.034180 0.205078
0 0.983643 0.490234 0.026855 0.205078
0 0.968018 0.508301 0.041504 0.190430
0 0.046143 0.415039 0.033691 0.181641
0 0.219238 0.380371 0.012695 0.053711
0 0.266357 0.387695 0.007324 0.035156
0 0.216064 0.380371 0.016113 0.055664
1 0.343750 0.417480 0.052734 0.077148
1 0.020264 0.375488 0.034668 0.075195
1 0.395020 0.419434 0.019531 0.081055
1 0.426758 0.424316 0.067383 0.106445
2 0.302979 0.393555 0.020020 0.031250
2 0.069336 0.380859 0.015625 0.029297
3 0.532715 0.415039 0.009766 0.027344