0 0.751221 0.404297 0.008301 0.031250
0 0.989746 0.406738 0.014648 0.094727
0 0.632080 0.420410 0.013184 0.045898
0 0.860352 0.418457 0.011719 0.038086
0 0.706055 0.407715 0.005859 0.038086
0 0.743652 0.408203 0.007812 0.035156
0 0.761230 0.402344 0.005859 0.035156
0 0.758057 0.423828 0.008301 0.033203
0 0.990967 0.416504 0.012207 0.112305
1 0.777588 0.462891 0.030762 0.091797
1 0.819580 0.460449 0.078613 0.108398
1 0.192627 0.475586 0.176270 0.187500
1 0.622559 0.454590 0.025391 0.084961
1 0.563721 0.474121 0.129395 0.215820
1 0.688721 0.428223 0.026855 0.040039
1 0.988770 0.565918 0.016602 0.192383
2 0.753662 0.459473 0.027832 0.040039