0 0.212402 0.470215 0.020508 0.155273
0 0.140869 0.471680 0.028809 0.154297
0 0.159180 0.479004 0.018555 0.133789
0 0.471436 0.484863 0.017090 0.102539
0 0.456055 0.482910 0.019531 0.110352
1 0.442871 0.482910 0.012695 0.038086
1 0.434326 0.486328 0.020020 0.050781
1 0.416748 0.461914 0.030762 0.019531
1 0.527344 0.476562 0.008789 0.041016
1 0.405029 0.491211 0.066895 0.072266
1 0.490479 0.482422 0.027832 0.042969
1 0.540039 0.485840 0.024414 0.075195
1 0.542725 0.482910 0.026855 0.069336
1 0.576904 0.501465 0.082520 0.106445
3 0.660645 0.488281 0.032227 0.119141