0 0.943604 0.345215 0.020996 0.090820
0 0.919189 0.353027 0.023926 0.110352
0 0.484375 0.364258 0.007812 0.064453
1 0.528564 0.355469 0.009277 0.021484
1 0.716797 0.345215 0.006836 0.014648
1 0.710938 0.352539 0.011719 0.021484
1 0.697266 0.357910 0.015625 0.026367
1 0.679688 0.356445 0.016602 0.021484
1 0.666016 0.358887 0.009766 0.026367
1 0.638672 0.364258 0.007812 0.031250
1 0.652832 0.364258 0.027344 0.041016
1 0.596191 0.347656 0.006836 0.009766
1 0.616455 0.340820 0.008301 0.009766
1 0.478027 0.356934 0.005859 0.020508
1 0.184814 0.375488 0.043457 0.040039
1 0.466309 0.358398 0.022461 0.025391
1 0.618896 0.364746 0.025879 0.038086
1 0.573730 0.366699 0.056641 0.063477
1 0.429443 0.373535 0.067871 0.057617
1 0.401611 0.379883 0.081543 0.068359
1 0.298584 0.486816 0.231934 0.305664
1 0.126709 0.640625 0.247559 0.707031
2 0.750732 0.498047 0.026855 0.128906
2 0.917969 0.458008 0.082031 0.177734
2 0.932617 0.477051 0.120117 0.184570
2 0.953369 0.484375 0.087402 0.179688
3 0.991455 0.511719 0.011230 0.134766