0 0.889160 0.407715 0.005859 0.067383
0 0.573730 0.393555 0.004883 0.029297
0 0.615967 0.403809 0.005371 0.051758
0 0.859131 0.470703 0.005371 0.037109
0 0.860596 0.404297 0.007324 0.066406
0 0.923340 0.431152 0.009766 0.084961
0 0.925781 0.426270 0.011719 0.127930
0 0.960693 0.447754 0.032715 0.204102
0 0.411621 0.415039 0.006836 0.025391
0 0.205322 0.421875 0.006348 0.060547
0 0.210205 0.397949 0.005371 0.020508
0 0.198730 0.418945 0.010742 0.068359
0 0.188232 0.436035 0.012207 0.088867
0 0.210693 0.437012 0.015137 0.084961
0 0.236084 0.441895 0.007324 0.073242
0 0.247070 0.441406 0.007812 0.080078
0 0.242920 0.443848 0.011230 0.083008
1 0.564453 0.397461 0.029297 0.023438
1 0.492920 0.420898 0.034668 0.078125
1 0.520508 0.442383 0.056641 0.093750
1 0.414795 0.406738 0.020020 0.036133
1 0.400879 0.411133 0.015625 0.039062
1 0.313477 0.477051 0.111328 0.153320
1 0.105713 0.574707 0.205566 0.364258
2 0.219482 0.437988 0.006348 0.043945