0 0.732910 0.412109 0.010742 0.042969
0 0.755615 0.396973 0.009277 0.022461
0 0.722168 0.411133 0.013672 0.058594
0 0.783691 0.404785 0.006836 0.018555
0 0.790283 0.404297 0.014160 0.017578
0 0.208008 0.416504 0.013672 0.028320
0 0.223145 0.431152 0.013672 0.059570
0 0.467285 0.444336 0.004883 0.027344
0 0.418945 0.445312 0.005859 0.025391
0 0.408691 0.438477 0.007812 0.033203
0 0.687256 0.422852 0.012207 0.056641
0 0.695068 0.424805 0.010254 0.056641
0 0.270264 0.436523 0.014160 0.058594
0 0.282227 0.437012 0.009766 0.055664
0 0.462158 0.442871 0.005371 0.030273
0 0.667236 0.425781 0.008301 0.052734
0 0.978516 0.417480 0.029297 0.190430
1 0.193848 0.460449 0.055664 0.081055
1 0.145264 0.466797 0.063965 0.093750
1 0.089600 0.474121 0.072754 0.106445
1 0.037109 0.483887 0.068359 0.125977
1 0.523193 0.439941 0.038574 0.067383
1 0.505371 0.443848 0.034180 0.069336
1 0.512695 0.449707 0.041992 0.073242
1 0.556641 0.442871 0.013672 0.051758
1 0.578857 0.446777 0.049316 0.077148