0 0.650635 0.413086 0.010254 0.037109
0 0.515137 0.415527 0.007812 0.038086
0 0.611328 0.405273 0.006836 0.082031
0 0.024414 0.466797 0.010742 0.035156
0 0.037354 0.457031 0.010254 0.054688
0 0.044922 0.453613 0.012695 0.059570
0 0.095947 0.451172 0.012207 0.052734
0 0.435303 0.439453 0.006348 0.035156
0 0.472168 0.426270 0.006836 0.032227
0 0.477295 0.429688 0.009277 0.050781
0 0.488770 0.431152 0.010742 0.067383
0 0.509277 0.436035 0.006836 0.043945
0 0.503662 0.418457 0.016113 0.092773
0 0.498779 0.424316 0.014160 0.086914
0 0.527588 0.417969 0.015137 0.083984
0 0.553223 0.382812 0.005859 0.019531
0 0.549072 0.419434 0.016113 0.090820
0 0.798828 0.371582 0.007812 0.026367
0 0.780273 0.404297 0.011719 0.062500
0 0.673828 0.413574 0.033203 0.161133
0 0.584229 0.405762 0.010254 0.069336
0 0.575195 0.417969 0.014648 0.105469
0 0.604004 0.409180 0.017578 0.113281
0 0.593018 0.420410 0.017090 0.100586
1 0.010498 0.471680 0.015137 0.035156
1 0.286865 0.456055 0.010254 0.062500
1 0.257324 0.462402 0.073242 0.133789
1 0.230713 0.479980 0.071777 0.161133
1 0.185059 0.509766 0.141602 0.218750
1 0.322021 0.458496 0.020996 0.086914
1 0.320557 0.444824 0.011230 0.012695
1 0.375977 0.481445 0.128906 0.232422
2 0.681152 0.435059 0.032227 0.071289
2 0.837158 0.427734 0.111816 0.115234
2 0.717041 0.426270 0.034668 0.083008
2 0.631836 0.430664 0.027344 0.058594