0 0.770264 0.423828 0.009277 0.070312
0 0.759033 0.434082 0.019043 0.086914
0 0.709229 0.427734 0.014160 0.072266
0 0.775879 0.418945 0.018555 0.062500
1 0.432129 0.425781 0.032227 0.031250
1 0.435303 0.432617 0.006348 0.021484
1 0.426514 0.432129 0.015137 0.032227
1 0.416748 0.434570 0.016113 0.037109
1 0.405029 0.432617 0.015137 0.039062
1 0.375488 0.428711 0.044922 0.064453
1 0.372070 0.435547 0.032227 0.039062
1 0.478516 0.430664 0.012695 0.021484
1 0.464355 0.433105 0.026367 0.032227
1 0.346191 0.440918 0.047852 0.051758
1 0.345215 0.442871 0.032227 0.051758
1 0.307861 0.448730 0.087402 0.063477
1 0.628906 0.412598 0.020508 0.010742
1 0.739990 0.426270 0.055176 0.043945
1 0.638916 0.452637 0.081543 0.090820
1 0.544922 0.513672 0.158203 0.251953
1 0.865234 0.543945 0.263672 0.349609
2 0.250244 0.452637 0.037598 0.055664
2 0.254150 0.494629 0.020996 0.069336