1 0.488525 0.393066 0.015137 0.016602
1 0.517578 0.399902 0.012695 0.014648
1 0.477539 0.434570 0.023438 0.029297
1 0.425537 0.394043 0.031738 0.020508
1 0.306152 0.461914 0.069336 0.107422
1 0.495361 0.387207 0.014160 0.016602
1 0.518311 0.381836 0.020020 0.025391
1 0.554688 0.442383 0.012695 0.052734
1 0.568115 0.442383 0.026855 0.062500
1 0.488525 0.392578 0.015137 0.015625
1 0.599854 0.454590 0.059082 0.094727
1 0.511963 0.441895 0.028809 0.043945
1 0.525879 0.397949 0.030273 0.018555
1 0.676514 0.475098 0.121582 0.198242
1 0.467041 0.410645 0.013184 0.026367
1 0.460205 0.411621 0.013184 0.022461
1 0.427979 0.427246 0.012207 0.022461
1 0.422363 0.442383 0.009766 0.050781
1 0.412842 0.441895 0.019043 0.053711
1 0.451904 0.413086 0.020996 0.011719
1 0.213623 0.484863 0.121582 0.151367
1 0.448730 0.447754 0.044922 0.063477
1 0.389404 0.445801 0.045410 0.059570
3 0.066895 0.461426 0.034180 0.090820
3 0.006836 0.476074 0.007812 0.100586