0 0.744385 0.347168 0.011230 0.026367
0 0.937988 0.411133 0.051758 0.267578
0 0.636475 0.430664 0.017090 0.082031
0 0.242432 0.424805 0.014160 0.019531
0 0.408447 0.451660 0.012207 0.069336
0 0.442627 0.445801 0.011230 0.061523
0 0.595215 0.426758 0.012695 0.076172
0 0.548828 0.462891 0.007812 0.021484
0 0.609863 0.433105 0.019531 0.088867
0 0.621338 0.423340 0.012207 0.075195
0 0.660889 0.423340 0.024902 0.086914
0 0.432617 0.435059 0.010742 0.030273
0 0.425049 0.451660 0.016113 0.075195
1 0.269287 0.436523 0.039551 0.035156
1 0.335693 0.482422 0.148926 0.156250
1 0.254883 0.476074 0.051758 0.096680
1 0.255859 0.541992 0.054688 0.105469
1 0.120605 0.504395 0.235352 0.301758
1 0.033447 0.592773 0.061035 0.220703
2 0.958252 0.452148 0.023926 0.091797
2 0.630859 0.467773 0.018555 0.076172
2 0.709717 0.427246 0.025879 0.063477