0 0.989746 0.476562 0.014648 0.164062
0 0.017578 0.461914 0.029297 0.201172
0 0.800781 0.425293 0.017578 0.083008
0 0.814941 0.416504 0.011719 0.086914
0 0.828125 0.420410 0.009766 0.100586
0 0.819092 0.425293 0.017090 0.096680
0 0.838623 0.422363 0.020996 0.104492
0 0.896973 0.464844 0.021484 0.220703
0 0.912598 0.464844 0.037109 0.238281
0 0.947754 0.456543 0.011719 0.208008
0 0.952637 0.458496 0.015625 0.237305
0 0.963379 0.449219 0.047852 0.269531
1 0.651855 0.494141 0.223633 0.437500
1 0.344482 0.403809 0.022949 0.022461
1 0.446777 0.425781 0.006836 0.046875
1 0.423584 0.421387 0.040527 0.077148
1 0.411377 0.428223 0.036621 0.086914
1 0.323242 0.432129 0.048828 0.071289
1 0.372803 0.440918 0.067871 0.098633
2 0.271729 0.445312 0.016113 0.050781