0 0.529053 0.413574 0.005371 0.032227
0 0.549805 0.420898 0.010742 0.056641
0 0.559570 0.419922 0.011719 0.054688
0 0.581299 0.420410 0.012207 0.073242
0 0.638184 0.452637 0.039062 0.247070
0 0.684082 0.444336 0.042969 0.250000
0 0.265625 0.435547 0.009766 0.052734
1 0.456543 0.379395 0.007812 0.010742
1 0.465332 0.380859 0.009766 0.013672
1 0.476562 0.379395 0.014648 0.012695
1 0.498047 0.381836 0.007812 0.011719
1 0.507080 0.377930 0.009277 0.023438
1 0.350098 0.407227 0.008789 0.019531
1 0.345215 0.410645 0.016602 0.012695
1 0.335693 0.414551 0.015137 0.010742
1 0.322998 0.427246 0.016113 0.028320
1 0.316406 0.429199 0.015625 0.030273
1 0.291504 0.413086 0.033203 0.046875
1 0.270264 0.437500 0.019043 0.039062
1 0.292480 0.436035 0.033203 0.045898
1 0.236328 0.444336 0.035156 0.044922
1 0.341309 0.433105 0.026367 0.040039
1 0.127197 0.445801 0.061035 0.081055
1 0.096924 0.458008 0.039551 0.064453
1 0.062256 0.464844 0.048340 0.070312
1 0.022949 0.443359 0.040039 0.125000
1 0.455078 0.430664 0.028320 0.052734
1 0.414551 0.441406 0.059570 0.089844
1 0.494629 0.450195 0.071289 0.113281