0 0.564941 0.448242 0.035156 0.125000
1 0.420654 0.425293 0.007324 0.010742
1 0.448486 0.427246 0.006348 0.020508
1 0.428711 0.428711 0.009766 0.019531
1 0.437256 0.437988 0.021973 0.034180
1 0.496826 0.436035 0.029785 0.043945
1 0.411621 0.428223 0.011719 0.022461
1 0.391357 0.427734 0.019043 0.017578
1 0.406982 0.435547 0.016113 0.027344
1 0.367188 0.428223 0.032227 0.055664
1 0.349609 0.432617 0.035156 0.058594
1 0.323242 0.414551 0.041992 0.034180
1 0.295898 0.407715 0.017578 0.022461
1 0.335693 0.451660 0.057129 0.065430
1 0.200439 0.463379 0.117676 0.174805
1 0.156738 0.482910 0.171875 0.206055
1 0.153320 0.548828 0.105469 0.169922
1 0.070068 0.527832 0.134277 0.327148