0 0.593994 0.396973 0.013184 0.040039
0 0.466797 0.437500 0.005859 0.021484
0 0.406250 0.422363 0.010742 0.053711
1 0.689453 0.411621 0.053711 0.040039
1 0.517578 0.419434 0.013672 0.055664
1 0.533691 0.425293 0.018555 0.081055
1 0.562256 0.428223 0.062988 0.096680
1 0.835938 0.412109 0.218750 0.285156
1 0.832764 0.474121 0.148926 0.311523
1 0.919434 0.481445 0.155273 0.410156
1 0.341797 0.376953 0.027344 0.011719
1 0.284668 0.426758 0.093750 0.138672
1 0.353760 0.450684 0.103027 0.143555
1 0.151855 0.468262 0.174805 0.190430