1 0.474365 0.444336 0.008301 0.023438
1 0.479004 0.446289 0.015625 0.025391
1 0.493896 0.448730 0.011230 0.030273
1 0.505859 0.448242 0.022461 0.031250
1 0.540771 0.446289 0.031738 0.042969
1 0.427734 0.441406 0.009766 0.017578
1 0.455566 0.447266 0.007812 0.023438
1 0.441895 0.446289 0.021484 0.035156
1 0.332520 0.437012 0.004883 0.012695
1 0.337891 0.438477 0.009766 0.011719
1 0.326416 0.438477 0.012207 0.017578
1 0.321289 0.441895 0.011719 0.018555
1 0.314453 0.443848 0.006836 0.014648
1 0.272461 0.449707 0.022461 0.036133
1 0.247314 0.446289 0.021973 0.039062
1 0.237549 0.449707 0.022949 0.034180
1 0.222168 0.449219 0.012695 0.039062
1 0.169678 0.450195 0.018066 0.046875
1 0.195312 0.448730 0.047852 0.063477
1 0.084961 0.447754 0.015625 0.065430
1 0.045410 0.440918 0.064453 0.094727
1 0.025879 0.463867 0.045898 0.111328
1 0.298828 0.447754 0.028320 0.040039
1 0.119385 0.443848 0.078613 0.102539