0 0.458984 0.344727 0.011719 0.027344
0 0.586426 0.352051 0.014648 0.020508
0 0.604004 0.354980 0.006836 0.012695
1 0.139160 0.397949 0.026367 0.073242
1 0.326904 0.317871 0.017090 0.016602
1 0.292480 0.327148 0.014648 0.017578
1 0.300781 0.336914 0.013672 0.029297
1 0.284668 0.345215 0.028320 0.026367
1 0.415771 0.368164 0.046387 0.050781
1 0.471436 0.380371 0.048340 0.061523
1 0.580566 0.393066 0.039062 0.063477
1 0.620850 0.435059 0.046387 0.141602
1 0.651367 0.458008 0.088867 0.210938
1 0.049316 0.613281 0.092773 0.505859
1 0.324951 0.336914 0.026855 0.027344
1 0.322998 0.359863 0.027832 0.024414
1 0.342285 0.359375 0.024414 0.019531
1 0.369629 0.373047 0.046875 0.054688
1 0.362793 0.460938 0.088867 0.187500
1 0.250732 0.504395 0.201660 0.291992
1 0.802246 0.511230 0.274414 0.356445