1 0.322998 0.401367 0.007324 0.011719
1 0.470703 0.402344 0.022461 0.025391
1 0.337646 0.400391 0.013184 0.009766
1 0.340332 0.419434 0.014648 0.030273
1 0.330322 0.423828 0.020996 0.035156
1 0.146484 0.459961 0.038086 0.064453
1 0.502686 0.397461 0.024902 0.023438
1 0.532471 0.401855 0.020996 0.032227
1 0.508545 0.437012 0.049316 0.081055
1 0.575684 0.428223 0.035156 0.067383
1 0.593994 0.436035 0.057129 0.073242
1 0.673096 0.432617 0.060059 0.076172
1 0.744385 0.438477 0.089355 0.105469
1 0.860107 0.453613 0.149902 0.166992
3 0.641357 0.429199 0.023926 0.047852