0 0.315430 0.419922 0.007812 0.046875
0 0.313721 0.425293 0.010254 0.051758
0 0.118164 0.405762 0.011719 0.018555
1 0.608154 0.404785 0.024902 0.043945
1 0.667725 0.416992 0.037598 0.093750
1 0.705078 0.420898 0.074219 0.113281
1 0.759277 0.437500 0.074219 0.166016
1 0.849121 0.441895 0.152344 0.225586
1 0.503662 0.409180 0.020996 0.019531
1 0.508057 0.409668 0.008301 0.014648
1 0.467529 0.411621 0.017090 0.026367
1 0.414551 0.424805 0.021484 0.031250
1 0.399658 0.428223 0.007324 0.036133
1 0.098145 0.476562 0.103516 0.123047
1 0.027344 0.484863 0.048828 0.139648
1 0.554688 0.448242 0.111328 0.171875
3 0.466064 0.419434 0.007324 0.026367