0 0.878906 0.385254 0.008789 0.047852
0 0.732910 0.412109 0.011719 0.070312
1 0.308594 0.381836 0.015625 0.017578
1 0.296387 0.384277 0.016602 0.016602
1 0.281982 0.386230 0.014160 0.012695
1 0.269287 0.384766 0.013184 0.015625
1 0.257324 0.384277 0.010742 0.022461
1 0.246094 0.379395 0.015625 0.024414
1 0.248291 0.385742 0.006348 0.023438
1 0.246826 0.388184 0.009277 0.028320
1 0.241943 0.393555 0.011230 0.041016
1 0.323730 0.383789 0.009766 0.023438
1 0.333984 0.383789 0.015625 0.033203
1 0.337402 0.386719 0.008789 0.035156
1 0.345459 0.387695 0.020996 0.039062
1 0.366211 0.390137 0.033203 0.045898
1 0.776611 0.384766 0.046387 0.009766
1 0.555908 0.484863 0.158691 0.256836