1 0.576416 0.326660 0.018066 0.055664
1 0.587158 0.340820 0.022949 0.044922
1 0.725342 0.384277 0.058105 0.168945
1 0.483643 0.294922 0.005371 0.013672
1 0.471680 0.307617 0.006836 0.011719
1 0.467285 0.319336 0.008789 0.011719
1 0.546143 0.319824 0.008301 0.016602
1 0.554688 0.324219 0.010742 0.023438
1 0.557617 0.328125 0.005859 0.023438
1 0.561523 0.330566 0.004883 0.022461
1 0.400879 0.354004 0.030273 0.047852
1 0.371826 0.371094 0.034668 0.048828
1 0.330811 0.388672 0.047363 0.068359
1 0.241455 0.392090 0.044434 0.063477
1 0.221924 0.416504 0.082520 0.098633