0 0.718750 0.396973 0.007812 0.010742
0 0.682129 0.393555 0.009766 0.021484
0 0.734375 0.393066 0.009766 0.018555
0 0.512451 0.424316 0.006348 0.024414
1 0.541504 0.425781 0.015625 0.025391
1 0.609863 0.416504 0.004883 0.014648
1 0.601807 0.417969 0.015137 0.017578
1 0.627930 0.414551 0.008789 0.012695
1 0.618164 0.417480 0.012695 0.016602
1 0.659180 0.415039 0.038086 0.066406
1 0.316406 0.445312 0.088867 0.115234
1 0.113281 0.432129 0.032227 0.053711
1 0.090332 0.569824 0.174805 0.403320
3 0.537842 0.429199 0.015137 0.018555