0 0.121582 0.362793 0.008789 0.032227
0 0.102295 0.398926 0.018066 0.108398
1 0.383057 0.385254 0.079590 0.102539
1 0.466797 0.375488 0.007812 0.022461
1 0.893311 0.366211 0.015137 0.021484
1 0.906494 0.365723 0.013184 0.018555
1 0.839111 0.403320 0.084473 0.101562
1 0.963623 0.350586 0.012207 0.027344
1 0.936279 0.362793 0.010254 0.026367
1 0.949951 0.367676 0.032715 0.030273
1 0.922607 0.361816 0.025879 0.026367
1 0.732666 0.361816 0.049316 0.036133
1 0.769775 0.470703 0.183105 0.224609
1 0.705322 0.389160 0.010254 0.026367
1 0.665039 0.408203 0.046875 0.070312
1 0.611572 0.387695 0.048340 0.042969
1 0.543457 0.387695 0.049805 0.050781
1 0.552734 0.418945 0.060547 0.093750
1 0.442627 0.379883 0.011230 0.025391
1 0.434082 0.378906 0.015625 0.029297
1 0.178467 0.380371 0.135254 0.157227
1 0.029053 0.423828 0.052246 0.111328
1 0.234863 0.419434 0.092773 0.102539
1 0.428955 0.394531 0.014160 0.060547