0 0.453613 0.363281 0.004883 0.031250
0 0.340332 0.405273 0.024414 0.162109
0 0.283691 0.430176 0.091797 0.319336
0 0.314453 0.438965 0.097656 0.336914
0 0.683594 0.413086 0.045898 0.181641
1 0.486328 0.340332 0.013672 0.016602
1 0.488037 0.346680 0.009277 0.019531
1 0.481201 0.349121 0.013184 0.024414
1 0.476562 0.354004 0.012695 0.022461
1 0.473145 0.357422 0.016602 0.023438
1 0.962158 0.617676 0.069824 0.387695
1 0.556396 0.394043 0.017090 0.051758
1 0.570312 0.402832 0.040039 0.055664
1 0.630615 0.424316 0.087402 0.135742
1 0.555176 0.385742 0.020508 0.042969
2 0.457520 0.416992 0.008789 0.052734