0 0.988525 0.375488 0.014160 0.084961
0 0.367920 0.452148 0.059082 0.308594
0 0.973389 0.375000 0.017090 0.087891
1 0.703857 0.396973 0.010254 0.024414
1 0.747803 0.389648 0.017090 0.023438
1 0.764648 0.389160 0.018555 0.032227
1 0.769775 0.398438 0.023926 0.048828
1 0.807617 0.373047 0.012695 0.009766
1 0.818115 0.373535 0.010254 0.018555
1 0.824951 0.386719 0.021973 0.042969
1 0.839600 0.390137 0.039551 0.047852
1 0.797852 0.406250 0.045898 0.068359
1 0.723877 0.405273 0.038574 0.058594
1 0.576904 0.400391 0.020996 0.052734
1 0.581299 0.410156 0.007324 0.031250
1 0.571289 0.411133 0.016602 0.041016
1 0.562012 0.413574 0.023438 0.043945
1 0.549072 0.416992 0.030762 0.042969
1 0.538818 0.418457 0.024902 0.045898
1 0.515137 0.420410 0.031250 0.055664
1 0.476562 0.417480 0.056641 0.067383