0 0.373047 0.408203 0.007812 0.021484
0 0.380371 0.407227 0.005859 0.023438
1 0.332275 0.410645 0.033691 0.014648
1 0.250977 0.410645 0.043945 0.012695
1 0.518311 0.423340 0.015137 0.014648
1 0.567139 0.415039 0.049316 0.027344
1 0.680420 0.407227 0.078613 0.095703
1 0.671387 0.421387 0.018555 0.059570
1 0.692383 0.409668 0.029297 0.073242
1 0.696533 0.423828 0.005371 0.031250
1 0.730713 0.398926 0.066895 0.079102
1 0.733398 0.416992 0.011719 0.023438
1 0.858887 0.432617 0.249023 0.164062
1 0.803711 0.461426 0.310547 0.200195