1 0.570557 0.376465 0.009277 0.016602
1 0.569092 0.395508 0.012207 0.035156
1 0.585693 0.394531 0.027832 0.031250
1 0.596436 0.397461 0.009277 0.035156
1 0.619629 0.394531 0.043945 0.066406
1 0.620850 0.398926 0.031738 0.057617
1 0.627686 0.398926 0.017090 0.055664
1 0.649902 0.387695 0.047852 0.058594
1 0.657227 0.383789 0.034180 0.037109
1 0.648438 0.425781 0.050781 0.080078
1 0.733154 0.410645 0.063965 0.110352
1 0.807129 0.416504 0.159180 0.151367
1 0.873291 0.440430 0.215332 0.207031
1 0.898926 0.448730 0.192383 0.215820
1 0.921875 0.520508 0.077148 0.162109
1 0.967773 0.477539 0.058594 0.273438