0 0.609619 0.375977 0.008301 0.039062
0 0.578613 0.365234 0.007812 0.009766
1 0.494385 0.371094 0.008301 0.013672
1 0.477783 0.373047 0.007324 0.009766
1 0.467529 0.372070 0.009277 0.013672
1 0.452881 0.373047 0.012207 0.015625
1 0.382080 0.380859 0.017090 0.025391
1 0.361084 0.384766 0.018066 0.031250
1 0.352539 0.387207 0.012695 0.030273
1 0.340820 0.383789 0.019531 0.025391
1 0.280518 0.424805 0.156738 0.103516
1 0.535889 0.375977 0.014160 0.019531
1 0.534912 0.391113 0.012207 0.041992
1 0.554688 0.392090 0.035156 0.057617
1 0.560059 0.396484 0.027344 0.060547
1 0.581543 0.401367 0.045898 0.066406
1 0.907715 0.413574 0.139648 0.137695
2 0.197266 0.410156 0.010742 0.029297
2 0.520264 0.442871 0.074707 0.084961