0 0.212158 0.415527 0.020020 0.051758
0 0.140625 0.432129 0.031250 0.071289
0 0.181641 0.422852 0.020508 0.064453
0 0.172119 0.428223 0.029785 0.065430
0 0.247314 0.424805 0.016113 0.062500
0 0.250488 0.455566 0.033203 0.120117
0 0.237061 0.453125 0.044434 0.111328
0 0.259277 0.417480 0.021484 0.043945
0 0.301514 0.431641 0.022949 0.097656
0 0.294922 0.436035 0.021484 0.086914
0 0.634277 0.335449 0.004883 0.012695
0 0.782959 0.408203 0.031738 0.150391
1 0.611328 0.356445 0.010742 0.015625
1 0.585693 0.355469 0.012207 0.013672
1 0.588135 0.362305 0.006348 0.015625
1 0.581787 0.364746 0.011230 0.020508
1 0.577393 0.368652 0.012207 0.018555
1 0.574951 0.372070 0.015137 0.019531
1 0.627197 0.405273 0.006348 0.035156
1 0.640381 0.409668 0.028809 0.059570
1 0.668945 0.415527 0.047852 0.092773
2 0.530518 0.425781 0.010254 0.048828