1 0.897705 0.352051 0.021973 0.034180
1 0.569824 0.327148 0.005859 0.019531
1 0.561035 0.329590 0.011719 0.022461
1 0.562500 0.334961 0.013672 0.021484
1 0.548828 0.335938 0.010742 0.021484
1 0.531982 0.331543 0.030762 0.022461
1 0.533691 0.338867 0.018555 0.019531
1 0.523682 0.343750 0.024902 0.029297
1 0.512695 0.344727 0.020508 0.033203
1 0.499756 0.349609 0.047363 0.029297
1 0.609131 0.320801 0.008301 0.014648
1 0.633057 0.333496 0.027832 0.022461
1 0.632812 0.344727 0.017578 0.029297
1 0.592041 0.350586 0.026855 0.044922
1 0.652100 0.344727 0.035645 0.031250
1 0.989746 0.344238 0.014648 0.038086
1 0.657471 0.400879 0.054199 0.081055
1 0.572021 0.324707 0.005371 0.014648