0 0.287842 0.417480 0.020996 0.083008
0 0.172607 0.386719 0.011230 0.039062
0 0.184814 0.405273 0.009277 0.058594
0 0.210449 0.398926 0.014648 0.061523
0 0.235107 0.387695 0.014160 0.052734
0 0.256104 0.409668 0.019043 0.092773
1 0.570557 0.421875 0.012207 0.039062
1 0.500732 0.424316 0.007324 0.028320
1 0.489502 0.423340 0.018066 0.032227
1 0.466797 0.424805 0.028320 0.039062
1 0.275391 0.412109 0.015625 0.015625
1 0.233154 0.401367 0.018066 0.011719
1 0.109863 0.612793 0.213867 0.555664
2 0.310059 0.430176 0.010742 0.034180
3 0.224854 0.446777 0.087402 0.125977