1 0.517578 0.388672 0.063477 0.050781
1 0.473633 0.411133 0.024414 0.052734
1 0.472412 0.417480 0.026855 0.057617
1 0.438477 0.419434 0.052734 0.110352
1 0.439941 0.440430 0.037109 0.125000
1 0.423340 0.453125 0.040039 0.162109
1 0.366699 0.464355 0.132812 0.239258
1 0.222656 0.536133 0.291016 0.417969
1 0.099854 0.602051 0.193848 0.704102
1 0.575195 0.413574 0.042969 0.071289
1 0.584717 0.423828 0.049316 0.074219
1 0.643799 0.427246 0.078613 0.172852
1 0.685547 0.440918 0.103516 0.208008
1 0.797852 0.472656 0.222656 0.361328
1 0.910645 0.577148 0.172852 0.535156