1 0.449951 0.400879 0.006348 0.014648
1 0.444824 0.403320 0.011719 0.015625
1 0.513916 0.411133 0.009277 0.017578
1 0.515137 0.415039 0.006836 0.023438
1 0.744385 0.392090 0.029785 0.055664
1 0.522461 0.414551 0.012695 0.026367
1 0.531250 0.416504 0.019531 0.028320
1 0.560547 0.421875 0.027344 0.046875
1 0.582520 0.425293 0.029297 0.069336
1 0.354004 0.430664 0.028320 0.041016
1 0.616943 0.429199 0.061035 0.081055
1 0.777588 0.386719 0.015137 0.035156
1 0.293457 0.429688 0.020508 0.046875
1 0.937744 0.370605 0.015137 0.018555
1 0.976562 0.379883 0.041016 0.062500
1 0.852539 0.454102 0.199219 0.228516
1 0.486328 0.429199 0.051758 0.071289
1 0.433105 0.416992 0.014648 0.019531
1 0.387939 0.425293 0.023926 0.026367
1 0.277344 0.436035 0.027344 0.041992
1 0.247314 0.440430 0.040527 0.046875