1 0.506836 0.390625 0.009766 0.011719
1 0.518311 0.388184 0.012207 0.014648
1 0.551270 0.386719 0.007812 0.011719
1 0.456787 0.395996 0.008301 0.024414
1 0.450684 0.396973 0.011719 0.024414
1 0.436279 0.396484 0.007324 0.025391
1 0.371826 0.408691 0.026855 0.049805
1 0.355225 0.415527 0.022949 0.051758
1 0.325439 0.410645 0.042480 0.073242
1 0.297119 0.422363 0.056152 0.071289
1 0.565674 0.390137 0.012207 0.026367
1 0.568115 0.394531 0.009277 0.035156
1 0.571777 0.396973 0.008789 0.040039
1 0.577637 0.397949 0.010742 0.043945
1 0.590576 0.401367 0.024902 0.050781
1 0.621582 0.401855 0.051758 0.081055
1 0.875977 0.400879 0.117188 0.112305
1 0.738525 0.412109 0.162598 0.132812
1 0.533447 0.388184 0.020020 0.022461