0 0.291260 0.373535 0.010254 0.030273
0 0.278564 0.389160 0.016113 0.061523
0 0.167969 0.362793 0.012695 0.024414
0 0.135742 0.395020 0.017578 0.077148
0 0.151123 0.377930 0.021973 0.056641
0 0.112793 0.425781 0.021484 0.142578
1 0.545410 0.396484 0.018555 0.017578
1 0.335693 0.380371 0.020020 0.028320
1 0.449219 0.415039 0.007812 0.039062
1 0.429199 0.404785 0.037109 0.073242
1 0.428467 0.415039 0.031738 0.064453
1 0.406982 0.416504 0.035645 0.079102
1 0.397217 0.423340 0.025879 0.090820
1 0.316162 0.434082 0.071777 0.127930
1 0.205566 0.471680 0.194336 0.203125
2 0.370850 0.517090 0.022949 0.120117