1 0.488525 0.383789 0.009277 0.013672
1 0.453613 0.390625 0.016602 0.025391
1 0.467285 0.401367 0.014648 0.025391
1 0.481689 0.395996 0.013184 0.020508
1 0.457520 0.406738 0.023438 0.026367
1 0.564209 0.391113 0.013184 0.028320
1 0.572998 0.399902 0.022949 0.043945
1 0.577881 0.403809 0.014160 0.040039
1 0.593018 0.406738 0.028809 0.051758
1 0.611572 0.412598 0.012207 0.075195
1 0.636475 0.412598 0.050293 0.102539
1 0.697510 0.429199 0.089355 0.118164
1 0.892090 0.448242 0.209961 0.193359
1 0.525635 0.431641 0.086426 0.140625
1 0.438965 0.399902 0.004883 0.018555
1 0.428955 0.399902 0.017090 0.032227
1 0.425293 0.402832 0.013672 0.022461
1 0.416016 0.407715 0.010742 0.028320
1 0.406006 0.407227 0.017090 0.033203
1 0.386230 0.408203 0.027344 0.044922
1 0.374512 0.414551 0.022461 0.041992
1 0.348877 0.420410 0.020996 0.049805
1 0.329102 0.419922 0.028320 0.052734
1 0.312012 0.423828 0.022461 0.066406
1 0.265381 0.408691 0.073730 0.122070
3 0.603516 0.422852 0.006836 0.031250
3 0.260742 0.442383 0.037109 0.109375