0 0.357910 0.386719 0.005859 0.011719
1 0.482910 0.405273 0.026367 0.021484
1 0.505859 0.402832 0.019531 0.020508
1 0.554688 0.398438 0.004883 0.013672
1 0.592773 0.403320 0.005859 0.017578
1 0.607422 0.406250 0.027344 0.056641
1 0.599121 0.409180 0.009766 0.050781
1 0.620361 0.411133 0.045410 0.058594
1 0.531738 0.403809 0.035156 0.040039
1 0.693115 0.428711 0.084473 0.113281
1 0.799072 0.447266 0.144043 0.183594
1 0.937988 0.507324 0.118164 0.340820
1 0.403320 0.410645 0.013672 0.036133
1 0.401367 0.412109 0.009766 0.035156
1 0.391602 0.414062 0.019531 0.041016
1 0.380371 0.416016 0.021484 0.044922
1 0.361084 0.419434 0.032715 0.051758
1 0.328613 0.422852 0.039062 0.064453
1 0.029053 0.462891 0.052246 0.074219
2 0.116699 0.454102 0.060547 0.074219