0 0.694824 0.425293 0.023438 0.096680
0 0.790527 0.476562 0.048828 0.263672
0 0.979980 0.412109 0.034180 0.173828
1 0.438721 0.428711 0.012207 0.068359
1 0.406494 0.416504 0.055176 0.110352
1 0.475342 0.414551 0.013184 0.040039
1 0.523682 0.407227 0.007324 0.013672
1 0.518555 0.408691 0.007812 0.014648
1 0.259766 0.464844 0.147461 0.173828
1 0.567383 0.410645 0.016602 0.030273
1 0.566895 0.411621 0.011719 0.028320
1 0.571777 0.415527 0.013672 0.028320
1 0.593018 0.413574 0.022949 0.055664
1 0.611816 0.421387 0.039062 0.055664
1 0.967773 0.593262 0.058594 0.243164