0 0.845947 0.454102 0.019043 0.083984
0 0.861572 0.424805 0.015137 0.023438
0 0.357666 0.422852 0.011230 0.017578
1 0.929688 0.606934 0.134766 0.440430
1 0.626465 0.432617 0.011719 0.015625
1 0.646484 0.455566 0.034180 0.098633
1 0.613281 0.435059 0.014648 0.022461
1 0.593262 0.452148 0.037109 0.078125
1 0.506592 0.447754 0.021973 0.036133
1 0.483398 0.450195 0.025391 0.044922
1 0.451416 0.453125 0.043457 0.050781
1 0.544678 0.425293 0.064941 0.157227
1 0.404541 0.460938 0.034668 0.056641
1 0.362793 0.465820 0.060547 0.068359
1 0.286621 0.474609 0.058594 0.085938
1 0.212158 0.476074 0.094238 0.120117
1 0.101562 0.497070 0.139648 0.128906
2 0.732422 0.468750 0.006836 0.064453