1 0.492676 0.432129 0.014648 0.024414
1 0.594971 0.432617 0.029785 0.054688
1 0.600586 0.441895 0.014648 0.057617
1 0.624023 0.437988 0.042969 0.073242
1 0.741699 0.396973 0.067383 0.034180
1 0.773682 0.430664 0.029785 0.078125
1 0.720703 0.432129 0.083984 0.086914
1 0.893555 0.415039 0.016602 0.042969
1 0.832764 0.439453 0.115723 0.187500
1 0.544678 0.431152 0.019043 0.041992
1 0.537842 0.439941 0.028809 0.051758
1 0.966309 0.361816 0.061523 0.022461
1 0.935059 0.474609 0.124023 0.222656
1 0.377930 0.451172 0.048828 0.068359
2 0.160645 0.489258 0.025391 0.064453
2 0.186523 0.488281 0.028320 0.068359