0 0.311035 0.429199 0.016602 0.071289
0 0.274658 0.442383 0.022949 0.117188
0 0.208740 0.466309 0.032715 0.122070
1 0.409912 0.424805 0.005371 0.019531
1 0.415039 0.424805 0.008789 0.021484
1 0.438232 0.419922 0.016113 0.021484
1 0.444824 0.421875 0.013672 0.019531
1 0.453857 0.426270 0.015137 0.024414
1 0.556396 0.434082 0.039551 0.077148
1 0.570557 0.442871 0.032715 0.084961
1 0.589600 0.445801 0.027832 0.108398
1 0.620361 0.448242 0.065918 0.142578
1 0.797607 0.500488 0.179199 0.288086
1 0.904053 0.569336 0.186035 0.503906
1 0.495117 0.455078 0.075195 0.123047
1 0.425781 0.426270 0.013672 0.024414
1 0.229492 0.442383 0.040039 0.062500
2 0.149902 0.500000 0.058594 0.103516