0 0.318115 0.434570 0.015137 0.050781
0 0.294434 0.445312 0.023438 0.062500
0 0.540039 0.441406 0.020508 0.101562
0 0.679443 0.420898 0.013184 0.099609
1 0.450439 0.427734 0.021973 0.019531
1 0.451172 0.442383 0.018555 0.035156
1 0.445801 0.445312 0.021484 0.035156
1 0.476318 0.443848 0.027832 0.040039
1 0.400879 0.452148 0.026367 0.066406
1 0.373291 0.455078 0.049316 0.076172
1 0.530273 0.434570 0.008789 0.017578
1 0.521973 0.431152 0.009766 0.010742
1 0.520264 0.438477 0.014160 0.021484
1 0.559814 0.437988 0.022949 0.051758
1 0.563477 0.442871 0.012695 0.053711
1 0.572754 0.441895 0.015625 0.071289
1 0.595215 0.441895 0.044922 0.090820
1 0.602783 0.452637 0.030762 0.088867
1 0.641846 0.454102 0.074707 0.107422
1 0.762451 0.501465 0.137207 0.231445
1 0.885986 0.533203 0.222168 0.410156
3 0.360840 0.473145 0.025391 0.067383