0 0.800049 0.430176 0.007324 0.045898
0 0.782471 0.433105 0.009277 0.041992
0 0.494629 0.429688 0.007812 0.011719
0 0.444824 0.437500 0.007812 0.050781
0 0.452393 0.437012 0.009277 0.041992
0 0.461914 0.434082 0.013672 0.030273
0 0.369629 0.437500 0.015625 0.052734
0 0.161377 0.476562 0.021973 0.142578
0 0.183594 0.471191 0.025391 0.149414
0 0.556152 0.473145 0.036133 0.122070
1 0.723389 0.425293 0.027832 0.061523
1 0.726318 0.460449 0.034668 0.073242
1 0.737305 0.472168 0.054688 0.088867
1 0.672119 0.437500 0.014160 0.021484
1 0.635254 0.439941 0.014648 0.024414
1 0.629639 0.441895 0.013184 0.030273
1 0.612061 0.434082 0.028809 0.016602
1 0.624756 0.451660 0.014160 0.022461
1 0.609375 0.447266 0.019531 0.031250
1 0.602539 0.448730 0.017578 0.032227
1 0.585938 0.440430 0.018555 0.019531
1 0.596924 0.460449 0.007324 0.018555
1 0.590576 0.460449 0.013184 0.030273
1 0.562256 0.451660 0.049316 0.053711
1 0.561279 0.459473 0.033691 0.049805
1 0.538330 0.462891 0.029785 0.054688
1 0.520020 0.462891 0.047852 0.052734
1 0.504639 0.469727 0.070801 0.068359
1 0.481934 0.474121 0.107422 0.069336
2 0.821045 0.441895 0.028809 0.038086