0 0.020996 0.474609 0.028320 0.167969
0 0.053467 0.470703 0.046387 0.185547
1 0.425781 0.444824 0.021484 0.040039
1 0.429443 0.448242 0.015137 0.031250
1 0.441406 0.447266 0.015625 0.041016
1 0.448975 0.448242 0.014160 0.042969
1 0.460205 0.447754 0.023926 0.053711
1 0.471436 0.447754 0.023926 0.055664
1 0.481445 0.448730 0.015625 0.059570
1 0.494385 0.445312 0.031738 0.076172
1 0.515625 0.450684 0.054688 0.088867
1 0.282959 0.470215 0.059082 0.125977
1 0.340820 0.475586 0.110352 0.142578
2 0.050049 0.507812 0.022949 0.042969