0 0.593018 0.408691 0.013184 0.071289
0 0.586182 0.409180 0.018066 0.070312
0 0.653809 0.400879 0.012695 0.069336
0 0.718506 0.402344 0.024902 0.107422
0 0.821289 0.419434 0.046875 0.176758
0 0.921387 0.422363 0.051758 0.260742
0 0.009033 0.437012 0.012207 0.127930
0 0.092773 0.434570 0.012695 0.093750
0 0.102783 0.429688 0.017090 0.099609
0 0.154297 0.439941 0.030273 0.170898
0 0.237549 0.440430 0.045410 0.171875
0 0.190918 0.429199 0.041016 0.196289
0 0.308350 0.351074 0.015137 0.016602
0 0.281250 0.422363 0.016602 0.129883
0 0.462646 0.401855 0.010254 0.077148
0 0.397705 0.410645 0.020020 0.104492
0 0.396484 0.409668 0.019531 0.112305
2 0.756836 0.425293 0.026367 0.090820
2 0.792480 0.433594 0.030273 0.087891
2 0.866211 0.439941 0.038086 0.129883
2 0.948242 0.460449 0.097656 0.182617