1 0.541748 0.400391 0.019043 0.039062
1 0.550293 0.403320 0.024414 0.037109
1 0.443359 0.373535 0.014648 0.016602
1 0.513428 0.394531 0.017090 0.029297
1 0.508301 0.407715 0.025391 0.038086
1 0.467041 0.398438 0.024902 0.044922
1 0.467285 0.409668 0.018555 0.043945
1 0.443848 0.414062 0.040039 0.066406
1 0.441650 0.421387 0.030762 0.061523
1 0.435547 0.427246 0.029297 0.067383
1 0.412109 0.428711 0.034180 0.113281
1 0.372803 0.433594 0.080566 0.144531
1 0.175049 0.444336 0.177246 0.240234
1 0.087402 0.531250 0.168945 0.318359