0 0.633301 0.423340 0.012695 0.059570
1 0.519287 0.437012 0.010254 0.014648
1 0.508545 0.438965 0.013184 0.020508
1 0.493408 0.438965 0.013184 0.018555
1 0.474609 0.437012 0.008789 0.014648
1 0.322754 0.457031 0.022461 0.025391
1 0.387451 0.447754 0.012207 0.018555
1 0.140869 0.515625 0.275879 0.437500
1 0.532959 0.441406 0.012207 0.041016
1 0.545898 0.444336 0.009766 0.048828
1 0.539795 0.442383 0.012207 0.041016
1 0.552979 0.445801 0.013184 0.063477
1 0.575195 0.443848 0.044922 0.073242
1 0.937744 0.527832 0.118652 0.452148
2 0.615723 0.448730 0.008789 0.036133
2 0.887695 0.443848 0.051758 0.069336
3 0.276855 0.467285 0.007812 0.016602