0 0.317627 0.411621 0.014160 0.047852
0 0.715088 0.416992 0.018066 0.103516
1 0.504639 0.417969 0.007324 0.017578
1 0.534180 0.419434 0.011719 0.016602
1 0.466309 0.432129 0.023438 0.040039
1 0.137695 0.520996 0.235352 0.387695
1 0.031738 0.583496 0.057617 0.426758
1 0.556885 0.429199 0.014160 0.045898
1 0.563965 0.429199 0.011719 0.047852
1 0.581787 0.427246 0.039551 0.063477
1 0.582275 0.433594 0.035645 0.068359
1 0.592041 0.439941 0.032715 0.073242
1 0.604736 0.440918 0.033691 0.075195
1 0.955811 0.672852 0.082520 0.353516
2 0.297607 0.476562 0.051270 0.085938
2 0.983398 0.413574 0.027344 0.069336