1 0.569092 0.442383 0.019043 0.041016
1 0.580811 0.442871 0.037598 0.043945
1 0.724854 0.485352 0.010254 0.056641
1 0.798828 0.473145 0.152344 0.227539
1 0.881836 0.515625 0.230469 0.333984
1 0.951660 0.568359 0.090820 0.328125
1 0.324219 0.450195 0.058594 0.087891
1 0.159668 0.500000 0.173828 0.164062
1 0.065186 0.489746 0.124512 0.145508
1 0.064453 0.525879 0.123047 0.208008
1 0.045166 0.601562 0.084473 0.187500
2 0.370117 0.456543 0.013672 0.040039
2 0.356201 0.465820 0.008301 0.025391
2 0.724365 0.434570 0.028809 0.048828
3 0.696289 0.467773 0.078125 0.095703