0 0.033447 0.294922 0.061035 0.095703
0 0.100586 0.342285 0.025391 0.028320
1 0.688232 0.431641 0.027832 0.031250
1 0.635010 0.441895 0.021973 0.049805
1 0.606934 0.442871 0.043945 0.075195
1 0.599365 0.451172 0.035645 0.070312
1 0.563965 0.454102 0.052734 0.093750
1 0.558105 0.466309 0.041016 0.096680
1 0.507812 0.470215 0.085938 0.131836
1 0.268799 0.576172 0.193848 0.390625
1 0.117188 0.662598 0.228516 0.663086
1 0.770752 0.441406 0.167480 0.310547
1 0.789307 0.527344 0.081543 0.218750
1 0.883789 0.599121 0.226562 0.415039
2 0.367676 0.499023 0.030273 0.091797