0 0.281494 0.463379 0.010254 0.045898
0 0.626221 0.444824 0.012207 0.040039
0 0.616699 0.447266 0.009766 0.044922
0 0.635498 0.441895 0.007324 0.055664
0 0.645996 0.448242 0.006836 0.070312
0 0.657471 0.458008 0.012207 0.064453
0 0.857422 0.442871 0.029297 0.131836
1 0.472900 0.461914 0.012207 0.035156
1 0.578125 0.453613 0.017578 0.028320
1 0.531250 0.449219 0.008789 0.017578
1 0.519287 0.452637 0.017090 0.030273
1 0.496338 0.465332 0.039551 0.061523
1 0.553467 0.461426 0.036621 0.053711
1 0.752197 0.432617 0.180176 0.343750
1 0.923340 0.619141 0.147461 0.500000