0 0.613770 0.430664 0.008789 0.052734
0 0.503662 0.435059 0.007324 0.040039
0 0.280273 0.409180 0.011719 0.017578
0 0.243164 0.409180 0.012695 0.021484
0 0.382812 0.451172 0.017578 0.101562
1 0.613281 0.437988 0.020508 0.041992
1 0.574951 0.433594 0.058105 0.107422
1 0.827148 0.451660 0.115234 0.124023
1 0.883545 0.460449 0.042480 0.139648
1 0.447266 0.439941 0.014648 0.030273
1 0.444092 0.442871 0.007324 0.030273
1 0.441895 0.444336 0.007812 0.033203
1 0.417725 0.430176 0.041504 0.071289
1 0.408691 0.448242 0.025391 0.042969
1 0.380615 0.457031 0.016113 0.056641
1 0.350586 0.449219 0.046875 0.089844
1 0.329834 0.458008 0.048340 0.080078
1 0.282959 0.475098 0.076660 0.112305
1 0.022217 0.437500 0.038574 0.013672
1 0.018555 0.472168 0.031250 0.059570
1 0.137207 0.561523 0.268555 0.382812
2 0.651611 0.460938 0.039551 0.083984
2 0.719238 0.497070 0.042969 0.166016
2 0.801514 0.503906 0.057129 0.142578
2 0.803955 0.439941 0.041504 0.065430
2 0.481689 0.438965 0.006348 0.014648
2 0.468262 0.443359 0.008789 0.023438
3 0.876465 0.469238 0.051758 0.135742
3 0.399170 0.445801 0.023926 0.040039