0 0.045654 0.434082 0.036621 0.133789
0 0.157227 0.390625 0.015625 0.050781
0 0.328369 0.424805 0.010254 0.072266
0 0.312988 0.434570 0.015625 0.097656
0 0.338623 0.442383 0.020996 0.128906
0 0.373291 0.418945 0.010254 0.064453
0 0.385010 0.419434 0.017090 0.071289
0 0.414551 0.421387 0.008789 0.061523
0 0.421143 0.418457 0.011230 0.065430
0 0.694824 0.436035 0.026367 0.127930
0 0.446533 0.424316 0.008301 0.055664
0 0.463135 0.422363 0.008301 0.057617
0 0.473145 0.430664 0.012695 0.085938
0 0.495850 0.425781 0.009277 0.054688
0 0.511475 0.427246 0.012207 0.049805
0 0.483887 0.420410 0.009766 0.063477
0 0.477051 0.437988 0.012695 0.086914
0 0.456299 0.437012 0.017090 0.090820
2 0.732666 0.457031 0.038574 0.099609
2 0.512695 0.437012 0.025391 0.030273