0 0.419922 0.437012 0.005859 0.034180
0 0.412109 0.437012 0.007812 0.049805
0 0.436523 0.434082 0.008789 0.049805
0 0.445312 0.434570 0.006836 0.048828
0 0.475830 0.411133 0.005371 0.011719
0 0.461914 0.422852 0.005859 0.027344
0 0.466553 0.417480 0.007324 0.012695
0 0.453613 0.434570 0.009766 0.052734
0 0.427979 0.439941 0.012207 0.053711
0 0.531982 0.438477 0.012207 0.080078
0 0.613037 0.436035 0.013184 0.077148
0 0.771240 0.426270 0.019043 0.110352
0 0.667969 0.435547 0.009766 0.074219
0 0.658936 0.436523 0.014160 0.076172
0 0.690430 0.431641 0.019531 0.093750
0 0.705322 0.436035 0.016113 0.100586
0 0.739746 0.423828 0.016602 0.115234
0 0.722412 0.433594 0.026855 0.099609
0 0.232666 0.442383 0.010254 0.042969
0 0.129883 0.456543 0.011719 0.079102
0 0.283936 0.442383 0.008301 0.046875
1 0.581543 0.450195 0.062500 0.087891
1 0.465088 0.449219 0.021973 0.064453
1 0.495850 0.455078 0.061035 0.091797
1 0.279053 0.445312 0.023926 0.035156
1 0.297852 0.445312 0.027344 0.035156
1 0.318359 0.446289 0.032227 0.035156
1 0.334961 0.446289 0.018555 0.037109
1 0.338135 0.448242 0.013184 0.039062
1 0.395508 0.442383 0.035156 0.050781
1 0.360352 0.443848 0.042969 0.057617
1 0.252441 0.445801 0.031250 0.034180
1 0.057617 0.445312 0.026367 0.015625
1 0.923828 0.571289 0.146484 0.597656
2 0.844482 0.528809 0.076660 0.258789