0 0.481445 0.410156 0.006836 0.041016
0 0.409180 0.396484 0.006836 0.009766
0 0.110352 0.424316 0.024414 0.141602
0 0.178223 0.405273 0.026367 0.080078
0 0.140625 0.421875 0.023438 0.146484
0 0.152588 0.448242 0.029785 0.083984
0 0.013184 0.440430 0.020508 0.193359
0 0.070557 0.447754 0.036621 0.190430
0 0.044434 0.478027 0.031250 0.127930
0 0.344238 0.389648 0.008789 0.011719
0 0.354736 0.387207 0.008301 0.016602
0 0.722656 0.417480 0.009766 0.043945
0 0.741699 0.412109 0.007812 0.046875
0 0.733643 0.419434 0.009277 0.049805
0 0.749268 0.418945 0.011230 0.054688
0 0.755371 0.428711 0.006836 0.074219
0 0.765869 0.433594 0.020020 0.117188
0 0.792725 0.433594 0.029785 0.177734
0 0.822510 0.439453 0.027832 0.166016
0 0.701904 0.433105 0.016113 0.077148
0 0.601074 0.435547 0.022461 0.095703
1 0.514160 0.432617 0.037109 0.066406
1 0.551758 0.435059 0.040039 0.081055
1 0.538818 0.450195 0.059082 0.091797
1 0.415039 0.433594 0.032227 0.070312
1 0.393311 0.437988 0.030762 0.084961
1 0.442139 0.447266 0.063965 0.083984
1 0.365234 0.471191 0.071289 0.151367
1 0.245361 0.492188 0.202637 0.265625
1 0.642822 0.407715 0.050293 0.100586
1 0.631348 0.426270 0.047852 0.104492
2 0.481445 0.443359 0.009766 0.035156
2 0.708496 0.446777 0.019531 0.041992
2 0.678711 0.439453 0.010742 0.033203
2 0.670654 0.455078 0.021973 0.093750
3 0.645264 0.455566 0.031738 0.106445