1 0.219238 0.442871 0.057617 0.061523
1 0.426758 0.425781 0.012695 0.021484
1 0.419189 0.425781 0.008301 0.021484
1 0.453369 0.425293 0.005371 0.020508
1 0.443115 0.425293 0.012207 0.020508
1 0.458984 0.424316 0.008789 0.028320
1 0.466309 0.423828 0.011719 0.031250
1 0.483398 0.416992 0.024414 0.042969
1 0.499268 0.420410 0.030762 0.045898
1 0.405762 0.423828 0.020508 0.041016
1 0.384521 0.430664 0.038574 0.060547
1 0.336914 0.447754 0.070312 0.100586
1 0.534668 0.441406 0.060547 0.095703
1 0.961182 0.401367 0.071777 0.103516
1 0.798828 0.417969 0.119141 0.179688
1 0.866455 0.443359 0.145996 0.185547
1 0.126953 0.515625 0.181641 0.222656