0 0.341553 0.426758 0.011230 0.041016
0 0.276855 0.445312 0.017578 0.087891
0 0.561523 0.429688 0.005859 0.060547
0 0.659668 0.425293 0.017578 0.067383
1 0.496094 0.424316 0.005859 0.016602
1 0.491699 0.431641 0.007812 0.029297
1 0.480713 0.438477 0.024902 0.048828
1 0.432129 0.436035 0.017578 0.041992
1 0.430664 0.446777 0.007812 0.024414
1 0.454102 0.444336 0.042969 0.066406
1 0.421143 0.439941 0.015137 0.051758
1 0.414551 0.441406 0.013672 0.054688
1 0.408691 0.448242 0.011719 0.052734
1 0.387939 0.447266 0.014160 0.064453
1 0.362305 0.448730 0.054688 0.075195
1 0.149414 0.462402 0.072266 0.081055
1 0.130127 0.464355 0.027832 0.053711
1 0.069580 0.521484 0.133301 0.275391
1 0.586670 0.432129 0.040527 0.075195
1 0.583984 0.439941 0.023438 0.065430
1 0.604980 0.442383 0.051758 0.072266
1 0.762939 0.475586 0.163574 0.261719
1 0.893066 0.512695 0.208008 0.447266
2 0.396729 0.465820 0.020996 0.060547
2 0.553223 0.436035 0.007812 0.020508