0 0.195801 0.435547 0.017578 0.089844
1 0.680176 0.416504 0.084961 0.053711
1 0.590332 0.412598 0.045898 0.061523
1 0.585693 0.438965 0.027832 0.084961
1 0.411621 0.431152 0.020508 0.026367
1 0.390625 0.432129 0.022461 0.034180
1 0.350586 0.435547 0.078125 0.050781
1 0.197754 0.439453 0.026367 0.033203
1 0.083740 0.450684 0.042480 0.040039
1 0.528076 0.482910 0.129395 0.213867
2 0.615479 0.430176 0.011230 0.024414
2 0.185547 0.453125 0.012695 0.027344
2 0.168457 0.453125 0.026367 0.031250
2 0.136475 0.451172 0.016113 0.031250
2 0.011230 0.458008 0.016602 0.035156
3 0.442139 0.429688 0.006348 0.017578
3 0.434570 0.431152 0.009766 0.018555
3 0.054443 0.461426 0.021973 0.026367