0 0.658447 0.466309 0.035645 0.180664
1 0.354004 0.432129 0.036133 0.067383
1 0.357178 0.452637 0.028809 0.057617
1 0.356689 0.457031 0.020996 0.062500
1 0.341064 0.462402 0.033691 0.077148
1 0.300049 0.464355 0.068848 0.090820
1 0.075928 0.533691 0.145996 0.270508
1 0.418457 0.442383 0.014648 0.027344
1 0.452637 0.439453 0.019531 0.042969
1 0.469727 0.440918 0.027344 0.051758
1 0.484619 0.445801 0.014160 0.045898
1 0.504639 0.442383 0.032715 0.056641
1 0.542480 0.448730 0.047852 0.069336
1 0.567139 0.469238 0.009277 0.073242
1 0.593506 0.446777 0.054199 0.153320
1 0.645264 0.446289 0.109863 0.208984
1 0.743652 0.531738 0.100586 0.268555