0 0.071289 0.472168 0.008789 0.041992
0 0.116699 0.475586 0.006836 0.033203
0 0.124756 0.465820 0.011230 0.044922
0 0.176758 0.464355 0.006836 0.040039
0 0.222656 0.458496 0.007812 0.055664
0 0.228271 0.460938 0.010254 0.046875
0 0.304199 0.455078 0.006836 0.044922
0 0.333984 0.450684 0.007812 0.047852
0 0.505859 0.448242 0.008789 0.050781
0 0.496094 0.451660 0.011719 0.065430
0 0.486084 0.451660 0.011230 0.067383
0 0.565674 0.440918 0.005371 0.034180
0 0.570068 0.439453 0.005371 0.033203
0 0.967041 0.412598 0.011230 0.079102
0 0.990967 0.436523 0.012207 0.115234
2 0.405762 0.484863 0.034180 0.024414
2 0.584229 0.448730 0.007324 0.041992
2 0.627441 0.451172 0.021484 0.044922
2 0.982910 0.465820 0.018555 0.064453
2 0.950195 0.461426 0.013672 0.041992
2 0.904297 0.456055 0.041016 0.037109
2 0.835205 0.465332 0.035645 0.036133