0 0.316895 0.425293 0.007812 0.014648
0 0.218750 0.434082 0.004883 0.016602
0 0.203125 0.433105 0.008789 0.022461
0 0.194824 0.431641 0.007812 0.029297
0 0.161621 0.433105 0.004883 0.032227
0 0.155029 0.429688 0.007324 0.029297
0 0.165527 0.432129 0.007812 0.034180
0 0.065430 0.427734 0.006836 0.039062
0 0.073486 0.424805 0.010254 0.041016
0 0.052002 0.425781 0.007324 0.046875
1 0.672852 0.474609 0.029297 0.017578
1 0.742188 0.473145 0.041992 0.026367
1 0.574463 0.460938 0.026855 0.037109
1 0.614502 0.456055 0.062988 0.076172
1 0.532471 0.461426 0.032715 0.043945
1 0.886963 0.640625 0.220215 0.669922