1 0.641846 0.430176 0.015137 0.051758
1 0.656006 0.428223 0.029785 0.053711
1 0.751709 0.456543 0.106934 0.166992
1 0.896729 0.509766 0.200684 0.304688
1 0.944824 0.576172 0.104492 0.416016
1 0.555176 0.430664 0.014648 0.033203
1 0.532471 0.419922 0.031738 0.070312
1 0.522949 0.441406 0.011719 0.058594
1 0.511963 0.442871 0.027832 0.071289
1 0.501953 0.447754 0.025391 0.077148
1 0.483154 0.451660 0.045410 0.086914
1 0.448975 0.463867 0.053223 0.107422
1 0.413330 0.484863 0.054199 0.157227
1 0.327637 0.496582 0.156250 0.256836
1 0.142822 0.610352 0.279785 0.419922
2 0.810547 0.433105 0.015625 0.016602