0 0.475586 0.437012 0.011719 0.038086
1 0.423340 0.437500 0.018555 0.029297
1 0.423584 0.445312 0.010254 0.029297
1 0.422363 0.445801 0.006836 0.024414
1 0.383545 0.422852 0.054199 0.044922
1 0.325684 0.480957 0.027344 0.053711
1 0.309814 0.470703 0.008301 0.042969
1 0.388672 0.467773 0.074219 0.111328
1 0.156738 0.438965 0.249023 0.225586
1 0.187012 0.495605 0.078125 0.149414
1 0.113525 0.501953 0.132324 0.173828
1 0.059326 0.507812 0.112793 0.181641
1 0.556396 0.455078 0.023926 0.085938
1 0.572754 0.460938 0.043945 0.103516
1 0.593506 0.468750 0.050293 0.126953
1 0.617188 0.464844 0.041016 0.156250
1 0.646973 0.486328 0.090820 0.222656
1 0.767822 0.511719 0.227051 0.339844
2 0.340576 0.464355 0.023926 0.071289
2 0.289062 0.505859 0.039062 0.142578
2 0.515137 0.475098 0.007812 0.069336
2 0.471680 0.445801 0.015625 0.024414