0 0.237061 0.533203 0.012207 0.021484
1 0.568848 0.448730 0.012695 0.018555
1 0.561035 0.451660 0.008789 0.018555
1 0.552734 0.451660 0.011719 0.020508
1 0.544922 0.452148 0.006836 0.021484
1 0.537598 0.447266 0.009766 0.035156
1 0.525635 0.447754 0.020020 0.036133
1 0.519043 0.452148 0.023438 0.031250
1 0.494141 0.453613 0.016602 0.040039
1 0.483154 0.454590 0.017090 0.041992
1 0.462891 0.456055 0.033203 0.046875
1 0.625732 0.466309 0.031738 0.098633
1 0.627441 0.475586 0.024414 0.103516
1 0.676025 0.465820 0.100098 0.171875
1 0.762451 0.506348 0.157715 0.241211
1 0.895996 0.570312 0.202148 0.425781
2 0.208984 0.514160 0.039062 0.129883
2 0.606689 0.470215 0.012207 0.049805