0 0.582764 0.413086 0.007324 0.031250
0 0.540283 0.417480 0.008301 0.028320
0 0.152344 0.462891 0.009766 0.054688
0 0.143555 0.466797 0.008789 0.048828
1 0.754395 0.405762 0.018555 0.036133
1 0.763916 0.411133 0.018066 0.037109
1 0.698486 0.413086 0.015137 0.029297
1 0.721191 0.424805 0.036133 0.054688
1 0.024902 0.483398 0.040039 0.037109
1 0.513428 0.445312 0.064941 0.078125
1 0.447266 0.450684 0.084961 0.100586
1 0.633057 0.434082 0.029785 0.067383
1 0.671875 0.440430 0.067383 0.099609
2 0.107666 0.481445 0.017090 0.035156
2 0.800781 0.529785 0.034180 0.165039