0 0.656494 0.419434 0.009277 0.067383
0 0.746094 0.429688 0.011719 0.099609
0 0.429932 0.416992 0.005371 0.027344
0 0.365723 0.424805 0.008789 0.044922
0 0.357666 0.426270 0.007324 0.041992
0 0.352051 0.424316 0.006836 0.040039
1 0.182617 0.443359 0.006836 0.033203
1 0.463135 0.426270 0.020996 0.028320
1 0.521729 0.417480 0.019043 0.018555
1 0.713867 0.426270 0.047852 0.073242
1 0.738037 0.437012 0.027832 0.077148
1 0.392578 0.431152 0.028320 0.038086
1 0.293213 0.436035 0.051270 0.053711
1 0.614746 0.442383 0.052734 0.080078
1 0.549805 0.415527 0.009766 0.020508
1 0.560303 0.414551 0.019043 0.022461
2 0.657227 0.431641 0.020508 0.039062
2 0.892578 0.472656 0.032227 0.085938
2 0.837891 0.470703 0.020508 0.093750
2 0.803467 0.483398 0.008301 0.044922
2 0.072998 0.443359 0.022949 0.048828
2 0.007080 0.456055 0.008301 0.041016
2 0.772705 0.474609 0.007324 0.044922