1 0.252197 0.447266 0.014160 0.021484
1 0.225342 0.448242 0.010254 0.023438
1 0.236572 0.447754 0.020996 0.026367
1 0.211670 0.448242 0.018066 0.027344
1 0.454102 0.427246 0.009766 0.016602
1 0.433594 0.431152 0.012695 0.024414
1 0.281494 0.448242 0.038574 0.056641
1 0.414551 0.433105 0.022461 0.043945
1 0.596191 0.427734 0.023438 0.029297
1 0.619629 0.424805 0.049805 0.033203
1 0.729492 0.416504 0.053711 0.038086
1 0.763916 0.417480 0.029785 0.051758
1 0.789795 0.412598 0.032715 0.057617
1 0.796631 0.411621 0.018066 0.049805
1 0.821045 0.393555 0.041504 0.027344
1 0.843750 0.412598 0.102539 0.067383
1 0.945312 0.406250 0.103516 0.099609
2 0.446289 0.441406 0.018555 0.019531