1 0.402832 0.438965 0.014648 0.047852
1 0.392578 0.439941 0.023438 0.051758
1 0.382080 0.442383 0.017090 0.054688
1 0.375244 0.445801 0.015137 0.057617
1 0.360107 0.445801 0.027832 0.069336
1 0.327393 0.451660 0.059082 0.077148
1 0.266846 0.459473 0.064941 0.116211
1 0.191162 0.473145 0.122559 0.149414
1 0.096191 0.420410 0.186523 0.358398
1 0.506348 0.419922 0.005859 0.009766
1 0.529785 0.424316 0.007812 0.026367
1 0.539307 0.419922 0.015137 0.041016
1 0.539795 0.430176 0.006348 0.032227
1 0.552734 0.425781 0.024414 0.044922
1 0.556641 0.432129 0.023438 0.047852
1 0.559326 0.438965 0.020020 0.049805
1 0.567627 0.444824 0.014160 0.059570
1 0.571045 0.445801 0.012207 0.065430
1 0.588867 0.445801 0.030273 0.071289
1 0.626221 0.451172 0.068848 0.113281
1 0.645264 0.464355 0.064941 0.110352
1 0.785400 0.429199 0.234863 0.420898
1 0.960938 0.628418 0.072266 0.331055
1 0.435303 0.445801 0.051270 0.079102
2 0.588135 0.479980 0.010254 0.069336