0 0.628418 0.437988 0.009766 0.040039
0 0.619141 0.437012 0.009766 0.041992
0 0.560059 0.440430 0.009766 0.050781
0 0.509033 0.449707 0.010254 0.057617
0 0.468262 0.452148 0.009766 0.064453
0 0.422852 0.451660 0.010742 0.069336
0 0.402832 0.462402 0.011719 0.055664
0 0.247070 0.460938 0.008789 0.060547
0 0.267090 0.462402 0.009766 0.081055
0 0.262207 0.467773 0.018555 0.119141
0 0.231201 0.464844 0.023926 0.093750
0 0.810547 0.437012 0.008789 0.051758
0 0.798340 0.435059 0.006836 0.069336
0 0.693848 0.449707 0.018555 0.079102
0 0.710938 0.448242 0.013672 0.083984
0 0.726074 0.448730 0.016602 0.104492
0 0.743896 0.444336 0.013184 0.109375
0 0.763184 0.459961 0.006836 0.085938
0 0.753906 0.444824 0.018555 0.137695
0 0.788086 0.453125 0.034180 0.146484
0 0.822754 0.444824 0.020508 0.143555
0 0.910400 0.420898 0.020996 0.103516
0 0.913086 0.462402 0.032227 0.143555
0 0.920898 0.489258 0.036133 0.107422
0 0.939209 0.503418 0.020020 0.081055
0 0.888916 0.449219 0.041504 0.236328
0 0.960205 0.444824 0.068848 0.258789
0 0.737793 0.460938 0.022461 0.107422
0 0.668701 0.440918 0.008301 0.041992
2 0.492432 0.460938 0.015137 0.037109
2 0.456055 0.461426 0.017578 0.032227