0 0.310547 0.445312 0.006836 0.033203
0 0.316895 0.449707 0.006836 0.032227
0 0.341064 0.448242 0.006348 0.033203
0 0.356934 0.449219 0.010742 0.041016
0 0.798828 0.437988 0.007812 0.020508
0 0.790039 0.434570 0.014648 0.029297
0 0.980225 0.488281 0.033691 0.212891
0 0.733643 0.485352 0.027832 0.121094
0 0.569092 0.457520 0.009277 0.086914
0 0.560791 0.454590 0.012207 0.094727
1 0.201172 0.447754 0.015625 0.020508
1 0.239014 0.461426 0.028809 0.045898
1 0.380127 0.450195 0.014160 0.027344
1 0.725586 0.440918 0.068359 0.030273
1 0.154785 0.482910 0.064453 0.086914
1 0.045410 0.568359 0.084961 0.292969
1 0.186768 0.451660 0.016113 0.030273
2 0.099854 0.481445 0.012207 0.052734