0 0.524902 0.350586 0.012695 0.076172
0 0.515381 0.331543 0.010254 0.026367
0 0.545166 0.357422 0.010254 0.085938
0 0.555420 0.361816 0.011230 0.088867
0 0.565918 0.368652 0.012695 0.081055
0 0.589600 0.365723 0.012207 0.081055
0 0.603027 0.351562 0.014648 0.068359
0 0.596191 0.379395 0.018555 0.059570
0 0.757568 0.356445 0.013184 0.070312
0 0.772217 0.336426 0.010254 0.040039
0 0.782471 0.364258 0.020020 0.080078
0 0.792969 0.366699 0.011719 0.077148
0 0.176758 0.353516 0.007812 0.037109
0 0.187012 0.338379 0.016602 0.069336
0 0.215576 0.364258 0.018066 0.058594
0 0.141602 0.353516 0.008789 0.060547
0 0.154053 0.350586 0.022949 0.056641
0 0.735596 0.361328 0.013184 0.085938
0 0.727295 0.369141 0.019043 0.087891
0 0.692627 0.353516 0.009277 0.058594
0 0.706543 0.334961 0.011719 0.033203
1 0.250977 0.299316 0.020508 0.026367
1 0.348145 0.327148 0.033203 0.042969
1 0.992432 0.401855 0.009277 0.045898
1 0.226562 0.315918 0.026367 0.040039
1 0.322510 0.349121 0.021973 0.077148
1 0.280029 0.365234 0.072754 0.138672
1 0.160400 0.421875 0.165527 0.099609
1 0.039551 0.776367 0.073242 0.406250
1 0.481934 0.444824 0.105469 0.168945
2 0.437012 0.328613 0.028320 0.028320
2 0.092529 0.414551 0.047363 0.069336
2 0.057129 0.484863 0.108398 0.151367
2 0.657471 0.382812 0.022949 0.046875
2 0.668701 0.388184 0.030762 0.059570
2 0.716064 0.389648 0.020996 0.037109
2 0.696777 0.391602 0.037109 0.050781
3 0.489014 0.398438 0.008301 0.017578
3 0.511719 0.493652 0.037109 0.159180