0 0.440430 0.414062 0.006836 0.027344
0 0.338867 0.411133 0.005859 0.042969
0 0.189941 0.401367 0.008789 0.039062
0 0.171387 0.432129 0.029297 0.125977
0 0.140381 0.421387 0.028809 0.151367
0 0.478027 0.423340 0.004883 0.026367
0 0.482666 0.421387 0.005371 0.032227
0 0.487549 0.421875 0.007324 0.033203
0 0.494385 0.418457 0.007324 0.041992
0 0.549072 0.407227 0.023926 0.083984
0 0.547852 0.435547 0.021484 0.125000
0 0.506104 0.443359 0.018066 0.150391
0 0.519531 0.447266 0.028320 0.158203
0 0.645996 0.389160 0.019531 0.053711
0 0.566650 0.413574 0.009277 0.024414
0 0.732178 0.424805 0.035645 0.167969
0 0.892822 0.426270 0.025879 0.149414
0 0.943848 0.429688 0.033203 0.181641
1 0.208008 0.408691 0.024414 0.036133
2 0.507812 0.482910 0.023438 0.045898
2 0.905273 0.461914 0.050781 0.080078
2 0.425537 0.419922 0.007324 0.015625
2 0.037109 0.416016 0.015625 0.041016
3 0.123535 0.413086 0.011719 0.039062
3 0.692871 0.489258 0.139648 0.248047