0 0.115234 0.442871 0.016602 0.057617
0 0.130371 0.432129 0.012695 0.040039
0 0.093506 0.456543 0.033691 0.110352
0 0.597656 0.385742 0.017578 0.025391
1 0.547119 0.405762 0.021973 0.028320
1 0.573975 0.424805 0.020020 0.042969
1 0.581299 0.426270 0.014160 0.040039
1 0.543701 0.442383 0.037598 0.072266
1 0.414551 0.450195 0.023438 0.042969
1 0.368408 0.452637 0.086426 0.135742
1 0.342773 0.484375 0.056641 0.126953
1 0.286133 0.497559 0.110352 0.170898
1 0.181396 0.552246 0.218262 0.231445
1 0.063965 0.619629 0.122070 0.338867
1 0.650146 0.472168 0.092285 0.176758
1 0.760742 0.496582 0.204102 0.280273
1 0.483154 0.499512 0.133301 0.204102
2 0.951172 0.642090 0.041992 0.114258