0 0.043457 0.444824 0.009766 0.053711
0 0.105469 0.442383 0.005859 0.044922
0 0.207031 0.500000 0.019531 0.066406
0 0.262939 0.405762 0.010254 0.073242
0 0.150635 0.449219 0.009277 0.062500
0 0.137207 0.460938 0.025391 0.142578
0 0.325439 0.420410 0.010254 0.034180
0 0.556885 0.438477 0.015137 0.080078
1 0.091309 0.437500 0.037109 0.027344
1 0.291992 0.434082 0.019531 0.014648
1 0.410645 0.435059 0.016602 0.032227
1 0.398193 0.440918 0.011230 0.049805
1 0.378906 0.444824 0.039062 0.069336
1 0.464844 0.402832 0.025391 0.018555
1 0.501465 0.458496 0.033203 0.079102
1 0.457275 0.468750 0.076660 0.119141
1 0.680420 0.485840 0.125488 0.215820
1 0.792969 0.512207 0.186523 0.311523
1 0.896973 0.587891 0.200195 0.566406