0 0.658936 0.402832 0.005371 0.030273
0 0.664307 0.402832 0.007324 0.034180
0 0.415771 0.426758 0.008301 0.039062
0 0.720703 0.412109 0.033203 0.140625
0 0.752441 0.413574 0.029297 0.137695
1 0.178955 0.451660 0.009277 0.043945
1 0.146484 0.436035 0.057617 0.086914
1 0.082031 0.456543 0.054688 0.069336
1 0.032471 0.470703 0.059082 0.068359
2 0.541504 0.419922 0.017578 0.013672
2 0.686523 0.427246 0.013672 0.055664
2 0.647949 0.445801 0.014648 0.059570
2 0.845215 0.433594 0.059570 0.107422
2 0.933838 0.444336 0.047363 0.130859
2 0.971436 0.437988 0.051270 0.153320