0 0.790283 0.420898 0.028809 0.134766
0 0.685059 0.431152 0.019531 0.096680
0 0.007080 0.433594 0.008301 0.048828
0 0.063477 0.427734 0.014648 0.052734
1 0.980957 0.400879 0.032227 0.030273
1 0.147949 0.408691 0.038086 0.018555
1 0.198486 0.410156 0.051270 0.027344
1 0.159668 0.421387 0.060547 0.032227
1 0.394287 0.437988 0.009277 0.053711
1 0.375732 0.435059 0.034668 0.067383
1 0.355713 0.441895 0.047363 0.069336
1 0.458496 0.419434 0.012695 0.020508
1 0.498535 0.417969 0.011719 0.027344
1 0.484619 0.420410 0.025879 0.040039
1 0.514893 0.416504 0.021973 0.041992
1 0.520752 0.422852 0.010254 0.039062
1 0.530029 0.422852 0.015137 0.042969
1 0.538818 0.424316 0.009277 0.049805
1 0.557617 0.426270 0.039062 0.061523
1 0.403564 0.443359 0.020020 0.072266
1 0.431885 0.442871 0.062012 0.092773
2 0.968018 0.447754 0.058105 0.086914