0 0.042236 0.452637 0.020020 0.077148
0 0.768555 0.416016 0.015625 0.082031
0 0.752686 0.417969 0.018066 0.082031
0 0.731445 0.417969 0.016602 0.085938
0 0.474365 0.433594 0.011230 0.044922
1 0.355225 0.452148 0.052246 0.072266
1 0.211670 0.459473 0.131348 0.094727
1 0.638916 0.419922 0.036621 0.039062
1 0.969238 0.515625 0.055664 0.564453
1 0.457031 0.441406 0.020508 0.062500
1 0.427490 0.447266 0.057129 0.087891
1 0.529785 0.441895 0.080078 0.145508
2 0.324463 0.454590 0.010254 0.045898
2 0.045410 0.468750 0.034180 0.052734
2 0.674805 0.436035 0.005859 0.043945
2 0.696777 0.446289 0.005859 0.052734