0 0.067139 0.381836 0.007324 0.013672
0 0.053467 0.390137 0.011230 0.030273
0 0.729980 0.399902 0.017578 0.051758
0 0.751221 0.404785 0.016113 0.047852
0 0.762939 0.419922 0.009277 0.023438
0 0.870605 0.401367 0.007812 0.074219
0 0.858643 0.403320 0.012207 0.080078
0 0.612549 0.408203 0.005371 0.056641
1 0.139160 0.418945 0.046875 0.021484
1 0.077148 0.405273 0.039062 0.039062
1 0.021484 0.376465 0.037109 0.014648
1 0.009521 0.392090 0.013184 0.034180
1 0.072998 0.416016 0.029785 0.052734
1 0.032471 0.419434 0.055176 0.071289
1 0.810547 0.400879 0.053711 0.061523
1 0.533936 0.445801 0.092285 0.141602
1 0.410156 0.454102 0.136719 0.166016
2 0.824951 0.432129 0.042480 0.057617
3 0.595947 0.484375 0.027832 0.083984