0 0.223145 0.390625 0.006836 0.027344
0 0.235107 0.395508 0.009277 0.027344
0 0.697266 0.412598 0.015625 0.057617
1 0.569092 0.402344 0.018066 0.017578
1 0.542725 0.399414 0.036621 0.023438
1 0.504883 0.401855 0.041016 0.020508
1 0.347656 0.396484 0.008789 0.013672
1 0.360107 0.407715 0.024902 0.036133
1 0.316406 0.397461 0.021484 0.021484
1 0.215576 0.424316 0.025879 0.069336
1 0.157959 0.394043 0.034668 0.030273
1 0.046875 0.439941 0.041992 0.090820
1 0.333740 0.416504 0.033691 0.049805
1 0.301758 0.421387 0.037109 0.053711
1 0.257080 0.426270 0.062012 0.077148
1 0.184326 0.435059 0.065918 0.086914
1 0.097656 0.437012 0.107422 0.122070
1 0.448486 0.406738 0.032715 0.024414
1 0.693848 0.397949 0.036133 0.051758
1 0.947266 0.425781 0.099609 0.089844
1 0.623291 0.416016 0.038574 0.066406