0 0.388428 0.428223 0.005371 0.016602
1 0.053711 0.441406 0.026367 0.031250
1 0.023682 0.459473 0.038574 0.032227
1 0.137207 0.454590 0.031250 0.041992
1 0.105713 0.453125 0.038574 0.052734
1 0.095459 0.462402 0.054199 0.063477
1 0.470215 0.427734 0.010742 0.027344
1 0.473877 0.428223 0.009277 0.022461
1 0.479736 0.427246 0.005371 0.022461
1 0.444580 0.443848 0.019043 0.047852
1 0.484375 0.446777 0.014648 0.069336
1 0.418945 0.448730 0.049805 0.075195
1 0.515625 0.461426 0.075195 0.118164
1 0.328613 0.477051 0.143555 0.204102
2 0.909668 0.487305 0.065430 0.187500