1 0.106201 0.423828 0.058105 0.064453
1 0.062256 0.441895 0.073730 0.131836
1 0.329346 0.418457 0.039551 0.038086
1 0.216797 0.410156 0.090820 0.070312
1 0.498779 0.424316 0.011230 0.026367
1 0.488525 0.412109 0.021973 0.048828
1 0.481689 0.415039 0.008301 0.021484
1 0.478027 0.436523 0.015625 0.027344
1 0.435547 0.426270 0.069336 0.057617
1 0.432617 0.428223 0.065430 0.053711
1 0.688721 0.448242 0.129395 0.082031
1 0.985596 0.391113 0.022949 0.026367
1 0.953125 0.405273 0.020508 0.009766
1 0.936768 0.411133 0.020996 0.029297
1 0.942627 0.451172 0.108887 0.095703
1 0.572266 0.435059 0.062500 0.073242
2 0.391113 0.435059 0.023438 0.045898
2 0.242676 0.426758 0.037109 0.044922