0 0.510742 0.427734 0.007812 0.066406
0 0.529541 0.399902 0.009277 0.034180
0 0.525146 0.411621 0.009277 0.028320
0 0.649902 0.435059 0.008789 0.061523
0 0.894043 0.438965 0.038086 0.194336
0 0.940918 0.441895 0.049805 0.188477
0 0.985352 0.440430 0.023438 0.242188
0 0.144287 0.402832 0.011230 0.018555
0 0.111816 0.431152 0.017578 0.083008
0 0.047363 0.426758 0.012695 0.083984
0 0.060791 0.429199 0.013184 0.090820
1 0.365479 0.421875 0.008301 0.015625
1 0.418457 0.420410 0.021484 0.038086
1 0.393066 0.437988 0.041992 0.061523
1 0.437500 0.442383 0.022461 0.076172
1 0.470703 0.459961 0.073242 0.123047
1 0.552490 0.456055 0.070801 0.101562
1 0.333740 0.420898 0.007324 0.011719
1 0.305664 0.434082 0.033203 0.051758
1 0.266602 0.439453 0.049805 0.070312
1 0.089355 0.424316 0.070312 0.049805
1 0.045410 0.426270 0.017578 0.051758
1 0.146240 0.450195 0.057129 0.076172
1 0.195801 0.452148 0.066406 0.091797
1 0.021484 0.468262 0.037109 0.364258
2 0.108887 0.449707 0.030273 0.055664
2 0.062744 0.450684 0.022949 0.063477