1 0.491699 0.411621 0.012695 0.012695
1 0.425781 0.414062 0.025391 0.048828
1 0.418457 0.414551 0.023438 0.045898
1 0.414795 0.424805 0.013184 0.035156
1 0.384033 0.410645 0.054199 0.065430
1 0.352783 0.461426 0.018066 0.083008
1 0.302246 0.478516 0.108398 0.232422
1 0.181885 0.521973 0.209473 0.354492
1 0.065674 0.553223 0.125488 0.489258
1 0.557617 0.397461 0.005859 0.019531
1 0.562988 0.417480 0.014648 0.047852
1 0.573730 0.420898 0.027344 0.064453
1 0.783691 0.404785 0.031250 0.110352
1 0.607178 0.431641 0.045410 0.095703
1 0.644775 0.439941 0.075684 0.133789
1 0.534180 0.425293 0.044922 0.092773
1 0.728271 0.459961 0.143066 0.210938
1 0.915039 0.531738 0.164062 0.629883