0 0.661865 0.485840 0.032715 0.141602
0 0.711914 0.482422 0.015625 0.148438
0 0.655518 0.488281 0.026855 0.150391
0 0.684814 0.489746 0.018066 0.137695
0 0.700684 0.487305 0.025391 0.160156
0 0.743652 0.492676 0.023438 0.124023
0 0.814697 0.492188 0.021973 0.146484
0 0.803223 0.496582 0.037109 0.153320
0 0.837158 0.497070 0.020020 0.119141
0 0.851807 0.476562 0.010254 0.076172
0 0.863281 0.441895 0.022461 0.067383
2 0.537598 0.510742 0.009766 0.056641
2 0.861328 0.556641 0.036133 0.197266
2 0.561279 0.514160 0.016113 0.061523