0 0.655762 0.409668 0.007812 0.038086
0 0.673828 0.416016 0.008789 0.056641
0 0.680908 0.414062 0.006348 0.058594
0 0.687988 0.416016 0.011719 0.080078
0 0.696289 0.427246 0.009766 0.051758
0 0.710938 0.418457 0.006836 0.069336
0 0.718750 0.413574 0.013672 0.079102
0 0.734863 0.429688 0.008789 0.044922
0 0.802734 0.430176 0.025391 0.137695
0 0.828857 0.428711 0.029785 0.136719
0 0.614258 0.419434 0.005859 0.055664
0 0.609131 0.416992 0.006348 0.064453
0 0.013672 0.453613 0.021484 0.127930
1 0.464600 0.418457 0.026855 0.038086
1 0.520996 0.418945 0.016602 0.029297
1 0.540771 0.424805 0.030762 0.052734
1 0.573730 0.437988 0.045898 0.077148
1 0.618164 0.415527 0.053711 0.034180
1 0.789795 0.419922 0.054199 0.080078
1 0.840820 0.425781 0.076172 0.093750
1 0.493896 0.426270 0.042480 0.071289
1 0.392578 0.417480 0.040039 0.061523
1 0.307617 0.431641 0.054688 0.080078
1 0.210205 0.452148 0.089355 0.103516
1 0.430176 0.428223 0.046875 0.065430
2 0.754150 0.472656 0.020996 0.070312
2 0.161621 0.449219 0.024414 0.052734