0 0.212646 0.450684 0.009277 0.055664
0 0.065918 0.453613 0.012695 0.069336
0 0.020996 0.453125 0.009766 0.068359
0 0.948730 0.413574 0.028320 0.143555
0 0.846436 0.385742 0.036621 0.099609
0 0.609619 0.441406 0.045410 0.146484
1 0.545654 0.417480 0.022949 0.012695
1 0.254395 0.438965 0.018555 0.014648
1 0.399414 0.424805 0.034180 0.056641
1 0.450439 0.389648 0.068848 0.027344
1 0.676270 0.412598 0.032227 0.020508
1 0.775391 0.404297 0.039062 0.021484
1 0.917236 0.418945 0.048340 0.052734
1 0.637207 0.437500 0.095703 0.082031
1 0.521973 0.454102 0.028320 0.097656
1 0.281494 0.442871 0.009277 0.034180
1 0.321289 0.457031 0.083008 0.125000
1 0.462158 0.507324 0.143066 0.231445
2 0.158691 0.463867 0.015625 0.041016
2 0.605469 0.472656 0.066406 0.083984
2 0.242432 0.448730 0.007324 0.014648