0 0.140625 0.489258 0.017578 0.087891
0 0.128174 0.487793 0.020996 0.098633
0 0.154053 0.490723 0.016113 0.094727
1 0.280029 0.454102 0.035645 0.044922
1 0.318604 0.498535 0.062988 0.090820
1 0.403076 0.491699 0.061035 0.079102
1 0.821045 0.427734 0.040527 0.083984
1 0.870361 0.425293 0.059082 0.075195
1 0.955322 0.401367 0.083496 0.115234
1 0.960938 0.458008 0.072266 0.134766
1 0.992432 0.470215 0.009277 0.083008
1 0.653320 0.472168 0.016602 0.043945
1 0.732910 0.449219 0.165039 0.140625
1 0.484375 0.483887 0.096680 0.159180
2 0.928711 0.493164 0.011719 0.048828