0 0.401611 0.449707 0.013184 0.063477
1 0.522217 0.425293 0.016113 0.036133
1 0.532715 0.427734 0.028320 0.042969
1 0.622803 0.430176 0.038574 0.073242
1 0.636230 0.436035 0.022461 0.086914
1 0.653809 0.436523 0.039062 0.109375
1 0.698730 0.445801 0.083984 0.145508
1 0.436279 0.438477 0.022949 0.041016
1 0.439941 0.439941 0.022461 0.036133
1 0.446045 0.441406 0.028809 0.029297
1 0.455322 0.485352 0.060059 0.105469
1 0.270996 0.520508 0.135742 0.193359
2 0.491943 0.435059 0.006348 0.010742
2 0.395264 0.496094 0.020996 0.070312
2 0.158691 0.539062 0.047852 0.140625