0 0.293213 0.452148 0.012207 0.097656
0 0.279541 0.451660 0.019043 0.096680
0 0.098389 0.460938 0.016113 0.087891
0 0.083984 0.457520 0.019531 0.098633
0 0.187988 0.454590 0.016602 0.092773
0 0.174805 0.473145 0.019531 0.118164
0 0.462158 0.443848 0.010254 0.090820
0 0.441406 0.440430 0.015625 0.091797
0 0.426025 0.453125 0.012207 0.080078
0 0.382080 0.450195 0.016113 0.111328
0 0.396484 0.448730 0.014648 0.112305
0 0.415771 0.454102 0.026855 0.113281
0 0.499268 0.443359 0.019043 0.089844
0 0.536133 0.442871 0.031250 0.114258
0 0.809814 0.368164 0.012207 0.017578
0 0.856445 0.370117 0.014648 0.013672
0 0.970215 0.395020 0.012695 0.063477
0 0.904541 0.395020 0.014160 0.043945
1 0.860352 0.462891 0.133789 0.175781
3 0.775635 0.509766 0.050293 0.160156