0 0.546387 0.423340 0.012695 0.061523
0 0.504150 0.430176 0.010254 0.063477
0 0.492676 0.429688 0.011719 0.062500
1 0.837158 0.442383 0.017090 0.033203
1 0.823730 0.441895 0.018555 0.036133
1 0.777100 0.427246 0.024902 0.018555
1 0.752686 0.430664 0.016113 0.013672
1 0.792969 0.442871 0.028320 0.034180
1 0.725586 0.435059 0.038086 0.049805
1 0.760498 0.443359 0.039551 0.037109
1 0.696289 0.428223 0.017578 0.014648
1 0.647705 0.438477 0.023926 0.041016
1 0.709717 0.441895 0.031738 0.041992
1 0.667725 0.439453 0.056152 0.048828
1 0.616943 0.440430 0.040527 0.046875
1 0.071777 0.704590 0.137695 0.440430
2 0.431885 0.449219 0.029785 0.031250
2 0.232178 0.436523 0.039551 0.041016
2 0.574463 0.502441 0.095215 0.114258