1 0.413086 0.399414 0.024414 0.025391
1 0.420654 0.425781 0.017090 0.054688
1 0.409424 0.429199 0.022949 0.063477
1 0.402588 0.436035 0.018066 0.075195
1 0.353027 0.429199 0.090820 0.170898
1 0.353027 0.462891 0.047852 0.156250
1 0.328369 0.477539 0.073730 0.193359
1 0.237061 0.508789 0.196777 0.296875
1 0.111084 0.625488 0.216309 0.575195
1 0.490234 0.426270 0.016602 0.055664
1 0.512451 0.431641 0.045410 0.089844
1 0.511963 0.439941 0.020996 0.090820
1 0.531982 0.446777 0.045410 0.116211
1 0.594971 0.458008 0.121582 0.210938
1 0.759033 0.581055 0.251465 0.425781
1 0.900146 0.634277 0.193848 0.719727