1 0.546387 0.410156 0.007812 0.009766
1 0.553955 0.426758 0.019043 0.041016
1 0.579834 0.439453 0.033691 0.085938
1 0.581055 0.449707 0.032227 0.100586
1 0.591553 0.464844 0.012207 0.089844
1 0.479736 0.432129 0.020996 0.047852
1 0.350830 0.449707 0.044434 0.086914
1 0.327393 0.471191 0.010254 0.090820
1 0.521240 0.439453 0.059082 0.101562
1 0.444092 0.426270 0.061035 0.125977
1 0.252686 0.455078 0.140137 0.199219
1 0.163818 0.499512 0.169434 0.196289
1 0.786133 0.513184 0.175781 0.327148
1 0.883301 0.609375 0.227539 0.632812
2 0.564453 0.432617 0.011719 0.050781
2 0.307861 0.501465 0.028809 0.120117
2 0.376221 0.487793 0.033691 0.137695