0 0.374023 0.421875 0.005859 0.021484
0 0.365723 0.418457 0.009766 0.030273
0 0.900146 0.369629 0.021973 0.059570
0 0.239258 0.528809 0.080078 0.524414
1 0.604736 0.411621 0.014160 0.016602
1 0.593506 0.421387 0.013184 0.032227
1 0.580566 0.424805 0.026367 0.035156
1 0.505615 0.409668 0.023926 0.014648
1 0.425537 0.404297 0.041504 0.027344
1 0.396729 0.420410 0.043457 0.022461
1 0.463867 0.406738 0.066406 0.038086
1 0.735840 0.410645 0.034180 0.051758
2 0.291016 0.451172 0.013672 0.023438
2 0.548096 0.438965 0.049316 0.086914
2 0.618652 0.437988 0.048828 0.053711