1 0.557617 0.449219 0.029297 0.054688
1 0.556885 0.453613 0.020996 0.057617
1 0.569336 0.457520 0.026367 0.063477
1 0.594482 0.469727 0.056152 0.087891
1 0.443848 0.449219 0.041016 0.078125
1 0.448242 0.461426 0.021484 0.073242
1 0.432129 0.468262 0.027344 0.092773
1 0.389893 0.463379 0.080566 0.122070
1 0.390625 0.486816 0.068359 0.137695
1 0.357666 0.503418 0.064941 0.166992
1 0.260010 0.525391 0.200684 0.253906
1 0.108643 0.658691 0.211426 0.495117
1 0.639648 0.499512 0.071289 0.165039
1 0.684570 0.504883 0.105469 0.195312
1 0.757812 0.554199 0.164062 0.319336
1 0.879639 0.642090 0.234863 0.622070
2 0.567139 0.470215 0.007324 0.026367