0 0.476318 0.420898 0.007324 0.033203
1 0.473877 0.422852 0.011230 0.013672
1 0.486084 0.420898 0.010254 0.011719
1 0.564697 0.413086 0.011230 0.019531
1 0.571045 0.429688 0.016113 0.048828
1 0.580811 0.434082 0.021973 0.059570
1 0.592041 0.437988 0.020996 0.077148
1 0.610107 0.439453 0.033691 0.109375
1 0.618896 0.452637 0.025879 0.118164
1 0.696289 0.438477 0.141602 0.218750
1 0.526123 0.469727 0.092285 0.160156
1 0.430664 0.426270 0.017578 0.030273
1 0.385742 0.410156 0.038086 0.056641
1 0.377441 0.439941 0.023438 0.051758
1 0.351562 0.440430 0.041992 0.058594
1 0.268311 0.451660 0.069824 0.086914
1 0.109375 0.472168 0.144531 0.139648
1 0.408936 0.438477 0.041504 0.058594