0 0.538818 0.412109 0.008301 0.041016
0 0.571045 0.408203 0.011230 0.037109
0 0.559814 0.413086 0.011230 0.044922
0 0.883545 0.434570 0.062988 0.113281
0 0.551025 0.410645 0.009277 0.032227
1 0.655518 0.390137 0.015137 0.053711
1 0.588135 0.436523 0.063965 0.054688
1 0.687012 0.411621 0.070312 0.108398
1 0.742188 0.409668 0.041992 0.053711
1 0.720947 0.472168 0.104980 0.166992
2 0.801270 0.440918 0.014648 0.057617
2 0.790771 0.442871 0.024902 0.057617
2 0.095215 0.558594 0.080078 0.310547
2 0.510254 0.466309 0.035156 0.081055
2 0.929199 0.468750 0.047852 0.152344
2 0.979248 0.404297 0.035645 0.064453
2 0.956299 0.538574 0.081543 0.239258
2 0.979004 0.607422 0.036133 0.171875
3 0.706055 0.411133 0.061523 0.023438
3 0.707520 0.524414 0.049805 0.187500