0 0.673340 0.428223 0.010742 0.022461
0 0.722900 0.422852 0.013184 0.050781
0 0.705078 0.415039 0.013672 0.050781
0 0.647949 0.436035 0.010742 0.034180
0 0.212158 0.484375 0.023926 0.201172
0 0.204590 0.523438 0.036133 0.126953
0 0.680664 0.452637 0.020508 0.018555
1 0.989502 0.419922 0.015137 0.083984
1 0.911377 0.430664 0.053223 0.042969
1 0.822266 0.433105 0.060547 0.038086
1 0.757568 0.457031 0.081543 0.101562
1 0.874756 0.437012 0.020996 0.030273
1 0.366455 0.503906 0.259277 0.216797
2 0.657227 0.464844 0.016602 0.041016
2 0.246582 0.494629 0.050781 0.108398
2 0.173340 0.500000 0.030273 0.119141
2 0.135986 0.513184 0.069824 0.110352
2 0.079590 0.510254 0.073242 0.129883
2 0.020508 0.539062 0.035156 0.083984