0 0.178467 0.442871 0.017090 0.125977
0 0.159668 0.438965 0.025391 0.129883
0 0.135254 0.442383 0.027344 0.146484
0 0.037598 0.483887 0.069336 0.319336
0 0.586914 0.452148 0.015625 0.091797
0 0.617432 0.452637 0.011230 0.086914
0 0.607666 0.456055 0.017090 0.085938
0 0.630615 0.455566 0.014160 0.084961
0 0.801270 0.371094 0.010742 0.021484
0 0.820068 0.493164 0.054199 0.277344
0 0.864014 0.465820 0.058105 0.332031
0 0.188965 0.459473 0.030273 0.166992
1 0.444580 0.440430 0.011230 0.023438
1 0.448975 0.442383 0.012207 0.023438
1 0.462891 0.445312 0.020508 0.031250
1 0.510986 0.428711 0.048340 0.054688
1 0.416016 0.442871 0.035156 0.030273
1 0.370361 0.434082 0.008301 0.086914
1 0.502930 0.453125 0.019531 0.044922
1 0.506592 0.456055 0.010254 0.044922
1 0.511719 0.456055 0.014648 0.052734
1 0.533447 0.452637 0.040527 0.073242
1 0.344238 0.429688 0.047852 0.111328
1 0.329834 0.449219 0.041504 0.085938
2 0.394531 0.454102 0.005859 0.029297
2 0.551514 0.467285 0.011230 0.053711
2 0.643555 0.467285 0.015625 0.061523
2 0.663818 0.463867 0.024902 0.082031
2 0.692871 0.471680 0.019531 0.080078
2 0.677002 0.485352 0.006348 0.064453