0 0.334473 0.419922 0.012695 0.035156
1 0.596191 0.431641 0.041992 0.082031
1 0.612305 0.440430 0.053711 0.091797
1 0.674561 0.451172 0.094238 0.136719
1 0.448975 0.433105 0.027832 0.041992
1 0.428955 0.439453 0.029785 0.050781
1 0.409912 0.443848 0.024902 0.059570
1 0.399658 0.448242 0.022949 0.064453
1 0.386963 0.451172 0.035645 0.076172
1 0.358398 0.455566 0.056641 0.084961
1 0.301514 0.470215 0.085449 0.114258
1 0.237549 0.497070 0.126465 0.150391
1 0.079346 0.520508 0.152832 0.242188
1 0.015381 0.616699 0.024902 0.172852
1 0.775879 0.415527 0.101562 0.081055