1 0.618164 0.421387 0.015625 0.022461
1 0.666992 0.402832 0.057617 0.141602
1 0.678955 0.475586 0.049316 0.191406
1 0.760742 0.512207 0.194336 0.290039
1 0.579834 0.423828 0.013184 0.025391
1 0.572998 0.428711 0.009277 0.029297
1 0.565186 0.428711 0.014160 0.037109
1 0.549072 0.430176 0.024902 0.041992
1 0.448730 0.444336 0.024414 0.044922
1 0.434814 0.450684 0.015137 0.043945
1 0.487549 0.432617 0.062988 0.101562
1 0.396973 0.458496 0.069336 0.116211
1 0.324219 0.469727 0.114258 0.136719
2 0.875000 0.413086 0.033203 0.080078
2 0.535156 0.427734 0.006836 0.029297
2 0.124268 0.511719 0.061035 0.144531