0 0.863037 0.468750 0.020996 0.099609
0 0.602783 0.420898 0.007324 0.011719
0 0.438721 0.403809 0.029785 0.030273
1 0.877930 0.466797 0.020508 0.066406
1 0.770020 0.455078 0.009766 0.023438
1 0.754395 0.465332 0.029297 0.049805
1 0.694824 0.455078 0.026367 0.039062
1 0.717529 0.472656 0.048340 0.074219
1 0.650879 0.479004 0.078125 0.139648
1 0.582764 0.506348 0.103027 0.161133
1 0.475830 0.538086 0.153809 0.246094
1 0.212402 0.602539 0.418945 0.470703
2 0.021973 0.499023 0.038086 0.123047
2 0.014404 0.516113 0.022949 0.116211