1 0.538574 0.440918 0.020508 0.036133
1 0.555176 0.424805 0.032227 0.052734
1 0.563965 0.445801 0.029297 0.036133
1 0.590088 0.421875 0.050293 0.066406
1 0.602051 0.426270 0.051758 0.061523
1 0.606934 0.432617 0.041992 0.064453
1 0.656738 0.432129 0.072266 0.081055
1 0.691162 0.439941 0.088379 0.067383
1 0.290771 0.422363 0.020020 0.012695
1 0.319092 0.459961 0.021973 0.066406
1 0.306396 0.467773 0.034668 0.082031
1 0.266357 0.478516 0.074707 0.105469
1 0.419922 0.445312 0.032227 0.046875
1 0.469971 0.448730 0.070801 0.131836
1 0.122803 0.507324 0.177246 0.225586
2 0.714111 0.459961 0.022949 0.046875
2 0.882568 0.475098 0.046387 0.157227