0 0.533936 0.438965 0.005371 0.022461
0 0.521240 0.443848 0.009277 0.036133
0 0.411621 0.416992 0.008789 0.013672
0 0.616943 0.429199 0.005371 0.022461
0 0.921143 0.384766 0.032715 0.101562
1 0.527100 0.441406 0.008301 0.017578
1 0.479492 0.449707 0.012695 0.043945
1 0.473877 0.451172 0.015137 0.048828
1 0.455322 0.453613 0.037598 0.053711
1 0.414307 0.466797 0.045410 0.085938
1 0.375244 0.469727 0.050293 0.103516
1 0.368652 0.480957 0.036133 0.108398
1 0.324951 0.483398 0.075684 0.152344
1 0.248535 0.507812 0.143555 0.183594
1 0.624756 0.428711 0.018066 0.035156
1 0.592041 0.447266 0.018066 0.039062
1 0.604492 0.455078 0.030273 0.048828
1 0.925781 0.547363 0.142578 0.510742
2 0.621094 0.475586 0.005859 0.044922