1 0.320557 0.452637 0.023926 0.051758
1 0.301514 0.456543 0.046387 0.057617
1 0.375732 0.438477 0.015137 0.027344
1 0.414795 0.440430 0.021973 0.029297
1 0.430420 0.437012 0.012207 0.043945
1 0.437500 0.437012 0.017578 0.047852
1 0.446533 0.440918 0.013184 0.049805
1 0.460449 0.449219 0.011719 0.052734
1 0.479004 0.447266 0.034180 0.070312
1 0.479980 0.457520 0.018555 0.059570
1 0.489014 0.454590 0.011230 0.071289
1 0.500000 0.461914 0.029297 0.115234
1 0.543701 0.462891 0.084473 0.148438
1 0.576904 0.485840 0.106934 0.153320
1 0.778564 0.500488 0.270996 0.366211
1 0.357910 0.441895 0.018555 0.028320