0 0.291992 0.446777 0.012695 0.059570
0 0.704590 0.391113 0.012695 0.012695
0 0.932861 0.335449 0.018066 0.030273
1 0.458984 0.426270 0.009766 0.016602
1 0.433594 0.454102 0.051758 0.072266
1 0.486816 0.422363 0.018555 0.026367
1 0.499023 0.425781 0.013672 0.023438
1 0.534180 0.429688 0.017578 0.031250
1 0.545410 0.433594 0.019531 0.031250
1 0.555908 0.434570 0.023926 0.031250
1 0.667236 0.475586 0.045410 0.146484
1 0.732666 0.500488 0.159668 0.208008
1 0.891357 0.628418 0.211426 0.563477
2 0.304199 0.455566 0.007812 0.034180
2 0.278076 0.460938 0.024902 0.058594
2 0.329590 0.455566 0.011719 0.045898
2 0.341064 0.453613 0.014160 0.049805
2 0.375244 0.465332 0.010254 0.047852
2 0.580078 0.470215 0.013672 0.047852
2 0.603760 0.462402 0.006348 0.038086