0 0.306641 0.470215 0.005859 0.018555
0 0.248779 0.489258 0.005371 0.031250
0 0.242920 0.491211 0.007324 0.031250
0 0.110352 0.470703 0.012695 0.076172
0 0.075928 0.473145 0.016113 0.083008
0 0.090332 0.469727 0.019531 0.117188
0 0.565186 0.453613 0.005371 0.032227
0 0.641357 0.423340 0.008301 0.014648
0 0.684814 0.457031 0.026855 0.119141
0 0.923584 0.437012 0.030762 0.157227
0 0.572754 0.442383 0.005859 0.019531
0 0.822021 0.440430 0.020020 0.140625
1 0.340088 0.481934 0.028809 0.040039
1 0.294678 0.484375 0.032715 0.039062
1 0.453613 0.484863 0.004883 0.014648
1 0.617920 0.463867 0.102051 0.089844
1 0.453857 0.484863 0.006348 0.012695
2 0.231445 0.483887 0.012695 0.049805
2 0.220703 0.487793 0.008789 0.034180
2 0.208740 0.485840 0.008301 0.051758
2 0.183594 0.489258 0.007812 0.039062
2 0.172119 0.491699 0.007324 0.038086
2 0.164062 0.489258 0.009766 0.048828
2 0.053711 0.497559 0.016602 0.075195
2 0.524170 0.473633 0.029785 0.037109
2 0.557373 0.474121 0.020996 0.032227
2 0.698242 0.489258 0.010742 0.052734