0 0.513672 0.450684 0.010742 0.045898
0 0.501953 0.451172 0.011719 0.048828
1 0.463623 0.458984 0.022949 0.060547
1 0.437012 0.462891 0.052734 0.091797
1 0.429199 0.482422 0.056641 0.111328
1 0.395020 0.507812 0.057617 0.181641
1 0.354004 0.526367 0.093750 0.238281
1 0.234863 0.580566 0.273438 0.383789
1 0.120361 0.684082 0.234863 0.620117
1 0.508545 0.438477 0.006348 0.019531
1 0.557861 0.469727 0.029785 0.078125
1 0.572510 0.479980 0.023926 0.102539
1 0.636475 0.504395 0.084473 0.155273
1 0.780273 0.563965 0.268555 0.383789