0 0.072998 0.438477 0.018066 0.080078
0 0.666504 0.418457 0.011719 0.090820
0 0.774658 0.460449 0.061035 0.358398
0 0.739014 0.408691 0.034668 0.247070
0 0.705078 0.494141 0.099609 0.550781
0 0.919189 0.463867 0.055176 0.361328
0 0.978760 0.475586 0.036621 0.345703
0 0.811768 0.481445 0.085449 0.462891
0 0.951904 0.479980 0.086426 0.393555
0 0.554688 0.474609 0.073242 0.335938
0 0.491943 0.496094 0.064941 0.386719
0 0.402588 0.500000 0.102051 0.337891
1 0.105225 0.432617 0.020996 0.021484
1 0.450684 0.422852 0.020508 0.041016
1 0.445312 0.429199 0.012695 0.036133
1 0.435791 0.430176 0.017090 0.040039
1 0.424805 0.432129 0.030273 0.041992
1 0.468262 0.430176 0.018555 0.043945
1 0.532959 0.430664 0.009277 0.046875
1 0.519531 0.431641 0.029297 0.058594
2 0.614258 0.447266 0.007812 0.031250
2 0.570312 0.438477 0.007812 0.048828
2 0.612305 0.520020 0.122070 0.194336