1 0.501465 0.425781 0.009766 0.027344
1 0.522949 0.445312 0.028320 0.052734
1 0.540771 0.441406 0.006348 0.033203
1 0.546387 0.440430 0.010742 0.042969
1 0.554199 0.440430 0.014648 0.048828
1 0.566895 0.440918 0.024414 0.055664
1 0.585449 0.447266 0.030273 0.064453
1 0.602295 0.451172 0.023926 0.080078
1 0.635254 0.449707 0.065430 0.100586
1 0.201172 0.433594 0.040039 0.027344
1 0.197754 0.436523 0.039062 0.029297
1 0.175049 0.428711 0.020020 0.027344
1 0.171875 0.435059 0.013672 0.034180
1 0.424072 0.432129 0.008301 0.020508
1 0.351562 0.451172 0.041016 0.066406
1 0.374268 0.427246 0.009277 0.018555
1 0.393555 0.455078 0.051758 0.082031
1 0.464600 0.484375 0.104980 0.167969
1 0.091553 0.638672 0.177246 0.572266
2 0.763428 0.468262 0.023926 0.088867
2 0.947021 0.525879 0.100098 0.168945