1 0.218994 0.436035 0.017090 0.041992
1 0.200439 0.437500 0.031738 0.044922
1 0.158203 0.427246 0.052734 0.069336
1 0.130859 0.431152 0.041992 0.036133
1 0.093018 0.469727 0.180176 0.201172
1 0.483643 0.425781 0.008301 0.011719
1 0.583984 0.434082 0.017578 0.032227
1 0.599854 0.437500 0.023926 0.041016
1 0.615723 0.441895 0.020508 0.049805
1 0.635010 0.445312 0.031738 0.060547
1 0.658691 0.451660 0.041992 0.067383
1 0.837402 0.488281 0.085938 0.148438
1 0.678955 0.437500 0.021973 0.046875
1 0.741211 0.520508 0.178711 0.230469
1 0.510010 0.461426 0.062988 0.098633