0 0.179443 0.482422 0.006348 0.031250
0 0.128662 0.480957 0.006348 0.036133
0 0.122070 0.483398 0.005859 0.037109
1 0.399658 0.481445 0.017090 0.033203
1 0.409180 0.484375 0.011719 0.027344
1 0.312988 0.502441 0.043945 0.073242
1 0.361572 0.521484 0.048340 0.070312
1 0.447266 0.529785 0.074219 0.094727
1 0.630859 0.604004 0.221680 0.282227
1 0.226562 0.507324 0.067383 0.049805
1 0.058594 0.532227 0.044922 0.105469
1 0.028320 0.551758 0.050781 0.164062
1 0.010010 0.622559 0.014160 0.155273
2 0.406006 0.510254 0.025879 0.034180