1 0.263428 0.424805 0.009277 0.013672
1 0.236816 0.449707 0.050781 0.061523
1 0.140625 0.460449 0.058594 0.084961
1 0.062988 0.461426 0.110352 0.110352
1 0.281006 0.462402 0.063965 0.102539
1 0.414551 0.455078 0.047852 0.087891
1 0.338867 0.477051 0.118164 0.153320
1 0.528564 0.424316 0.015137 0.040039
1 0.521973 0.444336 0.018555 0.091797
1 0.480469 0.446289 0.084961 0.142578
1 0.592285 0.378906 0.047852 0.021484
1 0.643311 0.431152 0.017090 0.047852
1 0.693115 0.448242 0.060059 0.097656
1 0.596191 0.468750 0.100586 0.162109
1 0.790283 0.454590 0.145996 0.209961
1 0.918213 0.569824 0.157715 0.516602