0 0.324463 0.471191 0.010254 0.049805
0 0.652832 0.459473 0.004883 0.040039
0 0.766846 0.443848 0.009277 0.073242
0 0.755371 0.439941 0.019531 0.055664
0 0.775879 0.434570 0.012695 0.056641
0 0.784424 0.426758 0.009277 0.035156
0 0.810303 0.380371 0.014160 0.034180
1 0.477783 0.481934 0.009277 0.016602
1 0.468750 0.477539 0.012695 0.027344
1 0.420898 0.463867 0.030273 0.062500
1 0.448975 0.474121 0.030762 0.036133
1 0.401611 0.475586 0.016113 0.041016
1 0.365234 0.479004 0.011719 0.043945
1 0.382568 0.478516 0.036621 0.050781
1 0.164062 0.505859 0.131836 0.134766
1 0.867920 0.574707 0.258301 0.456055
1 0.608154 0.473145 0.013184 0.022461
1 0.591309 0.469727 0.020508 0.033203
1 0.558838 0.468750 0.020996 0.035156
2 0.670898 0.465820 0.012695 0.052734
2 0.711914 0.474121 0.004883 0.040039