0 0.523193 0.407227 0.006348 0.023438
0 0.559082 0.423340 0.006836 0.053711
0 0.552979 0.429688 0.012207 0.058594
0 0.656250 0.443359 0.027344 0.167969
0 0.680420 0.449707 0.028809 0.159180
0 0.714844 0.449707 0.033203 0.151367
0 0.769531 0.468750 0.013672 0.070312
0 0.763428 0.401855 0.018066 0.104492
0 0.754395 0.444336 0.025391 0.166016
0 0.786377 0.442383 0.020996 0.164062
0 0.808350 0.429688 0.028809 0.166016
0 0.088623 0.463379 0.015137 0.073242
0 0.587646 0.443848 0.017090 0.067383
1 0.391602 0.415527 0.009766 0.012695
1 0.399902 0.414062 0.010742 0.009766
1 0.488281 0.410156 0.013672 0.019531
1 0.411865 0.414551 0.013184 0.016602
1 0.452148 0.420898 0.015625 0.025391
1 0.225098 0.534668 0.291992 0.329102
1 0.026123 0.511230 0.046387 0.184570
1 0.471924 0.431152 0.024902 0.041992