0 0.140625 0.367188 0.027344 0.095703
1 0.439209 0.437012 0.018066 0.063477
1 0.426758 0.439453 0.012695 0.080078
1 0.395508 0.429199 0.052734 0.116211
1 0.348633 0.440430 0.082031 0.132812
1 0.543945 0.429688 0.015625 0.031250
1 0.551514 0.440430 0.022949 0.048828
1 0.573975 0.443359 0.038574 0.066406
1 0.602295 0.453125 0.057129 0.093750
1 0.598633 0.461914 0.024414 0.089844
1 0.610596 0.460449 0.034668 0.092773
1 0.633057 0.460938 0.040527 0.117188
1 0.677979 0.470215 0.099121 0.170898
1 0.797852 0.542969 0.291016 0.316406
1 0.960938 0.533691 0.072266 0.493164
2 0.132812 0.515137 0.071289 0.247070
2 0.033691 0.451660 0.061523 0.125977
2 0.057129 0.546387 0.108398 0.350586
2 0.236328 0.471680 0.044922 0.173828
2 0.456299 0.433105 0.010254 0.028320