0 0.269775 0.444824 0.015137 0.067383
0 0.287109 0.431152 0.013672 0.063477
0 0.298584 0.417480 0.010254 0.040039
0 0.650146 0.407715 0.009277 0.018555
0 0.669189 0.410645 0.013184 0.024414
1 0.351807 0.457031 0.132324 0.085938
1 0.625977 0.453125 0.038086 0.083984
1 0.639893 0.468262 0.058105 0.102539
1 0.698730 0.504395 0.110352 0.188477
1 0.861328 0.521484 0.271484 0.433594
1 0.966553 0.712402 0.061035 0.438477
1 0.561279 0.425293 0.039551 0.032227
1 0.572998 0.461914 0.022949 0.080078
1 0.539551 0.472168 0.077148 0.118164
2 0.485840 0.435547 0.017578 0.021484
3 0.134521 0.443359 0.020020 0.044922