0 0.225342 0.447754 0.005371 0.012695
0 0.240723 0.446777 0.005859 0.020508
0 0.467041 0.450684 0.008301 0.040039
0 0.479736 0.449707 0.006348 0.040039
0 0.491455 0.451660 0.007324 0.041992
0 0.807373 0.440430 0.019043 0.070312
1 0.429688 0.448730 0.015625 0.018555
1 0.310303 0.460449 0.023926 0.036133
1 0.171631 0.457031 0.024902 0.015625
1 0.224609 0.467285 0.020508 0.024414
1 0.168457 0.473633 0.023438 0.025391
1 0.251465 0.483398 0.041016 0.058594
1 0.122559 0.513672 0.084961 0.099609
1 0.195557 0.512695 0.083496 0.113281
1 0.030029 0.556641 0.054199 0.175781
3 0.981689 0.439941 0.030762 0.077148