0 0.467529 0.420898 0.005371 0.087891
0 0.491699 0.402344 0.008789 0.050781
0 0.479004 0.418457 0.011719 0.081055
0 0.444092 0.422363 0.011230 0.077148
0 0.431641 0.426758 0.015625 0.074219
0 0.427734 0.389648 0.004883 0.017578
0 0.458252 0.427734 0.014160 0.076172
0 0.425293 0.424805 0.025391 0.089844
0 0.581055 0.404297 0.008789 0.046875
0 0.715332 0.412598 0.010742 0.047852
0 0.374756 0.424805 0.010254 0.085938
0 0.369629 0.426758 0.024414 0.082031
0 0.609131 0.424316 0.016113 0.092773
1 0.457764 0.403809 0.021973 0.020508
1 0.453125 0.420410 0.026367 0.043945
1 0.367920 0.403320 0.045410 0.091797
1 0.627441 0.407715 0.020508 0.036133
1 0.631104 0.442871 0.029785 0.090820
1 0.672852 0.450684 0.086914 0.143555
1 0.537842 0.473633 0.114746 0.187500
2 0.930176 0.436035 0.038086 0.061523