0 0.299561 0.432129 0.019043 0.079102
1 0.545898 0.430664 0.016602 0.033203
1 0.587158 0.456543 0.040527 0.092773
1 0.614746 0.461426 0.060547 0.125977
1 0.659180 0.481445 0.086914 0.166016
1 0.739258 0.513672 0.173828 0.220703
1 0.515869 0.431152 0.017090 0.018555
1 0.470215 0.430176 0.018555 0.043945
1 0.454102 0.435059 0.022461 0.047852
1 0.440186 0.441406 0.012207 0.062500
1 0.415771 0.446289 0.030762 0.093750
1 0.365234 0.453613 0.080078 0.118164
2 0.986816 0.478027 0.020508 0.120117
2 0.015137 0.577637 0.024414 0.176758
2 0.280518 0.445801 0.026855 0.061523