0 0.482910 0.432617 0.014648 0.085938
1 0.462891 0.428711 0.006836 0.027344
1 0.469971 0.428223 0.011230 0.032227
1 0.486084 0.431152 0.020996 0.032227
1 0.500488 0.431152 0.010742 0.041992
1 0.514404 0.430176 0.020996 0.047852
1 0.515625 0.432129 0.015625 0.047852
1 0.524170 0.431641 0.020020 0.052734
1 0.564209 0.438965 0.043457 0.088867
1 0.563721 0.451172 0.028809 0.097656
1 0.580322 0.457520 0.032715 0.118164
1 0.622314 0.459473 0.068848 0.159180
1 0.425781 0.457031 0.023438 0.107422
1 0.410645 0.463867 0.033203 0.130859
1 0.362793 0.466797 0.084961 0.181641
1 0.328613 0.503418 0.104492 0.235352
1 0.230469 0.562988 0.164062 0.401367
1 0.731689 0.500488 0.210449 0.303711
1 0.082031 0.545410 0.158203 0.819336