1 0.560547 0.469727 0.019531 0.039062
1 0.571045 0.475098 0.018066 0.047852
1 0.593750 0.474609 0.040039 0.068359
1 0.632080 0.488770 0.059082 0.088867
1 0.886963 0.582520 0.220215 0.403320
1 0.460205 0.471680 0.005371 0.017578
1 0.449219 0.466309 0.017578 0.032227
1 0.441895 0.469727 0.024414 0.033203
1 0.412354 0.477051 0.034668 0.049805
1 0.379639 0.484375 0.037598 0.064453
1 0.366943 0.490723 0.038574 0.065430
1 0.322021 0.496582 0.067871 0.094727
1 0.210693 0.517578 0.105957 0.150391
1 0.018555 0.514648 0.031250 0.361328
2 0.741211 0.467773 0.017578 0.041016
2 0.752686 0.540527 0.048340 0.110352
2 0.705566 0.524902 0.066406 0.135742
2 0.442871 0.477539 0.007812 0.025391
2 0.271729 0.513672 0.023926 0.068359
2 0.147705 0.536621 0.057129 0.133789
3 0.123291 0.543945 0.083496 0.152344
3 0.089111 0.548828 0.070801 0.156250
3 0.049072 0.566406 0.056152 0.154297