0 0.097656 0.427246 0.006836 0.040039
0 0.128174 0.428711 0.007324 0.041016
0 0.224365 0.437012 0.010254 0.075195
0 0.213623 0.442383 0.015137 0.060547
0 0.144043 0.432129 0.009766 0.045898
0 0.102539 0.444336 0.008789 0.062500
0 0.188721 0.442383 0.011230 0.089844
0 0.177002 0.443848 0.015137 0.092773
0 0.158447 0.446289 0.020996 0.097656
0 0.093994 0.453125 0.012207 0.062500
0 0.075928 0.453613 0.026855 0.129883
0 0.045898 0.443848 0.009766 0.067383
0 0.039795 0.425293 0.006348 0.026367
0 0.007080 0.435059 0.008301 0.020508
0 0.013428 0.437012 0.008301 0.032227
0 0.008301 0.468750 0.010742 0.050781
0 0.028809 0.484375 0.041016 0.167969
0 0.310791 0.442871 0.017090 0.092773
0 0.294922 0.440430 0.022461 0.097656
0 0.356201 0.428223 0.009277 0.067383
0 0.371582 0.433594 0.006836 0.097656
0 0.366699 0.443359 0.014648 0.107422
0 0.406006 0.433594 0.008301 0.072266
0 0.402588 0.437988 0.009277 0.086914
0 0.396484 0.440918 0.007812 0.096680
0 0.392822 0.443848 0.005371 0.108398
0 0.433594 0.452148 0.006836 0.070312
0 0.421631 0.440430 0.019043 0.097656
0 0.526367 0.393555 0.006836 0.019531
0 0.518555 0.411133 0.004883 0.031250
0 0.529297 0.418945 0.005859 0.048828
0 0.523438 0.418457 0.007812 0.043945
0 0.537109 0.421387 0.011719 0.065430
0 0.549316 0.408691 0.006836 0.040039
0 0.553223 0.421387 0.008789 0.059570
0 0.559326 0.418945 0.010254 0.050781
0 0.578125 0.418457 0.009766 0.051758
0 0.774902 0.447266 0.027344 0.175781
0 0.967773 0.418457 0.058594 0.282227
0 0.758545 0.428223 0.016113 0.079102
1 0.235107 0.427246 0.015137 0.041992
2 0.119385 0.440430 0.018066 0.017578
2 0.141113 0.440430 0.015625 0.013672
2 0.561035 0.452637 0.023438 0.051758
2 0.950928 0.529297 0.092285 0.255859
2 0.669189 0.444824 0.030762 0.059570