1 0.523438 0.461914 0.015625 0.029297
1 0.540771 0.465820 0.023926 0.052734
1 0.548340 0.472168 0.016602 0.053711
1 0.556152 0.479004 0.020508 0.069336
1 0.563232 0.486328 0.017090 0.089844
1 0.593506 0.490723 0.066895 0.131836
1 0.593262 0.516602 0.054688 0.150391
1 0.630859 0.525879 0.067383 0.211914
1 0.730713 0.555176 0.215332 0.309570
1 0.968994 0.870605 0.056152 0.247070
1 0.465088 0.474121 0.014160 0.057617
1 0.449463 0.487305 0.021973 0.083984
1 0.440918 0.492188 0.031250 0.103516
1 0.419189 0.502930 0.054199 0.126953
1 0.377686 0.528320 0.074707 0.230469
1 0.255371 0.551270 0.244141 0.377930
1 0.114502 0.675293 0.223145 0.637695