0 0.387207 0.432617 0.008789 0.031250
0 0.318848 0.448242 0.013672 0.050781
0 0.362793 0.445801 0.007812 0.055664
0 0.586914 0.456055 0.016602 0.103516
0 0.658691 0.464844 0.025391 0.074219
0 0.750488 0.424805 0.015625 0.041016
1 0.378906 0.451660 0.030273 0.047852
1 0.043213 0.516602 0.080566 0.296875
1 0.236084 0.408691 0.043457 0.018555
1 0.327881 0.433594 0.018066 0.023438
1 0.562744 0.440918 0.031738 0.032227
1 0.520020 0.477051 0.074219 0.120117
1 0.707275 0.468262 0.081543 0.120117
2 0.751221 0.467773 0.014160 0.064453