1 0.422852 0.430664 0.021484 0.039062
1 0.445557 0.426758 0.034668 0.035156
1 0.479980 0.429688 0.062500 0.042969
1 0.339355 0.437012 0.017578 0.061523
1 0.303223 0.411133 0.024414 0.009766
1 0.376709 0.462891 0.085449 0.144531
1 0.304688 0.468750 0.016602 0.078125
1 0.259033 0.459473 0.097168 0.110352
1 0.217529 0.480957 0.110840 0.114258
1 0.127197 0.490234 0.125488 0.128906
1 0.563477 0.427734 0.017578 0.054688
1 0.604736 0.412109 0.069824 0.093750
1 0.695068 0.394531 0.192871 0.177734
1 0.614502 0.470703 0.027832 0.064453
1 0.659180 0.448730 0.086914 0.151367
1 0.707031 0.434570 0.049805 0.152344
1 0.819092 0.382812 0.144043 0.117188
1 0.864014 0.453613 0.266113 0.370117
1 0.104004 0.502441 0.149414 0.170898
2 0.724121 0.474609 0.047852 0.150391