0 0.130371 0.395996 0.009766 0.014648
0 0.405273 0.449219 0.040039 0.162109
1 0.522949 0.438965 0.023438 0.049805
1 0.544189 0.444336 0.029785 0.052734
1 0.561768 0.445312 0.029785 0.058594
1 0.579834 0.442383 0.020996 0.076172
1 0.590820 0.442383 0.019531 0.080078
1 0.611328 0.446777 0.050781 0.088867
1 0.634766 0.458496 0.067383 0.090820
1 0.012939 0.398926 0.020020 0.014648
1 0.410889 0.416504 0.031738 0.063477
1 0.385498 0.425293 0.033691 0.084961
1 0.376465 0.435059 0.035156 0.075195
1 0.320801 0.429199 0.115234 0.086914
2 0.061768 0.450684 0.059082 0.090820
2 0.681396 0.476074 0.025879 0.092773
2 0.537354 0.452148 0.013184 0.042969
3 0.732666 0.449707 0.023926 0.075195