0 0.481934 0.467773 0.008789 0.054688
0 0.387451 0.476562 0.010254 0.056641
0 0.374268 0.477539 0.010254 0.052734
0 0.228271 0.432617 0.016113 0.060547
0 0.260986 0.463867 0.015137 0.107422
0 0.274902 0.458496 0.015625 0.118164
0 0.706055 0.480469 0.024414 0.208984
0 0.689453 0.481445 0.041992 0.214844
0 0.740479 0.416992 0.029785 0.132812
0 0.851807 0.485352 0.057129 0.423828
0 0.893799 0.557129 0.052246 0.274414
0 0.804443 0.517090 0.066895 0.424805
0 0.768799 0.520020 0.070801 0.440430
0 0.303467 0.500000 0.092285 0.349609
0 0.404541 0.488281 0.007324 0.031250
1 0.405273 0.488281 0.019531 0.035156
1 0.448486 0.474609 0.068848 0.109375
1 0.246094 0.468750 0.020508 0.076172
1 0.327148 0.483887 0.086914 0.143555
1 0.130371 0.523438 0.220703 0.287109
1 0.036621 0.602051 0.067383 0.358398