0 0.240234 0.440918 0.016602 0.057617
0 0.227051 0.441406 0.012695 0.052734
0 0.027100 0.424316 0.018066 0.041992
1 0.390381 0.435059 0.014160 0.018555
1 0.341797 0.444336 0.013672 0.031250
1 0.353760 0.445801 0.019043 0.036133
1 0.295166 0.442383 0.023926 0.035156
1 0.320312 0.434570 0.029297 0.058594
1 0.203125 0.442871 0.047852 0.057617
1 0.156738 0.450195 0.064453 0.064453
1 0.069580 0.444824 0.093262 0.084961
1 0.017334 0.452637 0.028809 0.079102
1 0.452881 0.457031 0.052246 0.119141
1 0.586426 0.467285 0.026367 0.086914
1 0.724365 0.490723 0.077637 0.145508
1 0.870361 0.460938 0.229004 0.287109
1 0.551514 0.474609 0.060059 0.128906
1 0.491211 0.494141 0.115234 0.173828
2 0.984375 0.527344 0.025391 0.125000
2 0.607910 0.525391 0.018555 0.029297
2 0.660156 0.531250 0.031250 0.062500
2 0.817383 0.545898 0.070312 0.183594