0 0.690430 0.444336 0.017578 0.099609
0 0.664795 0.446777 0.017090 0.098633
0 0.826660 0.460449 0.038086 0.215820
0 0.954102 0.478516 0.085938 0.417969
0 0.532227 0.489258 0.086914 0.404297
0 0.534912 0.516113 0.085449 0.463867
0 0.428955 0.525879 0.167480 0.557617
1 0.096191 0.440918 0.022461 0.022461
1 0.039062 0.449707 0.013672 0.020508
1 0.019287 0.455078 0.025879 0.039062
1 0.158936 0.457520 0.018066 0.028320
1 0.188232 0.458008 0.020996 0.029297
1 0.232422 0.458984 0.012695 0.035156
1 0.465820 0.476562 0.231445 0.162109
2 0.870361 0.482910 0.051270 0.098633
3 0.907715 0.464844 0.034180 0.076172