0 0.576904 0.410156 0.015137 0.042969
0 0.608643 0.411133 0.010254 0.052734
0 0.662598 0.400391 0.016602 0.046875
0 0.505615 0.431152 0.024902 0.125977
1 0.450684 0.409668 0.011719 0.036133
1 0.423584 0.406250 0.023926 0.039062
1 0.520996 0.409180 0.011719 0.044922
1 0.524170 0.414551 0.013184 0.043945
1 0.549072 0.425781 0.053223 0.093750
1 0.239746 0.366211 0.058594 0.044922
1 0.221191 0.397461 0.021484 0.033203
1 0.292480 0.419922 0.055664 0.109375
1 0.277832 0.431641 0.063477 0.109375
1 0.383301 0.405273 0.062500 0.042969
1 0.702148 0.457520 0.109375 0.147461
1 0.870605 0.526367 0.252930 0.404297
1 0.145752 0.450684 0.155762 0.174805