0 0.552490 0.445801 0.013184 0.075195
1 0.527344 0.415039 0.008789 0.017578
1 0.543457 0.431641 0.007812 0.031250
1 0.492188 0.420898 0.037109 0.083984
1 0.568604 0.437988 0.022949 0.065430
1 0.497803 0.439453 0.009277 0.046875
1 0.570068 0.450684 0.014160 0.059570
1 0.482422 0.430176 0.027344 0.094727
1 0.461914 0.454590 0.051758 0.096680
1 0.450439 0.465820 0.038574 0.099609
1 0.604736 0.450195 0.062988 0.125000
1 0.594482 0.468750 0.014160 0.099609
1 0.620361 0.467773 0.063965 0.144531
1 0.680420 0.487305 0.110840 0.201172
1 0.404541 0.475098 0.085449 0.147461
1 0.743408 0.524414 0.181152 0.248047
1 0.316895 0.512207 0.146484 0.225586
1 0.138672 0.585938 0.271484 0.476562
1 0.941406 0.657227 0.111328 0.498047
2 0.452881 0.482422 0.022949 0.091797