0 0.014160 0.468750 0.022461 0.167969
0 0.042236 0.464355 0.038574 0.192383
0 0.218018 0.464355 0.029785 0.166992
0 0.154785 0.494629 0.045898 0.278320
0 0.103027 0.474121 0.083984 0.354492
0 0.255371 0.494629 0.035156 0.143555
0 0.286621 0.455566 0.025391 0.055664
0 0.330811 0.457031 0.031738 0.070312
0 0.518555 0.464355 0.037109 0.211914
0 0.550781 0.445801 0.038086 0.184570
0 0.832275 0.511719 0.062988 0.294922
0 0.739990 0.501465 0.092285 0.327148
0 0.673828 0.518555 0.059570 0.388672
1 0.789307 0.477539 0.037598 0.113281
1 0.946533 0.469727 0.034668 0.070312
1 0.865967 0.476074 0.150879 0.127930
1 0.973389 0.478027 0.047363 0.084961
1 0.646484 0.521484 0.218750 0.195312