0 0.532715 0.431152 0.007812 0.038086
1 0.592529 0.434570 0.010254 0.019531
1 0.588135 0.436035 0.009277 0.022461
1 0.583496 0.433594 0.006836 0.021484
1 0.575684 0.434570 0.015625 0.025391
1 0.567871 0.435547 0.007812 0.027344
1 0.557617 0.437012 0.017578 0.030273
1 0.657471 0.405273 0.013184 0.021484
1 0.618896 0.448730 0.010254 0.061523
1 0.638916 0.451172 0.040527 0.101562
1 0.641602 0.471680 0.036133 0.113281
1 0.642090 0.474609 0.034180 0.113281
1 0.660156 0.481445 0.045898 0.140625
1 0.685303 0.493652 0.050293 0.168945
1 0.549072 0.437988 0.006348 0.024414
1 0.545410 0.438965 0.006836 0.026367
1 0.539795 0.435547 0.008301 0.027344
1 0.526611 0.437012 0.014160 0.036133
1 0.517578 0.437012 0.013672 0.036133
1 0.511475 0.439453 0.010254 0.037109
1 0.494385 0.440918 0.032715 0.041992
1 0.454834 0.447266 0.024902 0.054688
1 0.440430 0.446777 0.017578 0.055664
1 0.417969 0.442871 0.037109 0.071289
1 0.409180 0.451172 0.032227 0.074219
1 0.389648 0.452148 0.026367 0.082031
1 0.341553 0.443848 0.074707 0.122070
1 0.301025 0.463867 0.074707 0.113281
1 0.256348 0.477051 0.066406 0.118164
1 0.183105 0.480469 0.109375 0.169922
1 0.077637 0.504395 0.149414 0.215820
1 0.727783 0.508301 0.098145 0.233398
1 0.860840 0.541504 0.272461 0.424805
2 0.477539 0.436523 0.007812 0.027344
2 0.468506 0.443848 0.012207 0.043945