0 0.629883 0.419434 0.011719 0.069336
0 0.639893 0.417969 0.015137 0.072266
0 0.700439 0.390137 0.008301 0.010742
0 0.709229 0.390137 0.008301 0.014648
0 0.723389 0.388184 0.014160 0.014648
0 0.738037 0.387695 0.008301 0.015625
0 0.509277 0.403320 0.006836 0.048828
0 0.504395 0.403809 0.008789 0.049805
0 0.499023 0.405273 0.006836 0.050781
0 0.494141 0.407715 0.008789 0.047852
0 0.488770 0.406738 0.005859 0.047852
0 0.476074 0.406738 0.007812 0.047852
0 0.482422 0.405273 0.007812 0.052734
0 0.245850 0.427734 0.023926 0.085938
0 0.143066 0.448730 0.064453 0.293945
0 0.211670 0.407715 0.011230 0.073242
0 0.196289 0.444824 0.014648 0.055664
0 0.220703 0.431152 0.031250 0.129883
1 0.584961 0.373047 0.006836 0.009766
1 0.577881 0.379883 0.009277 0.015625
1 0.571777 0.387207 0.011719 0.020508
1 0.562500 0.388672 0.007812 0.019531
1 0.606934 0.388672 0.015625 0.025391
1 0.621826 0.408203 0.012207 0.042969
1 0.587646 0.381836 0.016113 0.009766
1 0.532959 0.396484 0.010254 0.025391
1 0.518799 0.401367 0.013184 0.033203
1 0.513916 0.404785 0.008301 0.038086
1 0.554443 0.396484 0.019043 0.033203
1 0.641357 0.430664 0.011230 0.060547
1 0.672363 0.402344 0.049805 0.033203
1 0.654053 0.441895 0.029785 0.086914
1 0.673096 0.445801 0.025879 0.102539
1 0.686279 0.449707 0.046387 0.108398
1 0.713867 0.460938 0.055664 0.130859
1 0.744385 0.473145 0.067871 0.165039
1 0.771484 0.497559 0.079102 0.213867
1 0.892334 0.482422 0.209473 0.445312
1 0.423340 0.431641 0.046875 0.076172
1 0.382080 0.441895 0.050293 0.092773
1 0.308105 0.438477 0.103516 0.152344