0 0.441895 0.461426 0.024414 0.112305
0 0.391357 0.477051 0.020996 0.079102
0 0.402832 0.461426 0.019531 0.102539
0 0.414307 0.481445 0.016113 0.076172
0 0.251953 0.471680 0.020508 0.111328
1 0.236084 0.432129 0.007324 0.014648
1 0.219971 0.437012 0.006348 0.026367
1 0.263672 0.436035 0.011719 0.014648
1 0.170410 0.444336 0.004883 0.031250
1 0.167480 0.451172 0.008789 0.035156
1 0.150635 0.456543 0.032715 0.053711
1 0.295654 0.439453 0.031738 0.023438
1 0.195557 0.436523 0.048340 0.123047
1 0.058838 0.457031 0.028809 0.042969
1 0.083984 0.471680 0.071289 0.070312
1 0.662354 0.433105 0.028809 0.055664
1 0.868652 0.606934 0.256836 0.686523
2 0.498779 0.472168 0.023926 0.071289
2 0.659424 0.489746 0.042480 0.118164
2 0.642334 0.492676 0.026855 0.100586
2 0.625000 0.491211 0.035156 0.123047
2 0.090576 0.497559 0.012207 0.077148
2 0.572510 0.466797 0.016113 0.064453
2 0.582031 0.485840 0.034180 0.096680
3 0.600098 0.479492 0.031250 0.119141