0 0.559082 0.388184 0.006836 0.014648
0 0.572754 0.404785 0.010742 0.041992
0 0.354248 0.395508 0.006348 0.021484
0 0.172363 0.388184 0.022461 0.067383
0 0.182617 0.441406 0.034180 0.160156
0 0.219482 0.439941 0.036621 0.147461
0 0.109131 0.432129 0.029785 0.129883
0 0.134277 0.443848 0.047852 0.166992
0 0.324219 0.436523 0.034180 0.113281
0 0.871338 0.384766 0.023926 0.169922
0 0.938965 0.378906 0.021484 0.175781
0 0.833252 0.213379 0.018066 0.063477
0 0.977295 0.375000 0.039551 0.253906
0 0.022705 0.453125 0.034668 0.115234
0 0.055664 0.440918 0.035156 0.159180
0 0.389404 0.526855 0.142090 0.499023
1 0.533447 0.399414 0.019043 0.039062
1 0.521240 0.396484 0.036621 0.039062
1 0.479492 0.437500 0.158203 0.160156
2 0.923584 0.526855 0.044434 0.172852
2 0.819092 0.521973 0.030762 0.125977
2 0.765869 0.564941 0.114746 0.247070