0 0.246094 0.420410 0.006836 0.020508
0 0.236816 0.435059 0.008789 0.043945
0 0.224121 0.419434 0.006836 0.016602
1 0.385742 0.429199 0.010742 0.038086
1 0.350830 0.435059 0.014160 0.047852
1 0.273926 0.458008 0.083984 0.107422
1 0.461182 0.418457 0.007324 0.020508
1 0.471924 0.420898 0.018066 0.033203
1 0.489258 0.422363 0.014648 0.026367
1 0.579102 0.426758 0.021484 0.039062
1 0.612305 0.438965 0.035156 0.075195
1 0.716064 0.386719 0.045410 0.033203
1 0.771973 0.421387 0.020508 0.041992
1 0.802734 0.441406 0.064453 0.103516
1 0.846680 0.430664 0.051758 0.072266
1 0.751221 0.453125 0.042480 0.101562
1 0.637695 0.456055 0.062500 0.101562
1 0.698486 0.475098 0.105957 0.151367
1 0.533691 0.470703 0.100586 0.173828
1 0.891846 0.578613 0.210449 0.428711
2 0.048828 0.481445 0.027344 0.074219