0 0.361572 0.400879 0.009277 0.010742
1 0.703369 0.418945 0.011230 0.029297
1 0.715576 0.426758 0.024902 0.044922
1 0.820557 0.441895 0.024902 0.053711
1 0.786865 0.440918 0.050293 0.069336
1 0.473877 0.426270 0.011230 0.034180
1 0.422363 0.391602 0.041016 0.027344
1 0.453857 0.429688 0.039551 0.056641
1 0.382812 0.433105 0.019531 0.059570
1 0.327637 0.434082 0.029297 0.057617
1 0.353516 0.439453 0.056641 0.066406
1 0.411133 0.432617 0.055664 0.078125
1 0.285645 0.432617 0.031250 0.062500
1 0.244629 0.440430 0.023438 0.076172
1 0.931152 0.476074 0.111328 0.114258
1 0.739014 0.432129 0.035645 0.059570
2 0.260742 0.455078 0.019531 0.052734
2 0.284424 0.451660 0.020020 0.043945
2 0.305908 0.447266 0.017090 0.052734