0 0.427246 0.435547 0.025391 0.113281
0 0.404541 0.437012 0.020020 0.112305
0 0.490723 0.438477 0.021484 0.099609
0 0.570312 0.441406 0.029297 0.121094
0 0.537109 0.445312 0.029297 0.115234
0 0.685547 0.406250 0.012695 0.025391
0 0.363525 0.478027 0.049316 0.194336
0 0.365479 0.485840 0.055176 0.198242
0 0.477783 0.470215 0.049316 0.192383
0 0.647217 0.464844 0.046387 0.205078
0 0.657471 0.463867 0.063965 0.208984
0 0.748291 0.439941 0.037598 0.270508
0 0.476562 0.479004 0.041992 0.204102
1 0.500977 0.413574 0.014648 0.016602
1 0.447998 0.440430 0.023926 0.080078
1 0.698486 0.452637 0.141113 0.108398
1 0.203369 0.548828 0.166504 0.324219