0 0.315430 0.447266 0.032227 0.136719
0 0.601807 0.417969 0.016113 0.019531
1 0.274414 0.438965 0.007812 0.012695
1 0.006348 0.469238 0.006836 0.018555
1 0.535156 0.438965 0.012695 0.022461
1 0.522949 0.438477 0.016602 0.027344
1 0.505371 0.440918 0.013672 0.028320
1 0.499512 0.443848 0.019531 0.028320
1 0.553711 0.448730 0.006836 0.045898
1 0.563477 0.450684 0.023438 0.057617
1 0.568115 0.454102 0.020996 0.058594
1 0.574707 0.460938 0.015625 0.076172
1 0.593506 0.443848 0.047363 0.124023
1 0.598633 0.472168 0.037109 0.094727
1 0.624756 0.482910 0.048340 0.139648
1 0.684326 0.493164 0.125488 0.179688
1 0.859375 0.565430 0.275391 0.410156
1 0.945068 0.711914 0.104004 0.488281