0 0.520508 0.426270 0.004883 0.028320
0 0.128174 0.408691 0.020020 0.034180
0 0.903076 0.409180 0.017090 0.027344
1 0.406982 0.450195 0.051270 0.062500
1 0.404297 0.454590 0.042969 0.061523
1 0.368408 0.460938 0.044434 0.082031
1 0.341553 0.466797 0.055176 0.089844
1 0.294678 0.472656 0.084473 0.105469
1 0.220459 0.481934 0.101074 0.129883
1 0.157715 0.498535 0.115234 0.147461
1 0.072021 0.507324 0.138184 0.245117
1 0.596191 0.433594 0.013672 0.021484
1 0.612305 0.436035 0.013672 0.024414
1 0.565918 0.460938 0.050781 0.085938
1 0.615723 0.446777 0.013672 0.036133
1 0.629883 0.451172 0.025391 0.044922
1 0.685303 0.451172 0.013184 0.046875
1 0.693604 0.452148 0.016113 0.052734
1 0.702637 0.452637 0.017578 0.059570
1 0.716553 0.452148 0.033691 0.068359
1 0.658691 0.456055 0.043945 0.070312
1 0.847412 0.472168 0.052246 0.100586
1 0.771240 0.493652 0.127441 0.168945
1 0.898438 0.489746 0.102539 0.131836
1 0.967285 0.511719 0.059570 0.191406