0 0.608643 0.409180 0.006348 0.011719
0 0.620605 0.411133 0.010742 0.013672
0 0.301025 0.444336 0.011230 0.083984
0 0.935303 0.400391 0.017090 0.021484
0 0.035889 0.374023 0.022949 0.033203
0 0.012939 0.377441 0.018066 0.026367
1 0.442871 0.432617 0.006836 0.021484
1 0.430664 0.437012 0.010742 0.034180
1 0.516357 0.437012 0.013184 0.032227
1 0.471191 0.440918 0.023438 0.038086
1 0.522217 0.439941 0.011230 0.028320
1 0.418945 0.441406 0.019531 0.041016
1 0.409180 0.445801 0.014648 0.045898
1 0.527588 0.440430 0.007324 0.033203
1 0.533691 0.439453 0.012695 0.042969
1 0.540527 0.441406 0.015625 0.044922
1 0.550781 0.442383 0.016602 0.050781
1 0.559814 0.444336 0.017090 0.054688
1 0.400146 0.445312 0.010254 0.058594
1 0.564209 0.447754 0.019043 0.055664
1 0.582764 0.448730 0.034668 0.067383
1 0.380615 0.446777 0.030762 0.061523
1 0.608887 0.457031 0.057617 0.082031
1 0.849609 0.461914 0.054688 0.099609
1 0.979980 0.467773 0.034180 0.105469
1 0.916016 0.471680 0.093750 0.134766
1 0.763916 0.504395 0.169434 0.231445
1 0.352539 0.452148 0.041992 0.082031
1 0.222656 0.461426 0.085938 0.165039
1 0.154541 0.486816 0.132324 0.194336
1 0.062256 0.516602 0.118652 0.251953
2 0.849365 0.500488 0.033691 0.133789
2 0.686279 0.450684 0.014160 0.059570
2 0.954834 0.486328 0.077637 0.115234
2 0.960449 0.489258 0.066406 0.105469
2 0.431885 0.448242 0.005371 0.027344
2 0.388428 0.463867 0.027832 0.066406
2 0.318115 0.485840 0.030762 0.108398
2 0.669922 0.429688 0.014648 0.013672
2 0.668213 0.457031 0.024902 0.072266
2 0.660889 0.457520 0.022949 0.071289
2 0.656250 0.460938 0.030273 0.064453