0 0.448730 0.434570 0.010742 0.064453
1 0.622803 0.438477 0.031738 0.050781
1 0.594971 0.434570 0.032715 0.074219
1 0.441162 0.412598 0.019043 0.038086
1 0.378418 0.437500 0.016602 0.042969
1 0.401367 0.441406 0.036133 0.048828
1 0.838135 0.430664 0.060059 0.060547
1 0.860596 0.433105 0.075684 0.055664
1 0.936523 0.461914 0.111328 0.138672
1 0.749268 0.456055 0.061035 0.111328
1 0.679932 0.477051 0.119629 0.172852
1 0.538818 0.497070 0.132324 0.214844
1 0.946045 0.612305 0.102051 0.423828
3 0.301270 0.444336 0.016602 0.044922