0 0.081055 0.429199 0.010742 0.075195
0 0.202881 0.430664 0.008301 0.056641
0 0.258057 0.426758 0.008301 0.054688
0 0.266357 0.423828 0.008301 0.060547
0 0.311035 0.405762 0.006836 0.020508
0 0.646973 0.398926 0.011719 0.043945
0 0.637207 0.406738 0.010742 0.053711
0 0.687500 0.379883 0.005859 0.033203
0 0.694580 0.424805 0.016113 0.138672
0 0.702881 0.430176 0.021973 0.135742
0 0.664795 0.420898 0.023926 0.136719
0 0.677734 0.423340 0.020508 0.137695
0 0.758545 0.404297 0.014160 0.099609
1 0.039795 0.473633 0.073730 0.228516
1 0.511719 0.413574 0.021484 0.026367
1 0.494141 0.416016 0.009766 0.025391
1 0.463379 0.417480 0.012695 0.026367
1 0.480469 0.417969 0.025391 0.033203
1 0.454102 0.417969 0.015625 0.027344
1 0.445801 0.419434 0.009766 0.028320
1 0.402588 0.418945 0.013184 0.031250
1 0.391357 0.423340 0.023926 0.038086
1 0.375488 0.425293 0.021484 0.040039
1 0.352295 0.423340 0.034668 0.053711
1 0.320312 0.432617 0.041992 0.048828
1 0.424072 0.420410 0.038574 0.053711
1 0.151123 0.454590 0.099121 0.110352
2 0.806396 0.448730 0.052246 0.083008