0 0.555420 0.427246 0.008301 0.041992
0 0.563965 0.425781 0.008789 0.044922
0 0.575439 0.431641 0.012207 0.054688
0 0.585938 0.432129 0.011719 0.059570
0 0.446289 0.416504 0.007812 0.018555
0 0.429443 0.422852 0.008301 0.041016
0 0.371582 0.428223 0.008789 0.067383
0 0.377686 0.429688 0.008301 0.070312
0 0.385742 0.424316 0.012695 0.077148
0 0.350098 0.435059 0.010742 0.081055
0 0.330566 0.428223 0.008789 0.083008
0 0.339600 0.443359 0.016113 0.105469
0 0.320801 0.423340 0.011719 0.081055
0 0.639648 0.437500 0.013672 0.083984
0 0.877441 0.458008 0.016602 0.164062
0 0.914795 0.452637 0.011230 0.155273
0 0.926025 0.450684 0.026855 0.159180
0 0.903320 0.455078 0.033203 0.173828
0 0.954834 0.458496 0.035645 0.176758
0 0.987061 0.467285 0.020020 0.196289
0 0.862061 0.458008 0.036621 0.195312
0 0.817383 0.457031 0.036133 0.189453
1 0.553223 0.429199 0.014648 0.020508
1 0.445557 0.459473 0.041504 0.067383
1 0.508301 0.465820 0.088867 0.156250
1 0.193115 0.533691 0.270020 0.344727
2 0.713867 0.469238 0.047852 0.063477
2 0.094971 0.460449 0.017090 0.059570
2 0.407959 0.465820 0.012207 0.054688
2 0.392090 0.467773 0.011719 0.064453
2 0.617676 0.504395 0.018555 0.108398
2 0.077637 0.462891 0.019531 0.072266