0 0.303955 0.419922 0.009277 0.011719
0 0.639160 0.398926 0.012695 0.018555
0 0.838135 0.424805 0.013184 0.050781
1 0.523193 0.421875 0.030762 0.048828
1 0.473389 0.438965 0.026855 0.049805
1 0.550781 0.441895 0.021484 0.063477
1 0.558838 0.444824 0.029785 0.069336
1 0.568115 0.453125 0.020996 0.083984
1 0.364258 0.438965 0.024414 0.034180
1 0.381348 0.444824 0.029297 0.040039
1 0.343994 0.444824 0.019043 0.049805
1 0.329102 0.448242 0.022461 0.050781
1 0.316406 0.451660 0.016602 0.051758
1 0.304688 0.452637 0.029297 0.055664
1 0.287109 0.456543 0.034180 0.061523
1 0.246338 0.460449 0.039551 0.075195
1 0.595459 0.450195 0.065918 0.117188
1 0.605469 0.472168 0.075195 0.135742
1 0.509521 0.458008 0.062012 0.101562
1 0.641846 0.491699 0.060059 0.198242
1 0.742676 0.524902 0.219727 0.334961
1 0.212158 0.463379 0.059082 0.084961
1 0.145264 0.477539 0.068848 0.103516
1 0.091309 0.483398 0.069336 0.115234
1 0.039307 0.494141 0.072754 0.144531
1 0.914062 0.533691 0.166016 0.678711