0 0.231445 0.134277 0.011719 0.024414
0 0.244873 0.139648 0.014160 0.023438
0 0.766357 0.421387 0.012207 0.018555
0 0.776855 0.420410 0.006836 0.018555
0 0.891113 0.390625 0.009766 0.017578
0 0.925781 0.393555 0.019531 0.025391
0 0.978760 0.391113 0.010254 0.034180
0 0.880371 0.398926 0.014648 0.028320
1 0.586426 0.424805 0.027344 0.054688
1 0.591064 0.428223 0.019043 0.049805
1 0.489502 0.415039 0.036621 0.074219
1 0.540771 0.416016 0.030762 0.050781
1 0.601807 0.431641 0.020020 0.066406
1 0.617188 0.431152 0.032227 0.086914
1 0.636963 0.437500 0.051270 0.097656
1 0.671387 0.450195 0.084961 0.121094
1 0.552002 0.431641 0.049316 0.078125
1 0.480957 0.431641 0.025391 0.082031
1 0.461182 0.435059 0.033691 0.098633
1 0.431885 0.443359 0.063965 0.119141
1 0.396973 0.445312 0.033203 0.144531
1 0.316895 0.465332 0.161133 0.223633
1 0.097412 0.542480 0.188965 0.411133