0 0.558105 0.425781 0.018555 0.046875
0 0.236328 0.441406 0.005859 0.017578
0 0.201904 0.456055 0.013184 0.050781
0 0.113770 0.444336 0.007812 0.009766
0 0.695068 0.417969 0.006348 0.068359
0 0.686035 0.416016 0.015625 0.070312
0 0.705566 0.420410 0.012695 0.096680
0 0.722168 0.417480 0.020508 0.092773
0 0.740723 0.418457 0.013672 0.086914
0 0.754639 0.417480 0.018066 0.102539
0 0.770752 0.413574 0.018066 0.092773
0 0.793701 0.422363 0.023926 0.122070
0 0.852539 0.413574 0.014648 0.139648
1 0.468994 0.413086 0.011230 0.017578
1 0.442383 0.420898 0.041016 0.035156
1 0.486328 0.422363 0.017578 0.020508
1 0.521484 0.435547 0.012695 0.031250
1 0.500000 0.443848 0.031250 0.061523
1 0.425781 0.455078 0.024414 0.074219
1 0.217041 0.477539 0.039551 0.054688
1 0.106201 0.479980 0.037598 0.063477
1 0.146729 0.484863 0.074707 0.071289
1 0.046387 0.482422 0.086914 0.089844
1 0.008057 0.490234 0.010254 0.087891
1 0.541504 0.458496 0.046875 0.077148
1 0.582031 0.442383 0.027344 0.060547
1 0.596436 0.456543 0.028809 0.102539
1 0.462891 0.467285 0.062500 0.088867
1 0.643311 0.475098 0.105957 0.168945
1 0.329346 0.484863 0.188965 0.274414