0 0.278564 0.396973 0.010254 0.018555
0 0.321533 0.401855 0.012207 0.022461
0 0.224854 0.408203 0.008301 0.025391
0 0.170898 0.398926 0.010742 0.018555
0 0.149414 0.395996 0.017578 0.028320
0 0.051025 0.421387 0.024902 0.077148
0 0.009033 0.450195 0.012207 0.130859
0 0.721436 0.371094 0.013184 0.011719
0 0.382812 0.449707 0.029297 0.229492
0 0.542236 0.458496 0.044434 0.258789
0 0.587646 0.459961 0.062012 0.267578
1 0.566406 0.419434 0.005859 0.034180
1 0.466309 0.431152 0.007812 0.053711
1 0.492920 0.432617 0.063965 0.103516
1 0.324219 0.410156 0.032227 0.015625
1 0.291504 0.449707 0.082031 0.088867
1 0.255371 0.467773 0.048828 0.085938
1 0.193848 0.460449 0.105469 0.106445
1 0.120605 0.481934 0.213867 0.133789
1 0.683105 0.397949 0.067383 0.061523
1 0.692383 0.405273 0.073242 0.058594
1 0.734619 0.439941 0.084473 0.139648
1 0.812256 0.446289 0.198730 0.148438
1 0.377686 0.452637 0.105957 0.194336
2 0.621826 0.532715 0.166504 0.215820