1 0.466309 0.409180 0.053711 0.050781
1 0.421143 0.401367 0.035645 0.056641
1 0.518555 0.423828 0.053711 0.062500
1 0.533936 0.429199 0.026855 0.063477
1 0.418701 0.402832 0.038574 0.041992
1 0.431396 0.439941 0.020996 0.088867
1 0.415771 0.441406 0.038574 0.099609
1 0.553711 0.439453 0.023438 0.089844
1 0.557861 0.441895 0.026855 0.092773
1 0.404297 0.448242 0.027344 0.138672
1 0.369873 0.463379 0.070801 0.227539
1 0.618652 0.453613 0.064453 0.143555
1 0.663818 0.478027 0.083496 0.221680
1 0.333496 0.484863 0.076172 0.293945
1 0.770508 0.488281 0.214844 0.337891
1 0.167236 0.444824 0.328613 0.633789
1 0.898193 0.559082 0.197754 0.514648
1 0.067871 0.647949 0.129883 0.600586
2 0.421387 0.477051 0.014648 0.061523
2 0.532471 0.437988 0.020020 0.065430
2 0.617920 0.486328 0.024902 0.117188
2 0.509277 0.473145 0.009766 0.088867