1 0.558838 0.433594 0.010254 0.027344
1 0.537842 0.419922 0.010254 0.009766
1 0.545166 0.434082 0.019043 0.028320
1 0.594971 0.434570 0.009277 0.029297
1 0.603760 0.431152 0.013184 0.045898
1 0.564209 0.437988 0.013184 0.036133
1 0.532715 0.435547 0.010742 0.023438
1 0.528076 0.436523 0.006348 0.023438
1 0.518799 0.438477 0.014160 0.037109
1 0.568359 0.442871 0.006836 0.040039
1 0.607422 0.439453 0.007812 0.033203
1 0.511230 0.442383 0.007812 0.035156
1 0.433838 0.439941 0.032715 0.061523
1 0.623291 0.443359 0.012207 0.041016
1 0.649414 0.425293 0.041016 0.073242
1 0.477539 0.441406 0.068359 0.115234
1 0.657715 0.446777 0.022461 0.063477
1 0.679443 0.446289 0.032715 0.093750
1 0.698975 0.450195 0.037598 0.103516
1 0.411377 0.458984 0.023926 0.074219
1 0.395020 0.462402 0.032227 0.086914
1 0.375000 0.466797 0.036133 0.097656
1 0.339355 0.469238 0.058594 0.124023
1 0.268311 0.487793 0.116699 0.155273
1 0.582031 0.442871 0.031250 0.045898
2 0.134521 0.495117 0.031738 0.132812
2 0.061279 0.507324 0.065918 0.174805
2 0.171387 0.558105 0.087891 0.213867
2 0.635742 0.462891 0.009766 0.054688
2 0.981934 0.490234 0.030273 0.144531
2 0.973145 0.513672 0.040039 0.144531
2 0.945312 0.502930 0.034180 0.164062
2 0.919678 0.498535 0.044434 0.182617
2 0.093262 0.512207 0.076172 0.186523
2 0.905029 0.503906 0.023926 0.132812
2 0.888428 0.483887 0.051270 0.161133