0 0.550049 0.436035 0.010254 0.061523
0 0.564453 0.451172 0.030273 0.171875
0 0.287842 0.395508 0.014160 0.021484
1 0.504639 0.425293 0.022949 0.045898
1 0.505615 0.432129 0.022949 0.047852
1 0.540283 0.431152 0.015137 0.045898
1 0.517578 0.446289 0.034180 0.058594
1 0.446533 0.455566 0.026855 0.084961
1 0.432861 0.459961 0.033691 0.095703
1 0.416260 0.468750 0.043457 0.111328
1 0.603271 0.403809 0.052246 0.041992
1 0.605713 0.453613 0.061035 0.118164
1 0.619873 0.472656 0.092285 0.130859
1 0.364502 0.446289 0.100098 0.181641
1 0.336426 0.502441 0.113281 0.209961
1 0.252930 0.538574 0.162109 0.291992
1 0.131836 0.625000 0.257812 0.501953