0 0.487305 0.399414 0.008789 0.019531
0 0.450684 0.383789 0.014648 0.048828
0 0.437988 0.392090 0.017578 0.038086
0 0.421631 0.391602 0.019043 0.039062
1 0.551514 0.437012 0.011230 0.012695
1 0.546143 0.425293 0.009277 0.030273
1 0.570312 0.423340 0.026367 0.055664
1 0.571289 0.432617 0.023438 0.052734
1 0.521729 0.398926 0.034668 0.024414
1 0.523193 0.430176 0.041504 0.075195
1 0.620117 0.416504 0.035156 0.086914
1 0.597168 0.437988 0.047852 0.071289
2 0.154297 0.442383 0.022461 0.095703
2 0.644043 0.440918 0.008789 0.022461
2 0.655762 0.445312 0.011719 0.019531
2 0.668457 0.445801 0.014648 0.036133