0 0.380127 0.433105 0.020996 0.084961
0 0.579834 0.402344 0.010254 0.046875
0 0.337158 0.398926 0.011230 0.030273
0 0.633057 0.435547 0.013184 0.085938
0 0.619873 0.428711 0.016113 0.107422
0 0.645264 0.425781 0.021973 0.119141
0 0.665283 0.431641 0.017090 0.119141
0 0.721924 0.434082 0.025879 0.202148
0 0.739502 0.443359 0.042480 0.226562
0 0.864746 0.436523 0.034180 0.236328
0 0.829346 0.448242 0.040527 0.238281
0 0.210693 0.393066 0.014160 0.022461
0 0.035645 0.487793 0.043945 0.321289
0 0.439453 0.437500 0.017578 0.111328
1 0.492676 0.423340 0.021484 0.053711
1 0.431152 0.442871 0.096680 0.081055
1 0.355225 0.461914 0.025879 0.095703
1 0.537842 0.464355 0.098145 0.168945
1 0.168701 0.487305 0.050293 0.126953
1 0.255371 0.533691 0.222656 0.301758
1 0.020020 0.597168 0.034180 0.237305