0 0.557129 0.423340 0.007812 0.036133
0 0.569580 0.424805 0.005371 0.044922
0 0.575439 0.432617 0.006348 0.050781
0 0.562256 0.433594 0.011230 0.072266
0 0.585938 0.418945 0.009766 0.035156
0 0.593262 0.411621 0.005859 0.020508
0 0.602539 0.404785 0.010742 0.016602
0 0.282227 0.413574 0.010742 0.018555
1 0.458740 0.425781 0.008301 0.017578
1 0.470215 0.425293 0.013672 0.020508
1 0.436768 0.428223 0.015137 0.030273
1 0.434326 0.431641 0.013184 0.033203
1 0.423096 0.437500 0.020020 0.058594
1 0.387939 0.426758 0.059082 0.130859
1 0.506836 0.438965 0.070312 0.061523
1 0.308594 0.462891 0.049805 0.083984
1 0.292969 0.468750 0.037109 0.093750
1 0.245605 0.474121 0.080078 0.125977
1 0.598389 0.459961 0.043457 0.095703
1 0.620605 0.462891 0.027344 0.126953
1 0.669922 0.459961 0.101562 0.177734
1 0.715820 0.493652 0.119141 0.186523
1 0.833984 0.524902 0.187500 0.278320
1 0.927246 0.575684 0.139648 0.401367
1 0.181885 0.502441 0.076660 0.172852
1 0.077881 0.506348 0.149902 0.327148