0 0.542480 0.427246 0.004883 0.041992
0 0.647217 0.435059 0.019043 0.069336
0 0.176514 0.390137 0.033691 0.084961
1 0.536865 0.438477 0.014160 0.035156
1 0.504883 0.437500 0.011719 0.033203
1 0.521973 0.439453 0.022461 0.039062
1 0.489502 0.440430 0.024902 0.050781
1 0.486816 0.441895 0.018555 0.049805
1 0.480713 0.443848 0.016113 0.057617
1 0.612061 0.447754 0.089355 0.092773
1 0.470215 0.451660 0.024414 0.077148
1 0.440674 0.454102 0.050293 0.107422
1 0.425537 0.461914 0.072754 0.121094
1 0.859619 0.394531 0.026855 0.015625
1 0.881348 0.392578 0.028320 0.023438
1 0.937744 0.439453 0.118652 0.123047
1 0.756836 0.515625 0.188477 0.306641
1 0.282227 0.502930 0.208984 0.326172
1 0.110840 0.592773 0.215820 0.802734
2 0.624268 0.464355 0.041504 0.065430
2 0.596436 0.467773 0.025879 0.058594