0 0.258057 0.382324 0.012207 0.057617
0 0.053223 0.425781 0.021484 0.148438
0 0.040283 0.425293 0.035645 0.161133
1 0.353760 0.375977 0.016113 0.029297
1 0.381836 0.366211 0.014648 0.023438
1 0.349854 0.388184 0.014160 0.038086
1 0.339111 0.392578 0.019043 0.048828
1 0.323975 0.402344 0.016113 0.072266
1 0.308594 0.404785 0.030273 0.077148
1 0.282959 0.414551 0.061035 0.096680
1 0.374023 0.396973 0.035156 0.051758
1 0.423096 0.358398 0.007324 0.025391
1 0.420166 0.391602 0.009277 0.052734
1 0.448975 0.372070 0.056152 0.126953
1 0.455322 0.412109 0.039551 0.070312
1 0.471924 0.423340 0.052246 0.092773
1 0.501221 0.441406 0.055176 0.103516
1 0.512451 0.471680 0.013184 0.083984
1 0.684082 0.405273 0.040039 0.044922
1 0.594971 0.472168 0.177246 0.305664
1 0.329346 0.399414 0.014160 0.064453
3 0.824463 0.429688 0.023926 0.109375