0 0.387451 0.417480 0.006348 0.010742
0 0.529785 0.417480 0.009766 0.014648
0 0.537354 0.437012 0.008301 0.047852
0 0.547119 0.434082 0.011230 0.053711
0 0.521729 0.436035 0.007324 0.051758
0 0.258057 0.437500 0.007324 0.031250
0 0.264648 0.433594 0.005859 0.087891
0 0.223877 0.439453 0.020020 0.082031
1 0.465332 0.423828 0.011719 0.023438
1 0.479248 0.426270 0.006348 0.012695
1 0.484375 0.424316 0.004883 0.012695
1 0.489014 0.423828 0.007324 0.015625
1 0.494141 0.423828 0.008789 0.013672
1 0.444336 0.425293 0.007812 0.018555
1 0.434814 0.424316 0.015137 0.016602
1 0.428711 0.429688 0.005859 0.023438
1 0.420898 0.431641 0.013672 0.033203
1 0.414307 0.433105 0.011230 0.034180
1 0.381104 0.436035 0.013184 0.040039
1 0.505127 0.425293 0.021973 0.028320
1 0.501709 0.435547 0.015137 0.033203
1 0.509277 0.435547 0.012695 0.031250
1 0.399414 0.441406 0.033203 0.052734
1 0.357178 0.435059 0.043457 0.077148
1 0.798828 0.470215 0.257812 0.401367
2 0.031982 0.577148 0.058105 0.222656
2 0.435303 0.450684 0.008301 0.040039
2 0.602539 0.450195 0.023438 0.062500