1 0.544922 0.395020 0.013672 0.028320
1 0.546875 0.400879 0.012695 0.030273
1 0.520020 0.396973 0.006836 0.018555
1 0.499756 0.414062 0.015137 0.054688
1 0.489014 0.416992 0.021973 0.083984
1 0.557373 0.409668 0.014160 0.045898
1 0.567139 0.409668 0.019043 0.051758
1 0.484131 0.425293 0.011230 0.079102
1 0.424072 0.416992 0.070801 0.091797
1 0.386719 0.480957 0.099609 0.178711
1 0.259521 0.487305 0.224121 0.248047
1 0.066650 0.726074 0.127441 0.536133
1 0.574219 0.431152 0.012695 0.073242
1 0.607422 0.414551 0.058594 0.129883
1 0.612793 0.432129 0.041992 0.112305
1 0.617920 0.451172 0.030762 0.140625
1 0.692627 0.435059 0.143066 0.233398
2 0.107666 0.542969 0.081543 0.142578
2 0.818848 0.446289 0.030273 0.113281
2 0.658936 0.492676 0.042480 0.163086
2 0.703125 0.519531 0.071289 0.236328
2 0.795166 0.572266 0.103027 0.275391