0 0.482422 0.434082 0.014648 0.063477
0 0.619385 0.407715 0.013184 0.018555
0 0.597168 0.409668 0.005859 0.010742
1 0.522461 0.425781 0.004883 0.013672
1 0.491455 0.427734 0.008301 0.019531
1 0.498535 0.432129 0.008789 0.022461
1 0.510498 0.434082 0.023926 0.040039
1 0.446533 0.431152 0.006348 0.020508
1 0.457275 0.436035 0.019043 0.034180
1 0.427246 0.437500 0.020508 0.039062
1 0.534912 0.434082 0.010254 0.036133
1 0.535645 0.437012 0.007812 0.034180
1 0.551025 0.440430 0.014160 0.046875
1 0.571045 0.441406 0.040527 0.066406
1 0.614746 0.464844 0.029297 0.111328
1 0.664795 0.471680 0.104980 0.169922
1 0.415771 0.439453 0.010254 0.042969
1 0.407715 0.419922 0.004883 0.013672
1 0.303955 0.458984 0.042480 0.095703
1 0.374268 0.471191 0.089355 0.129883
1 0.267334 0.462402 0.052246 0.112305
1 0.209717 0.469727 0.090332 0.142578
1 0.124023 0.494629 0.130859 0.174805
1 0.836426 0.558105 0.241211 0.329102
1 0.926270 0.638672 0.141602 0.498047
1 0.039551 0.509277 0.073242 0.250977
2 0.471436 0.443848 0.008301 0.018555