0 0.442139 0.439941 0.012207 0.047852
1 0.512695 0.426270 0.004883 0.014648
1 0.520264 0.424805 0.009277 0.017578
1 0.526123 0.429199 0.016113 0.024414
1 0.545654 0.429199 0.017090 0.028320
1 0.560303 0.436035 0.016113 0.051758
1 0.566162 0.437012 0.013184 0.049805
1 0.576172 0.441406 0.022461 0.070312
1 0.602295 0.442871 0.049316 0.100586
1 0.607178 0.458496 0.030762 0.118164
1 0.639404 0.457031 0.063965 0.152344
1 0.649658 0.477539 0.043457 0.189453
1 0.711426 0.486328 0.126953 0.277344
1 0.849121 0.533691 0.270508 0.418945
1 0.940430 0.611328 0.113281 0.560547
1 0.380615 0.447266 0.012207 0.041016
1 0.367920 0.448242 0.022949 0.046875
1 0.356934 0.450684 0.027344 0.045898
1 0.328857 0.451172 0.037598 0.062500
1 0.306641 0.458984 0.038086 0.056641
1 0.278076 0.466309 0.046387 0.061523
1 0.228271 0.468750 0.055176 0.089844
1 0.197021 0.475586 0.045410 0.091797
1 0.123779 0.472656 0.110840 0.144531
1 0.049805 0.508301 0.093750 0.137695