0 0.583984 0.419922 0.009766 0.039062
0 0.659668 0.416504 0.022461 0.108398
0 0.929932 0.398926 0.057129 0.268555
0 0.877930 0.402344 0.046875 0.287109
1 0.816895 0.391113 0.015625 0.022461
1 0.836914 0.388672 0.024414 0.037109
1 0.682617 0.404297 0.026367 0.023438
1 0.729248 0.403320 0.042480 0.025391
1 0.572021 0.412598 0.028809 0.041992
1 0.551514 0.393555 0.006348 0.011719
1 0.562012 0.418457 0.026367 0.038086
1 0.507324 0.357422 0.082031 0.091797
1 0.539795 0.473633 0.056152 0.189453
1 0.361572 0.408691 0.050293 0.079102
1 0.194824 0.478516 0.076172 0.134766
1 0.290039 0.480469 0.143555 0.228516
1 0.108887 0.496094 0.142578 0.146484
1 0.446533 0.535645 0.223145 0.333008
1 0.078125 0.634277 0.150391 0.467773