0 0.572021 0.433105 0.013184 0.063477
0 0.598389 0.435547 0.019043 0.062500
0 0.616211 0.438477 0.015625 0.076172
1 0.039062 0.460449 0.052734 0.016602
1 0.516602 0.439453 0.010742 0.021484
1 0.498047 0.434082 0.006836 0.010742
1 0.526611 0.440918 0.015137 0.024414
1 0.504883 0.442871 0.015625 0.024414
1 0.492188 0.442871 0.010742 0.032227
1 0.483154 0.445801 0.020996 0.032227
1 0.460693 0.449219 0.032715 0.046875
1 0.244629 0.493652 0.190430 0.301758
2 0.788574 0.504395 0.041016 0.184570
2 0.767578 0.507812 0.048828 0.183594
2 0.731934 0.515137 0.059570 0.172852
2 0.948242 0.563477 0.097656 0.287109
2 0.912598 0.555176 0.104492 0.301758
2 0.881592 0.572266 0.039551 0.208984