0 0.454346 0.402344 0.008301 0.023438
0 0.500977 0.421387 0.016602 0.065430
0 0.400391 0.461426 0.013672 0.092773
0 0.411865 0.458008 0.014160 0.093750
0 0.425781 0.459473 0.016602 0.102539
0 0.525391 0.426758 0.012695 0.070312
0 0.536865 0.429199 0.014160 0.067383
0 0.656006 0.477539 0.022949 0.142578
0 0.633301 0.473633 0.025391 0.154297
0 0.832275 0.463379 0.046387 0.256836
1 0.479492 0.457520 0.043945 0.086914
1 0.569092 0.476074 0.067871 0.110352
1 0.117920 0.658203 0.229980 0.671875
2 0.798096 0.501953 0.052246 0.150391