0 0.710938 0.403809 0.026367 0.047852
0 0.391113 0.394043 0.015625 0.014648
1 0.181396 0.461426 0.105957 0.116211
1 0.420410 0.467285 0.125000 0.137695
1 0.284912 0.471191 0.187988 0.166992
1 0.047119 0.454102 0.088379 0.099609
1 0.814453 0.496094 0.099609 0.222656
2 0.134277 0.454102 0.042969 0.076172
3 0.500244 0.461914 0.039551 0.089844
3 0.575684 0.462891 0.028320 0.095703
3 0.617188 0.479980 0.091797 0.135742
3 0.920410 0.579102 0.153320 0.447266
3 0.676270 0.469727 0.030273 0.093750
3 0.750977 0.460938 0.041016 0.117188