0 0.499512 0.447754 0.010742 0.079102
0 0.776611 0.419434 0.011230 0.034180
0 0.795166 0.447266 0.011230 0.070312
0 0.839355 0.438965 0.017578 0.024414
0 0.823730 0.408203 0.009766 0.025391
0 0.932129 0.398926 0.014648 0.034180
0 0.946533 0.407227 0.012207 0.025391
0 0.992676 0.401855 0.008789 0.032227
0 0.105225 0.410156 0.016113 0.042969
0 0.479004 0.443359 0.011719 0.089844
1 0.606201 0.442383 0.021973 0.050781
1 0.624023 0.447754 0.037109 0.057617
1 0.581787 0.438477 0.027832 0.064453
1 0.569092 0.449707 0.032715 0.049805
1 0.541260 0.442871 0.024902 0.065430
1 0.516602 0.444824 0.032227 0.073242
1 0.522705 0.453613 0.039551 0.067383
1 0.746826 0.475586 0.091309 0.113281
1 0.892090 0.503418 0.164062 0.180664
1 0.965820 0.519531 0.062500 0.240234
1 0.441406 0.443359 0.008789 0.042969
1 0.429199 0.441406 0.025391 0.048828
1 0.426514 0.446289 0.019043 0.044922
1 0.375000 0.446289 0.036133 0.083984
1 0.348877 0.456055 0.029785 0.087891
1 0.309082 0.452637 0.076172 0.129883
1 0.250000 0.467285 0.075195 0.131836
1 0.188232 0.480469 0.117676 0.148438
1 0.105225 0.512207 0.140137 0.163086
1 0.030273 0.509277 0.054688 0.215820
2 0.818359 0.461914 0.022461 0.048828