0 0.712646 0.425293 0.019043 0.073242
0 0.780762 0.421387 0.010742 0.065430
0 0.793213 0.418457 0.014160 0.098633
0 0.658691 0.428711 0.013672 0.046875
0 0.508057 0.398926 0.007324 0.022461
0 0.500977 0.414551 0.010742 0.067383
0 0.450928 0.425293 0.030762 0.131836
0 0.381836 0.435547 0.047852 0.228516
0 0.327881 0.443359 0.035645 0.210938
0 0.728760 0.427734 0.009277 0.072266
0 0.736816 0.425781 0.016602 0.076172
1 0.601074 0.432617 0.010742 0.042969
1 0.617920 0.436523 0.036621 0.046875
1 0.427002 0.430664 0.042480 0.085938
1 0.545898 0.454102 0.104492 0.162109
1 0.143311 0.436523 0.056152 0.117188
1 0.190186 0.445312 0.037598 0.136719
1 0.312988 0.445801 0.132812 0.143555
1 0.069824 0.457520 0.133789 0.286133