0 0.716797 0.439941 0.012695 0.059570
0 0.699219 0.443359 0.015625 0.058594
0 0.904053 0.444824 0.038574 0.184570
1 0.302246 0.438477 0.014648 0.013672
1 0.287354 0.445312 0.019043 0.023438
1 0.237549 0.448730 0.018066 0.032227
1 0.250488 0.455566 0.009766 0.038086
1 0.263672 0.455566 0.028320 0.041992
1 0.198486 0.447266 0.029785 0.041016
1 0.219238 0.458008 0.028320 0.039062
1 0.172852 0.448730 0.030273 0.043945
1 0.501709 0.462891 0.017090 0.031250
1 0.530273 0.448242 0.043945 0.076172
1 0.367920 0.470215 0.122559 0.217773
2 0.624756 0.537598 0.025879 0.141602