0 0.230469 0.447754 0.026367 0.139648
0 0.946777 0.460938 0.041992 0.177734
0 0.899902 0.474121 0.037109 0.159180
1 0.770264 0.428711 0.010254 0.017578
1 0.809814 0.442871 0.025879 0.057617
1 0.739502 0.434570 0.009277 0.023438
1 0.735840 0.437012 0.005859 0.020508
1 0.725586 0.440918 0.017578 0.038086
1 0.687500 0.435059 0.021484 0.047852
1 0.705322 0.438965 0.029785 0.047852
1 0.672363 0.441406 0.019531 0.041016
1 0.661865 0.444336 0.016113 0.042969
1 0.796875 0.452637 0.043945 0.071289
1 0.606445 0.437500 0.020508 0.039062
1 0.631348 0.448242 0.053711 0.064453
1 0.572998 0.445312 0.051270 0.070312
1 0.497803 0.461914 0.096191 0.113281
2 0.921875 0.473145 0.009766 0.092773
2 0.437744 0.479004 0.023926 0.032227