0 0.559814 0.418457 0.015137 0.053711
0 0.563721 0.414062 0.006348 0.056641
0 0.577148 0.409668 0.005859 0.055664
0 0.581787 0.411621 0.005371 0.055664
0 0.587158 0.411621 0.007324 0.051758
0 0.602783 0.413574 0.010254 0.053711
0 0.237305 0.432617 0.021484 0.093750
1 0.507324 0.407715 0.011719 0.014648
1 0.535889 0.438965 0.050293 0.088867
1 0.389404 0.418945 0.011230 0.027344
1 0.350830 0.398438 0.065918 0.095703
1 0.448486 0.463379 0.135254 0.204102
1 0.919922 0.401855 0.011719 0.020508
1 0.955811 0.432617 0.082520 0.093750
1 0.958984 0.446777 0.076172 0.096680
1 0.604736 0.468262 0.005371 0.102539
1 0.679932 0.456543 0.146973 0.286133
1 0.076416 0.472168 0.146973 0.178711
2 0.258057 0.446777 0.019043 0.059570
2 0.202393 0.451172 0.032715 0.080078
2 0.232910 0.451172 0.027344 0.058594
2 0.344971 0.470215 0.071777 0.092773