0 0.017578 0.409180 0.019531 0.033203
0 0.239258 0.430176 0.009766 0.057617
0 0.169434 0.442871 0.019531 0.096680
0 0.604248 0.424805 0.014160 0.083984
0 0.413330 0.499512 0.053223 0.344727
0 0.792725 0.373535 0.011230 0.055664
0 0.808350 0.415039 0.021973 0.152344
1 0.175781 0.409668 0.004883 0.012695
1 0.465820 0.426270 0.009766 0.030273
1 0.480713 0.426758 0.022949 0.039062
1 0.502930 0.425781 0.027344 0.046875
1 0.509766 0.431152 0.018555 0.038086
1 0.523926 0.429688 0.016602 0.042969
1 0.532715 0.432129 0.014648 0.049805
1 0.545410 0.430664 0.026367 0.058594
1 0.554932 0.432617 0.017090 0.056641