0 0.891846 0.431152 0.009277 0.043945
0 0.667969 0.474121 0.046875 0.206055
0 0.694580 0.487793 0.053223 0.200195
0 0.583496 0.474121 0.052734 0.192383
0 0.305908 0.541016 0.070801 0.232422
1 0.992920 0.435059 0.008301 0.020508
1 0.966553 0.451660 0.046387 0.092773
1 0.962402 0.469727 0.029297 0.082031
1 0.990479 0.487793 0.013184 0.118164
1 0.922852 0.483887 0.069336 0.122070
2 0.759277 0.499512 0.023438 0.094727
2 0.736816 0.524902 0.049805 0.100586
2 0.124512 0.529297 0.085938 0.146484
2 0.102051 0.534180 0.088867 0.148438