0 0.841797 0.416016 0.012695 0.058594
0 0.136963 0.424316 0.015137 0.026367
0 0.122070 0.422852 0.015625 0.054688
0 0.822021 0.472656 0.055176 0.251953
1 0.451172 0.445312 0.023438 0.035156
1 0.477539 0.454102 0.041016 0.064453
1 0.630859 0.437500 0.045898 0.062500
1 0.679932 0.461914 0.100098 0.105469
1 0.781006 0.468262 0.157715 0.129883
1 0.207764 0.428223 0.102051 0.032227
1 0.171631 0.493652 0.145996 0.141602
1 0.536865 0.467285 0.090332 0.159180
1 0.290283 0.541992 0.195801 0.259766
2 0.721436 0.494141 0.043457 0.130859
2 0.765381 0.503906 0.095215 0.142578
2 0.815430 0.519043 0.109375 0.151367