0 0.537598 0.410645 0.008789 0.047852
0 0.621094 0.404785 0.014648 0.061523
0 0.632080 0.392090 0.011230 0.032227
0 0.651855 0.409668 0.019531 0.098633
0 0.670410 0.409180 0.019531 0.093750
0 0.689941 0.413086 0.015625 0.082031
0 0.732666 0.413574 0.016113 0.137695
0 0.759033 0.359375 0.014160 0.023438
0 0.213379 0.429688 0.018555 0.132812
0 0.196533 0.415527 0.024902 0.170898
0 0.104492 0.418457 0.044922 0.198242
0 0.015381 0.431152 0.024902 0.200195
1 0.483887 0.423828 0.013672 0.052734
1 0.549072 0.412598 0.027832 0.053711
1 0.571289 0.421387 0.032227 0.069336
1 0.574951 0.427246 0.026855 0.065430
1 0.461670 0.417480 0.023926 0.038086
1 0.508545 0.428711 0.046387 0.080078
2 0.170898 0.450684 0.033203 0.100586
2 0.436768 0.419922 0.009277 0.027344
2 0.395752 0.443359 0.020020 0.066406