0 0.611328 0.419434 0.008789 0.020508
0 0.214111 0.413086 0.014160 0.048828
0 0.010986 0.386719 0.016113 0.039062
0 0.724854 0.403809 0.010254 0.016602
0 0.737793 0.406738 0.008789 0.010742
1 0.499268 0.405762 0.013184 0.032227
1 0.537598 0.425293 0.012695 0.030273
1 0.520996 0.429688 0.024414 0.044922
1 0.555908 0.437012 0.018066 0.045898
1 0.562012 0.442383 0.015625 0.054688
1 0.384033 0.433105 0.012207 0.032227
1 0.348145 0.426758 0.071289 0.125000
1 0.410645 0.456055 0.057617 0.095703
1 0.616455 0.434082 0.013184 0.036133
1 0.626221 0.445312 0.026855 0.062500
1 0.643799 0.449707 0.043457 0.065430
1 0.586914 0.452637 0.053711 0.084961
1 0.666992 0.454102 0.032227 0.080078
1 0.696533 0.459473 0.053223 0.098633
1 0.730469 0.467285 0.063477 0.116211
1 0.770996 0.479004 0.086914 0.135742
1 0.814941 0.493164 0.103516 0.154297
1 0.901367 0.508301 0.149414 0.196289
1 0.156982 0.476074 0.121582 0.184570
1 0.283447 0.492676 0.149902 0.217773
1 0.055420 0.518066 0.104980 0.227539