0 0.246094 0.407715 0.007812 0.018555
0 0.486328 0.422852 0.010742 0.037109
0 0.542969 0.396484 0.007812 0.011719
1 0.295410 0.406250 0.008789 0.011719
1 0.298340 0.407227 0.004883 0.009766
1 0.297852 0.421875 0.005859 0.019531
1 0.320068 0.409668 0.040527 0.030273
1 0.310791 0.422852 0.020020 0.037109
1 0.274414 0.407715 0.014648 0.018555
1 0.261230 0.417969 0.017578 0.029297
1 0.236816 0.425781 0.027344 0.050781
1 0.237305 0.432617 0.016602 0.046875
1 0.230225 0.436523 0.011230 0.054688
1 0.218018 0.437012 0.021973 0.059570
1 0.203369 0.442383 0.038574 0.068359
1 0.411133 0.413574 0.009766 0.014648
1 0.331543 0.439941 0.041016 0.079102
1 0.419678 0.430664 0.018066 0.056641
1 0.438232 0.434082 0.041504 0.071289
1 0.459717 0.443848 0.051270 0.067383
1 0.377930 0.458008 0.079102 0.128906
1 0.183838 0.448242 0.055176 0.078125
1 0.519043 0.452148 0.050781 0.099609
1 0.552734 0.452148 0.050781 0.125000
1 0.615234 0.438965 0.099609 0.194336
1 0.729248 0.402832 0.187012 0.165039
1 0.726074 0.492188 0.189453 0.308594
1 0.862793 0.597656 0.268555 0.498047
2 0.141602 0.457520 0.018555 0.065430
2 0.128906 0.436523 0.013672 0.052734
2 0.027588 0.565430 0.049316 0.080078