0 0.769775 0.429199 0.012207 0.028320
0 0.780762 0.424316 0.013672 0.043945
0 0.799316 0.427246 0.009766 0.040039
0 0.806396 0.428711 0.006348 0.035156
0 0.813477 0.427246 0.009766 0.038086
0 0.984131 0.441895 0.025879 0.159180
1 0.420898 0.435547 0.007812 0.009766
1 0.445068 0.441895 0.024902 0.028320
1 0.668701 0.434570 0.026855 0.027344
1 0.572021 0.451660 0.019043 0.057617
1 0.543457 0.442383 0.042969 0.083984
1 0.531738 0.457520 0.062500 0.094727
1 0.611572 0.459473 0.058105 0.088867
1 0.706299 0.460449 0.067871 0.100586
1 0.061035 0.459961 0.083008 0.048828
1 0.353271 0.463867 0.119629 0.189453