0 0.492188 0.445312 0.023438 0.119141
0 0.479980 0.442871 0.025391 0.133789
0 0.655029 0.427246 0.022949 0.122070
0 0.564697 0.438965 0.023926 0.125977
0 0.768311 0.413086 0.007324 0.039062
0 0.786865 0.432129 0.032715 0.131836
0 0.802002 0.428711 0.018066 0.140625
0 0.882080 0.433594 0.014160 0.103516
0 0.067627 0.340820 0.023926 0.035156
0 0.448486 0.397949 0.007324 0.040039
0 0.469238 0.474121 0.051758 0.293945
0 0.525146 0.484375 0.074707 0.291016
0 0.619629 0.442871 0.064453 0.362305
0 0.617432 0.474609 0.048340 0.326172
0 0.684082 0.442383 0.068359 0.392578
0 0.712891 0.515625 0.101562 0.464844
0 0.744873 0.511230 0.137207 0.541992
0 0.838135 0.519043 0.080566 0.465820
0 0.155762 0.518555 0.098633 0.691406
1 0.545410 0.430176 0.013672 0.049805
1 0.656006 0.431641 0.054199 0.082031
1 0.391846 0.480957 0.118652 0.213867
1 0.067139 0.426758 0.085449 0.140625
1 0.181396 0.534668 0.353027 0.368164
2 0.609375 0.476562 0.071289 0.060547
2 0.921387 0.655273 0.151367 0.419922
2 0.056885 0.650391 0.107910 0.283203