0 0.486816 0.464844 0.008789 0.064453
0 0.973145 0.375977 0.047852 0.113281
0 0.984375 0.422363 0.025391 0.147461
0 0.192383 0.468262 0.031250 0.184570
0 0.168701 0.466309 0.033691 0.198242
0 0.148438 0.474609 0.046875 0.205078
0 0.061523 0.494629 0.072266 0.370117
0 0.013184 0.531738 0.020508 0.291992
1 0.514648 0.474609 0.039062 0.072266
1 0.628174 0.481445 0.090332 0.160156
1 0.719727 0.515137 0.143555 0.221680
1 0.856445 0.568359 0.281250 0.335938
1 0.968750 0.758301 0.056641 0.354492
1 0.301758 0.481934 0.179688 0.170898
2 0.442139 0.479980 0.032715 0.049805