0 0.561279 0.442383 0.007324 0.054688
0 0.663818 0.392578 0.006348 0.011719
0 0.434570 0.420410 0.005859 0.012695
0 0.360596 0.437500 0.016113 0.027344
0 0.400879 0.456543 0.016602 0.073242
0 0.303467 0.450195 0.009277 0.054688
0 0.311035 0.440918 0.012695 0.071289
0 0.292480 0.442871 0.011719 0.081055
0 0.299072 0.467285 0.008301 0.038086
0 0.695312 0.387695 0.008789 0.009766
0 0.746826 0.389648 0.015137 0.035156
1 0.524414 0.436523 0.018555 0.025391
1 0.557373 0.432617 0.018066 0.029297
1 0.570557 0.435547 0.013184 0.048828
1 0.580811 0.435059 0.022949 0.051758
1 0.591309 0.437012 0.034180 0.051758
1 0.594238 0.447754 0.016602 0.051758
1 0.608643 0.445801 0.027832 0.061523
1 0.431396 0.432617 0.012207 0.023438
1 0.425049 0.440918 0.013184 0.038086
1 0.406250 0.451660 0.034180 0.065430
1 0.392578 0.454590 0.040039 0.065430
1 0.636963 0.455566 0.040527 0.100586
1 0.682129 0.461914 0.091797 0.146484
1 0.472656 0.468750 0.105469 0.111328
1 0.778809 0.476074 0.116211 0.192383
1 0.158203 0.491211 0.145508 0.216797
1 0.894775 0.496582 0.204590 0.286133
1 0.067627 0.538574 0.129395 0.274414
2 0.717041 0.472656 0.040527 0.132812
2 0.545898 0.455078 0.005859 0.019531
2 0.553467 0.454102 0.005371 0.021484
2 0.392578 0.466309 0.022461 0.053711
2 0.375244 0.466797 0.026855 0.054688
2 0.334473 0.465332 0.052734 0.059570
2 0.326416 0.517090 0.028809 0.102539
3 0.259033 0.491699 0.032715 0.096680