0 0.375488 0.363281 0.016602 0.031250
0 0.359375 0.359375 0.016602 0.039062
0 0.313232 0.438965 0.051270 0.186523
0 0.354248 0.440918 0.044434 0.186523
0 0.306641 0.452637 0.045898 0.206055
0 0.248047 0.390137 0.019531 0.051758
0 0.229980 0.348633 0.016602 0.035156
0 0.275879 0.449219 0.045898 0.226562
0 0.720703 0.402832 0.045898 0.110352
0 0.851074 0.452637 0.079102 0.252930
1 0.541748 0.380859 0.023926 0.023438
1 0.520508 0.400391 0.038086 0.060547
1 0.495850 0.412109 0.043457 0.072266
1 0.467529 0.422363 0.041504 0.083008
1 0.420166 0.427246 0.065918 0.106445
1 0.626953 0.534180 0.232422 0.312500
1 0.139648 0.487793 0.273438 0.413086