0 0.121094 0.397949 0.014648 0.045898
0 0.516357 0.431152 0.010254 0.059570
0 0.527832 0.436523 0.013672 0.070312
0 0.539551 0.434082 0.010742 0.067383
0 0.506592 0.431152 0.009277 0.071289
0 0.499023 0.435547 0.011719 0.074219
0 0.488281 0.433105 0.010742 0.077148
0 0.456299 0.391113 0.007324 0.018555
0 0.461914 0.433105 0.009766 0.081055
0 0.475830 0.432129 0.023926 0.086914
0 0.450195 0.440430 0.016602 0.113281
0 0.552490 0.437988 0.020996 0.112305
0 0.432129 0.446289 0.034180 0.128906
0 0.389648 0.438477 0.014648 0.121094
0 0.397705 0.442383 0.019043 0.121094
0 0.413330 0.485352 0.008301 0.037109
0 0.413818 0.441406 0.032715 0.136719
0 0.342041 0.447754 0.028809 0.124023
0 0.376709 0.433105 0.011230 0.110352
0 0.806396 0.466797 0.028809 0.179688
0 0.776123 0.465332 0.040527 0.192383
0 0.218018 0.430176 0.027832 0.149414
0 0.935059 0.399902 0.010742 0.053711
0 0.919189 0.440430 0.024902 0.126953
0 0.944824 0.478516 0.045898 0.189453
0 0.554199 0.460938 0.020508 0.085938
1 0.309082 0.424805 0.009766 0.050781
1 0.664062 0.445801 0.079102 0.057617
1 0.952148 0.440918 0.089844 0.047852
1 0.819336 0.444336 0.055664 0.058594
1 0.058105 0.395020 0.105469 0.092773
1 0.073975 0.466309 0.141113 0.151367