0 0.245605 0.428711 0.047852 0.201172
1 0.512207 0.459961 0.012695 0.046875
1 0.476074 0.417969 0.035156 0.019531
1 0.477539 0.457520 0.047852 0.079102
1 0.437256 0.476562 0.055176 0.162109
1 0.363770 0.487793 0.145508 0.213867
1 0.555176 0.461914 0.011719 0.037109
1 0.562744 0.461426 0.013184 0.043945
1 0.571045 0.459473 0.016113 0.055664
1 0.576660 0.462402 0.017578 0.057617
1 0.583984 0.463379 0.013672 0.069336
1 0.607422 0.466797 0.049805 0.103516
1 0.641846 0.476074 0.057129 0.157227
1 0.706055 0.495117 0.144531 0.208984
1 0.137695 0.644043 0.269531 0.700195
1 0.905518 0.644531 0.183105 0.648438
2 0.287842 0.455078 0.022949 0.052734
2 0.852295 0.482910 0.053223 0.104492