0 0.628662 0.390625 0.009277 0.048828
0 0.654785 0.397461 0.005859 0.044922
0 0.668457 0.413574 0.020508 0.036133
0 0.753906 0.420898 0.023438 0.107422
0 0.979004 0.417480 0.016602 0.102539
0 0.811523 0.434570 0.017578 0.101562
0 0.834961 0.436523 0.022461 0.134766
0 0.682373 0.433594 0.019043 0.123047
0 0.699951 0.430664 0.026855 0.134766
0 0.725342 0.434082 0.033691 0.135742
0 0.241211 0.396484 0.009766 0.039062
0 0.256836 0.389160 0.007812 0.038086
0 0.283936 0.444824 0.021973 0.143555
0 0.266357 0.449707 0.023926 0.161133
0 0.288574 0.442871 0.012695 0.141602
0 0.129639 0.454590 0.023926 0.198242
0 0.147949 0.465332 0.021484 0.182617
0 0.160889 0.473145 0.024902 0.206055
0 0.102051 0.486816 0.035156 0.235352
0 0.012451 0.401855 0.019043 0.032227
0 0.060059 0.480469 0.021484 0.193359
0 0.027832 0.498535 0.019531 0.215820
0 0.297607 0.446289 0.021973 0.164062
0 0.277100 0.480469 0.026855 0.095703
1 0.622314 0.382324 0.020996 0.034180
1 0.576660 0.394043 0.037109 0.043945
1 0.574951 0.411621 0.037598 0.055664
1 0.515381 0.395996 0.030762 0.030273
1 0.544434 0.428711 0.041992 0.078125
1 0.525879 0.455566 0.076172 0.112305
1 0.905029 0.455566 0.153809 0.143555
1 0.377686 0.476562 0.127441 0.171875