0 0.319580 0.411133 0.013184 0.017578
1 0.493652 0.418945 0.008789 0.013672
1 0.499756 0.419434 0.008301 0.012695
1 0.504639 0.421387 0.007324 0.018555
1 0.514160 0.426758 0.016602 0.035156
1 0.519287 0.431641 0.019043 0.027344
1 0.477539 0.439941 0.034180 0.059570
1 0.542480 0.432617 0.025391 0.044922
1 0.401367 0.450195 0.039062 0.064453
1 0.441895 0.458984 0.058594 0.091797
1 0.372803 0.465332 0.037598 0.086914
1 0.354492 0.471191 0.031250 0.100586
1 0.554932 0.445801 0.021973 0.077148
1 0.580078 0.445801 0.053711 0.102539
1 0.590576 0.455566 0.047363 0.110352
1 0.613037 0.456543 0.054199 0.129883
1 0.616211 0.467773 0.044922 0.144531
1 0.686035 0.475098 0.141602 0.206055
1 0.335693 0.478516 0.044434 0.119141
1 0.277588 0.477539 0.099121 0.177734
1 0.213135 0.509766 0.112793 0.203125
1 0.094727 0.551758 0.183594 0.332031
1 0.944092 0.689941 0.105957 0.465820