1 0.833008 0.434570 0.026367 0.029297
1 0.842285 0.436035 0.020508 0.028320
1 0.855469 0.439453 0.025391 0.029297
1 0.916504 0.430664 0.007812 0.009766
1 0.922119 0.444824 0.020020 0.034180
1 0.340820 0.406738 0.007812 0.022461
1 0.201660 0.423340 0.004883 0.016602
1 0.484375 0.424805 0.009766 0.031250
1 0.550293 0.428223 0.015625 0.040039
1 0.460938 0.419434 0.037109 0.079102
1 0.291016 0.419434 0.013672 0.034180
1 0.308594 0.411133 0.027344 0.050781
1 0.447266 0.436035 0.044922 0.071289
1 0.569580 0.433594 0.033691 0.060547
1 0.516113 0.454590 0.064453 0.104492
1 0.384766 0.457520 0.104492 0.153320
1 0.925049 0.591797 0.144043 0.500000
1 0.116943 0.631836 0.228027 0.654297
2 0.730469 0.456543 0.014648 0.022461
2 0.746338 0.455078 0.020020 0.029297