0 0.714111 0.405273 0.018066 0.070312
1 0.551758 0.461426 0.026367 0.030273
1 0.603516 0.434082 0.046875 0.090820
1 0.603516 0.445801 0.020508 0.069336
1 0.618896 0.442383 0.028809 0.083984
1 0.387939 0.440918 0.033691 0.073242
1 0.310303 0.452148 0.018066 0.062500
1 0.347168 0.445801 0.055664 0.075195
1 0.209961 0.439453 0.044922 0.087891
1 0.660156 0.435547 0.073242 0.107422
1 0.146240 0.447754 0.104980 0.100586
1 0.255859 0.450684 0.100586 0.118164
1 0.506104 0.443848 0.058105 0.083008
2 0.698486 0.458496 0.051270 0.106445