0 0.234863 0.440430 0.006836 0.027344
0 0.227539 0.437988 0.008789 0.034180
0 0.888428 0.430176 0.012207 0.090820
0 0.938721 0.394043 0.008301 0.018555
1 0.446533 0.417969 0.005371 0.009766
1 0.175049 0.470215 0.047363 0.055664
1 0.051514 0.474609 0.027832 0.076172
1 0.108154 0.469238 0.092285 0.102539
1 0.024902 0.474609 0.043945 0.138672
1 0.583740 0.416504 0.011230 0.020508
1 0.539307 0.419922 0.012207 0.021484
1 0.549316 0.430664 0.013672 0.027344
1 0.580322 0.423828 0.010254 0.017578
1 0.575195 0.425781 0.014648 0.015625
1 0.550781 0.451660 0.014648 0.040039
1 0.560791 0.455566 0.020020 0.047852
1 0.573242 0.462891 0.040039 0.058594
1 0.515625 0.462891 0.055664 0.091797
1 0.468262 0.454590 0.033203 0.043945
1 0.414551 0.468262 0.063477 0.110352
1 0.329834 0.497070 0.151855 0.220703
1 0.801025 0.445312 0.057129 0.080078
1 0.849121 0.448242 0.086914 0.078125
1 0.966309 0.457031 0.061523 0.091797
1 0.720215 0.497070 0.133789 0.195312