0 0.594727 0.356934 0.008789 0.020508
0 0.630859 0.449219 0.028320 0.140625
0 0.765381 0.441406 0.045410 0.253906
1 0.553467 0.363281 0.022949 0.025391
1 0.533691 0.366699 0.020508 0.030273
1 0.468750 0.379883 0.016602 0.023438
1 0.512207 0.360840 0.013672 0.012695
1 0.511230 0.397949 0.015625 0.053711
1 0.569336 0.366699 0.010742 0.028320
1 0.574219 0.370117 0.012695 0.033203
1 0.583984 0.375488 0.019531 0.036133
1 0.589600 0.382812 0.020020 0.037109
1 0.601807 0.380859 0.021973 0.017578
1 0.610107 0.382324 0.020020 0.010742
1 0.619629 0.383301 0.013672 0.010742
1 0.649658 0.416504 0.025879 0.051758
1 0.506592 0.447754 0.035645 0.106445
1 0.492676 0.456055 0.040039 0.130859
1 0.615234 0.437988 0.077148 0.100586
1 0.697998 0.458496 0.029785 0.108398
1 0.777100 0.446777 0.136230 0.182617
1 0.788818 0.475586 0.086426 0.158203
1 0.907471 0.489258 0.179199 0.300781
1 0.456299 0.461914 0.070801 0.167969
1 0.386230 0.477051 0.127930 0.237305
1 0.323486 0.495117 0.128418 0.279297
1 0.180664 0.619141 0.355469 0.611328
1 0.975342 0.531738 0.043457 0.288086