0 0.183105 0.403809 0.023438 0.032227
0 0.076904 0.382812 0.062012 0.146484
1 0.489258 0.395996 0.007812 0.014648
1 0.480469 0.396973 0.012695 0.010742
1 0.473633 0.413086 0.010742 0.025391
1 0.463867 0.401855 0.013672 0.020508
1 0.462646 0.412598 0.010254 0.030273
1 0.454346 0.415039 0.015137 0.039062
1 0.436035 0.412109 0.032227 0.054688
1 0.430908 0.418457 0.019043 0.043945
1 0.416504 0.425293 0.033203 0.055664
1 0.500244 0.426270 0.031738 0.090820
1 0.382568 0.431641 0.045410 0.076172
1 0.532959 0.421387 0.060059 0.122070
1 0.608154 0.419922 0.146973 0.128906
1 0.332764 0.444824 0.074707 0.106445
1 0.931396 0.554688 0.131348 0.490234
2 0.482178 0.418945 0.007324 0.023438
2 0.101807 0.514648 0.118652 0.210938
2 0.594971 0.430176 0.068848 0.104492
2 0.666748 0.438965 0.043457 0.114258
2 0.629150 0.438965 0.093262 0.124023
2 0.821289 0.553711 0.154297 0.283203
2 0.272217 0.470215 0.062988 0.122070
2 0.199707 0.480469 0.090820 0.126953
2 0.139404 0.493652 0.111816 0.165039
2 0.041992 0.523438 0.078125 0.269531
3 0.735352 0.416992 0.056641 0.167969