0 0.630615 0.401855 0.008301 0.010742
0 0.672119 0.418945 0.010254 0.046875
0 0.700928 0.429688 0.008301 0.050781
0 0.710693 0.426758 0.011230 0.056641
0 0.720947 0.432129 0.011230 0.053711
0 0.734375 0.418945 0.007812 0.035156
0 0.740234 0.439941 0.014648 0.086914
0 0.988770 0.353027 0.016602 0.034180
0 0.489990 0.428223 0.005371 0.055664
0 0.466797 0.426270 0.006836 0.069336
1 0.524658 0.424316 0.006348 0.014648
1 0.535889 0.424316 0.017090 0.030273
1 0.820557 0.469727 0.129395 0.193359
1 0.916992 0.496582 0.160156 0.252930
1 0.507568 0.426758 0.017090 0.031250
1 0.450684 0.430176 0.006836 0.024414
1 0.427002 0.433105 0.020996 0.034180
1 0.383057 0.438477 0.081543 0.173828
1 0.210449 0.445312 0.121094 0.197266
1 0.321289 0.482910 0.138672 0.198242
1 0.101074 0.596680 0.196289 0.654297