0 0.599609 0.395996 0.004883 0.065430
0 0.296143 0.399902 0.011230 0.041992
0 0.281982 0.391602 0.010254 0.013672
0 0.503174 0.430176 0.009277 0.149414
0 0.520996 0.481445 0.021484 0.064453
0 0.481689 0.432129 0.020020 0.151367
0 0.629150 0.407715 0.013184 0.090820
0 0.777100 0.408203 0.020020 0.107422
0 0.805908 0.416016 0.028809 0.103516
0 0.939941 0.433105 0.021484 0.094727
0 0.931152 0.431641 0.024414 0.074219
0 0.959717 0.436035 0.024902 0.088867
0 0.165039 0.437500 0.018555 0.125000
0 0.154541 0.436523 0.015137 0.113281
0 0.141846 0.423828 0.020020 0.152344
0 0.120850 0.431641 0.007324 0.132812
0 0.099609 0.422852 0.042969 0.189453
0 0.672119 0.433105 0.015137 0.141602
1 0.451172 0.406250 0.010742 0.037109
1 0.455322 0.414551 0.009277 0.038086
1 0.467529 0.405762 0.023926 0.063477
1 0.467529 0.418457 0.012207 0.049805
1 0.473633 0.420410 0.010742 0.065430
1 0.056641 0.393066 0.011719 0.038086
1 0.432617 0.434570 0.041016 0.089844
1 0.324707 0.421387 0.056641 0.108398
1 0.244141 0.452148 0.117188 0.140625
1 0.377686 0.454590 0.110840 0.165039
2 0.718994 0.452637 0.028809 0.075195
2 0.703125 0.452637 0.015625 0.081055
2 0.691406 0.441406 0.023438 0.097656
2 0.684326 0.449707 0.012207 0.079102
2 0.649902 0.462891 0.042969 0.099609
3 0.725830 0.444824 0.039551 0.073242