1 0.620850 0.424316 0.014160 0.022461
1 0.643311 0.438477 0.025879 0.044922
1 0.678223 0.418457 0.022461 0.022461
1 0.606934 0.434082 0.015625 0.030273
1 0.599121 0.437012 0.020508 0.032227
1 0.679199 0.433105 0.024414 0.043945
1 0.685547 0.444336 0.029297 0.048828
1 0.586914 0.442871 0.029297 0.041992
1 0.456787 0.473633 0.033691 0.093750
1 0.438477 0.482422 0.038086 0.109375
1 0.413330 0.489258 0.051270 0.123047
1 0.356445 0.496094 0.085938 0.171875
1 0.271973 0.520020 0.144531 0.180664
2 0.856934 0.509277 0.118164 0.151367
2 0.152832 0.546875 0.125000 0.220703
2 0.051270 0.584473 0.096680 0.293945