0 0.135254 0.378906 0.012695 0.015625
0 0.100830 0.387695 0.021973 0.033203
1 0.514160 0.408203 0.013672 0.023438
1 0.499512 0.409180 0.010742 0.015625
1 0.493652 0.411621 0.014648 0.016602
1 0.470703 0.432129 0.004883 0.045898
1 0.454834 0.417480 0.029785 0.084961
1 0.420410 0.447754 0.017578 0.081055
1 0.391602 0.426758 0.053711 0.052734
1 0.645508 0.429688 0.078125 0.158203
1 0.297607 0.485352 0.095215 0.164062
1 0.179199 0.530762 0.181641 0.297852
1 0.063232 0.566895 0.120605 0.432617
2 0.431641 0.471191 0.016602 0.075195