0 0.298828 0.406250 0.014648 0.068359
0 0.329102 0.381836 0.005859 0.109375
0 0.514893 0.419922 0.016113 0.087891
0 0.502197 0.417480 0.014160 0.086914
0 0.487549 0.414551 0.018066 0.090820
1 0.166504 0.405762 0.015625 0.030273
1 0.177490 0.411621 0.024902 0.034180
1 0.009033 0.439453 0.012207 0.062500
1 0.145508 0.436035 0.046875 0.061523
1 0.662354 0.376953 0.015137 0.009766
1 0.742432 0.377441 0.042480 0.045898
1 0.610596 0.383301 0.014160 0.012695
1 0.636230 0.393066 0.044922 0.041992
1 0.685791 0.382324 0.064941 0.055664
1 0.701416 0.405273 0.066895 0.066406
1 0.595947 0.449219 0.095215 0.121094
1 0.101807 0.443848 0.062012 0.079102
2 0.060791 0.431152 0.028809 0.045898