0 0.441406 0.423828 0.015625 0.048828
0 0.453125 0.419434 0.011719 0.055664
0 0.466309 0.425781 0.012695 0.046875
0 0.491455 0.425781 0.013184 0.072266
0 0.588623 0.394531 0.009277 0.015625
0 0.239746 0.419922 0.016602 0.117188
0 0.253174 0.414062 0.024902 0.130859
0 0.657471 0.380371 0.010254 0.016602
0 0.799072 0.447754 0.032715 0.184570
0 0.833496 0.441895 0.038086 0.196289
0 0.094727 0.430664 0.018555 0.136719
0 0.017334 0.442871 0.028809 0.194336
0 0.042236 0.416992 0.056152 0.240234
1 0.478027 0.418457 0.013672 0.022461
1 0.499512 0.421875 0.005859 0.033203
1 0.466797 0.417480 0.016602 0.018555
1 0.442871 0.417969 0.014648 0.015625
1 0.506104 0.421387 0.015137 0.034180
1 0.432861 0.414551 0.006348 0.012695
1 0.425537 0.421875 0.020020 0.027344
1 0.507080 0.426270 0.011230 0.036133
1 0.522949 0.425293 0.026367 0.045898
1 0.552734 0.430664 0.044922 0.082031
1 0.566406 0.435547 0.040039 0.078125
1 0.578125 0.443359 0.055664 0.085938
1 0.229004 0.407227 0.005859 0.017578
1 0.383301 0.427734 0.031250 0.046875
1 0.336426 0.411133 0.031250 0.089844
1 0.628418 0.459473 0.083008 0.143555
1 0.707031 0.487793 0.149414 0.202148
2 0.584717 0.451660 0.031738 0.071289
2 0.776367 0.472168 0.024414 0.145508
2 0.408936 0.431152 0.006348 0.026367
2 0.140137 0.447754 0.084961 0.122070
2 0.976807 0.698242 0.040527 0.236328