0 0.500732 0.439453 0.024902 0.121094
0 0.521729 0.439941 0.021973 0.125977
0 0.533203 0.433594 0.028320 0.140625
0 0.694336 0.423340 0.007812 0.041992
0 0.670898 0.438965 0.020508 0.084961
0 0.647949 0.439453 0.013672 0.085938
0 0.622559 0.434082 0.013672 0.096680
0 0.635498 0.433105 0.019043 0.120117
0 0.809326 0.395020 0.007324 0.020508
0 0.818115 0.396484 0.008301 0.015625
0 0.925049 0.433105 0.013184 0.106445
0 0.946777 0.429199 0.042969 0.168945
0 0.871338 0.535645 0.143066 0.666992
0 0.734375 0.523926 0.106445 0.508789
0 0.583008 0.548340 0.169922 0.592773
0 0.410645 0.475098 0.059570 0.290039
0 0.127686 0.337402 0.012207 0.022461
0 0.129150 0.355957 0.031738 0.045898
0 0.361328 0.541992 0.149414 0.556641
0 0.182129 0.541016 0.088867 0.517578
0 0.068604 0.527832 0.131348 0.803711
1 0.443115 0.399902 0.015137 0.012695
1 0.463379 0.449707 0.042969 0.090820
1 0.506592 0.430664 0.037598 0.070312
1 0.658936 0.432617 0.059082 0.082031
1 0.438965 0.452637 0.034180 0.145508
1 0.410156 0.482422 0.087891 0.214844
1 0.065918 0.454102 0.125977 0.181641
1 0.170898 0.536621 0.303711 0.372070