0 0.590088 0.455078 0.017090 0.087891
0 0.601562 0.458008 0.013672 0.089844
0 0.327393 0.476562 0.020020 0.148438
0 0.306885 0.475098 0.022949 0.165039
0 0.677246 0.471191 0.026367 0.161133
0 0.654541 0.475098 0.026855 0.163086
0 0.626465 0.467285 0.049805 0.172852
0 0.245605 0.480469 0.019531 0.138672
0 0.282471 0.479004 0.019043 0.147461
0 0.269287 0.478027 0.025879 0.145508
0 0.231445 0.474609 0.015625 0.146484
0 0.340088 0.482422 0.040527 0.140625
1 0.687744 0.458984 0.104980 0.062500
1 0.878418 0.464844 0.106445 0.076172
2 0.749023 0.461426 0.030273 0.047852
2 0.446777 0.473145 0.036133 0.057617
2 0.375000 0.499023 0.047852 0.082031