0 0.268799 0.422363 0.009277 0.092773
0 0.277588 0.429688 0.017090 0.085938
0 0.013916 0.421875 0.021973 0.191406
1 0.350098 0.437500 0.018555 0.037109
1 0.385010 0.409180 0.032715 0.015625
1 0.383301 0.445312 0.054688 0.076172
1 0.477783 0.441406 0.019043 0.062500
1 0.457275 0.441895 0.042480 0.073242
1 0.761475 0.422852 0.009277 0.009766
1 0.734863 0.435059 0.009766 0.049805
1 0.609375 0.416016 0.046875 0.044922
1 0.570557 0.427734 0.046387 0.037109
1 0.889404 0.505371 0.214355 0.436523
1 0.527588 0.438965 0.043457 0.067383
2 0.625732 0.454590 0.041504 0.090820
2 0.632568 0.462402 0.025879 0.077148
2 0.700928 0.477539 0.040527 0.144531