0 0.740967 0.426270 0.009277 0.040039
0 0.876221 0.382812 0.009277 0.017578
0 0.888672 0.384766 0.007812 0.017578
0 0.447021 0.442871 0.017090 0.083008
0 0.466064 0.442871 0.017090 0.081055
0 0.427246 0.450195 0.020508 0.105469
0 0.408936 0.446777 0.020020 0.112305
0 0.394531 0.448730 0.020508 0.114258
1 0.648438 0.430664 0.007812 0.013672
1 0.657471 0.427246 0.011230 0.018555
1 0.600098 0.431641 0.019531 0.019531
1 0.584473 0.438965 0.017578 0.026367
1 0.558350 0.439941 0.019043 0.028320
1 0.629883 0.427734 0.019531 0.019531
1 0.635254 0.437012 0.024414 0.026367
1 0.662842 0.433594 0.011230 0.025391
1 0.666748 0.437012 0.006348 0.026367
1 0.673584 0.433105 0.008301 0.038086
1 0.695068 0.434570 0.047363 0.082031
1 0.614502 0.434570 0.014160 0.023438
1 0.827148 0.410156 0.079102 0.152344
1 0.860596 0.448242 0.056152 0.115234
1 0.879395 0.451172 0.038086 0.119141
1 0.934814 0.450684 0.114746 0.145508
2 0.230225 0.500488 0.044434 0.151367
2 0.542236 0.459473 0.016113 0.041992