0 0.271973 0.380371 0.012695 0.034180
0 0.501709 0.392090 0.012207 0.045898
0 0.481934 0.385742 0.020508 0.056641
0 0.494141 0.442871 0.015625 0.104492
0 0.329834 0.431641 0.019043 0.109375
0 0.600098 0.396484 0.020508 0.050781
0 0.572266 0.436523 0.008789 0.128906
0 0.576416 0.434082 0.028809 0.133789
0 0.515869 0.433594 0.018066 0.117188
0 0.532715 0.429199 0.014648 0.133789
0 0.544434 0.439453 0.019531 0.115234
0 0.206055 0.422363 0.017578 0.104492
0 0.182373 0.424316 0.014160 0.108398
0 0.168457 0.411133 0.015625 0.076172
0 0.147949 0.390625 0.027344 0.054688
0 0.098633 0.394043 0.016602 0.055664
0 0.458496 0.408691 0.023438 0.129883
0 0.423096 0.377930 0.013184 0.048828
0 0.434082 0.462891 0.041016 0.244141
0 0.391846 0.347168 0.014160 0.038086
0 0.377686 0.324707 0.008301 0.010742
0 0.352783 0.446777 0.025879 0.245117
0 0.389404 0.448730 0.006348 0.168945
0 0.408936 0.466309 0.039551 0.252930
0 0.377197 0.448730 0.047363 0.249023
0 0.301025 0.431152 0.039551 0.291992
1 0.124023 0.401855 0.030273 0.040039
1 0.747803 0.454102 0.055176 0.083984
1 0.697266 0.455078 0.057617 0.140625
1 0.644043 0.493652 0.135742 0.217773
1 0.896973 0.531738 0.200195 0.432617
2 0.257568 0.491699 0.106934 0.147461
2 0.466064 0.520996 0.041504 0.096680