0 0.447754 0.403320 0.004883 0.019531
0 0.438721 0.404785 0.005371 0.016602
0 0.386719 0.393555 0.004883 0.017578
0 0.374512 0.399414 0.006836 0.019531
0 0.337646 0.409180 0.005371 0.025391
0 0.298584 0.393555 0.011230 0.015625
0 0.285400 0.393066 0.007324 0.016602
0 0.738770 0.439453 0.039062 0.181641
0 0.582520 0.395020 0.008789 0.014648
0 0.595703 0.407227 0.010742 0.050781
0 0.610107 0.419922 0.020996 0.082031
0 0.625977 0.416016 0.017578 0.080078
1 0.456543 0.424805 0.032227 0.058594
1 0.399414 0.433594 0.041016 0.064453
1 0.360352 0.443359 0.053711 0.078125
1 0.464111 0.415527 0.024902 0.043945
1 0.594971 0.417480 0.015137 0.020508
1 0.519775 0.498047 0.146973 0.230469
1 0.164307 0.394043 0.039551 0.020508
1 0.169678 0.410645 0.018066 0.018555
1 0.112793 0.468750 0.108398 0.128906
1 0.303223 0.451172 0.070312 0.101562
1 0.005615 0.500488 0.005371 0.104492
1 0.207031 0.474609 0.137695 0.167969