0 0.423096 0.404297 0.014160 0.113281
0 0.991211 0.415527 0.011719 0.086914
0 0.968506 0.409668 0.016113 0.100586
0 0.945068 0.408203 0.016113 0.103516
0 0.830811 0.419922 0.005371 0.031250
0 0.570068 0.456055 0.089355 0.322266
0 0.446777 0.479492 0.109375 0.337891
1 0.057617 0.428711 0.109375 0.144531
1 0.959717 0.765137 0.074707 0.411133
1 0.923828 0.429688 0.009766 0.019531
1 0.911865 0.428223 0.011230 0.022461
1 0.897217 0.426270 0.020020 0.028320
1 0.855469 0.424805 0.031250 0.033203
1 0.805176 0.421387 0.036133 0.038086
1 0.695068 0.411133 0.062012 0.076172
1 0.625000 0.408691 0.042969 0.079102
1 0.526123 0.416016 0.080566 0.089844
2 0.470947 0.407715 0.019043 0.047852