0 0.157227 0.436523 0.006836 0.021484
1 0.279297 0.432129 0.035156 0.065430
1 0.262695 0.448242 0.029297 0.054688
1 0.188477 0.443359 0.022461 0.042969
1 0.224854 0.436035 0.055176 0.094727
1 0.175293 0.455078 0.044922 0.058594
1 0.087158 0.458008 0.045410 0.062500
1 0.122314 0.459961 0.058105 0.064453
1 0.019531 0.435547 0.033203 0.125000
1 0.013672 0.467773 0.021484 0.089844
1 0.666504 0.432129 0.027344 0.036133
1 0.680420 0.434570 0.049316 0.035156
1 0.685791 0.435547 0.035645 0.033203
1 0.695068 0.435059 0.020020 0.034180
1 0.696533 0.447266 0.014160 0.019531
1 0.844482 0.480469 0.305176 0.951172