0 0.380859 0.432129 0.009766 0.036133
0 0.883301 0.424316 0.005859 0.049805
1 0.754395 0.414062 0.007812 0.019531
1 0.829834 0.429688 0.025879 0.035156
1 0.376221 0.427734 0.022949 0.042969
1 0.338135 0.437988 0.011230 0.026367
1 0.321045 0.429688 0.021973 0.041016
1 0.314453 0.438965 0.012695 0.034180
1 0.177490 0.445801 0.021973 0.036133
1 0.568848 0.413574 0.049805 0.125977
1 0.578613 0.445801 0.053711 0.083008
1 0.642090 0.440430 0.048828 0.076172
1 0.783447 0.424805 0.055176 0.052734
1 0.744141 0.436035 0.047852 0.028320
1 0.962891 0.508301 0.068359 0.237305
1 0.932861 0.416992 0.024902 0.023438