0 0.438232 0.432617 0.011230 0.044922
0 0.666992 0.433594 0.008789 0.066406
0 0.679199 0.437012 0.011719 0.059570
0 0.760010 0.444824 0.023926 0.124023
0 0.098633 0.448730 0.013672 0.053711
1 0.270752 0.428223 0.025879 0.024414
1 0.323242 0.434082 0.011719 0.032227
1 0.305420 0.439453 0.031738 0.041016
1 0.552734 0.437012 0.080078 0.053711
1 0.500000 0.429199 0.006836 0.024414
1 0.465332 0.417480 0.018555 0.045898
1 0.483398 0.435059 0.034180 0.045898
1 0.358643 0.434082 0.062012 0.061523
1 0.411621 0.448730 0.052734 0.086914
1 0.252930 0.444336 0.065430 0.054688
2 0.132324 0.465332 0.016602 0.024414