0 0.368164 0.389648 0.009766 0.041016
0 0.357422 0.387207 0.009766 0.053711
0 0.559082 0.401367 0.015625 0.064453
0 0.377197 0.403320 0.013184 0.058594
0 0.511963 0.402344 0.013184 0.060547
0 0.582031 0.428223 0.037109 0.061523
0 0.442139 0.399414 0.012207 0.066406
0 0.397949 0.427246 0.037109 0.250977
0 0.335938 0.437012 0.041016 0.229492
0 0.208252 0.407227 0.026855 0.076172
0 0.270020 0.467285 0.098633 0.465820
1 0.423096 0.381348 0.014160 0.022461
1 0.422852 0.394043 0.013672 0.024414
2 0.551270 0.435059 0.032227 0.047852
2 0.496094 0.442383 0.045898 0.048828
2 0.522949 0.431152 0.035156 0.053711
2 0.581787 0.427734 0.033691 0.037109
2 0.596436 0.481445 0.109863 0.134766
2 0.492432 0.450684 0.026855 0.090820
2 0.296631 0.535156 0.013184 0.107422