0 0.178955 0.452148 0.008301 0.009766
0 0.552002 0.447754 0.007324 0.034180
1 0.510254 0.451660 0.008789 0.016602
1 0.517090 0.452148 0.010742 0.017578
1 0.496826 0.454590 0.018066 0.041992
1 0.443115 0.452637 0.014160 0.030273
1 0.441406 0.462402 0.008789 0.028320
1 0.432617 0.459473 0.013672 0.034180
1 0.426025 0.463867 0.005371 0.037109
1 0.414551 0.460938 0.024414 0.046875
1 0.409180 0.466309 0.014648 0.038086
1 0.402344 0.468262 0.015625 0.040039
1 0.201172 0.456543 0.060547 0.030273
1 0.321777 0.455078 0.066406 0.125000
1 0.382324 0.472656 0.038086 0.050781
1 0.282471 0.474609 0.069824 0.111328
1 0.250977 0.498535 0.065430 0.090820
1 0.199707 0.509766 0.054688 0.113281
1 0.105713 0.504883 0.145996 0.199219
1 0.039795 0.522461 0.073730 0.208984
1 0.470703 0.458496 0.047852 0.079102
1 0.530029 0.452148 0.016113 0.029297