0 0.990479 0.372559 0.013184 0.043945
0 0.939453 0.451660 0.042969 0.299805
0 0.812988 0.498535 0.076172 0.372070
0 0.885986 0.518066 0.104004 0.549805
0 0.815430 0.488281 0.070312 0.425781
0 0.858643 0.537109 0.143066 0.570312
0 0.618164 0.457031 0.046875 0.281250
0 0.682861 0.488770 0.088379 0.305664
0 0.629395 0.489258 0.081055 0.361328
0 0.565918 0.466309 0.057617 0.303711
0 0.600830 0.495605 0.069824 0.426758
0 0.665283 0.550781 0.118652 0.554688
0 0.734619 0.569336 0.099121 0.607422
0 0.487549 0.477051 0.020020 0.282227
0 0.522461 0.469238 0.077148 0.342773
0 0.469971 0.484375 0.059082 0.437500
0 0.441895 0.500488 0.015625 0.084961
0 0.153809 0.471191 0.066406 0.284180
0 0.364990 0.460938 0.070801 0.343750
0 0.431396 0.507812 0.133301 0.582031
0 0.218018 0.492676 0.069824 0.290039
0 0.144531 0.451172 0.039062 0.298828
0 0.112305 0.474609 0.068359 0.384766
0 0.040039 0.481934 0.074219 0.430664
0 0.177734 0.508789 0.094727 0.343750
0 0.249268 0.473145 0.106934 0.438477
1 0.767090 0.384766 0.014648 0.031250
1 0.708252 0.376465 0.005371 0.012695
1 0.704346 0.387207 0.011230 0.034180
1 0.072510 0.452148 0.030762 0.130859
1 0.018066 0.494141 0.030273 0.138672