1 0.581543 0.435547 0.017578 0.013672
1 0.229980 0.474121 0.102539 0.049805
1 0.317871 0.480957 0.018555 0.055664
1 0.292969 0.479980 0.049805 0.063477
1 0.282715 0.483398 0.032227 0.060547
1 0.555664 0.463379 0.010742 0.024414
1 0.544678 0.463867 0.011230 0.025391
1 0.531494 0.464355 0.020020 0.026367
1 0.507080 0.466797 0.013184 0.033203
1 0.491455 0.465820 0.023926 0.041016
1 0.447266 0.468262 0.019531 0.040039
1 0.465332 0.471680 0.038086 0.048828
1 0.434814 0.473633 0.018066 0.037109
1 0.409912 0.467285 0.036621 0.061523
1 0.395020 0.475586 0.041992 0.052734
1 0.570068 0.469727 0.025879 0.066406
1 0.572266 0.476074 0.020508 0.067383
1 0.579102 0.477539 0.016602 0.080078
1 0.692627 0.498535 0.090332 0.159180
1 0.757080 0.514648 0.108887 0.212891
1 0.877686 0.538574 0.238770 0.352539
1 0.606201 0.476074 0.056152 0.096680
1 0.071533 0.552246 0.137207 0.241211