0 0.575195 0.443359 0.004883 0.037109
1 0.544922 0.450195 0.006836 0.015625
1 0.551514 0.449219 0.005371 0.013672
1 0.539795 0.451172 0.008301 0.013672
1 0.501465 0.449219 0.008789 0.019531
1 0.492188 0.450195 0.012695 0.021484
1 0.468262 0.451660 0.006836 0.020508
1 0.478027 0.450195 0.015625 0.027344
1 0.432617 0.454102 0.006836 0.029297
1 0.406006 0.452637 0.018066 0.041992
1 0.398438 0.455078 0.015625 0.037109
1 0.324707 0.467285 0.057617 0.071289
1 0.447754 0.452148 0.016602 0.025391
1 0.608398 0.438477 0.038086 0.029297
2 0.416992 0.458496 0.033203 0.049805
3 0.382080 0.458008 0.011230 0.033203