0 0.576660 0.389160 0.005859 0.051758
0 0.396973 0.386719 0.018555 0.042969
0 0.501221 0.382812 0.008301 0.052734
0 0.506836 0.383789 0.006836 0.048828
0 0.541992 0.385742 0.008789 0.048828
0 0.521484 0.390137 0.011719 0.059570
0 0.602295 0.374023 0.012207 0.019531
0 0.629395 0.375977 0.007812 0.015625
0 0.477295 0.408691 0.013184 0.090820
0 0.663330 0.396973 0.012207 0.040039
1 0.491211 0.380859 0.017578 0.039062
1 0.620117 0.416016 0.077148 0.062500
1 0.618652 0.468750 0.077148 0.125000
1 0.654053 0.477539 0.089355 0.175781
1 0.787354 0.508301 0.226074 0.336914
1 0.890137 0.653320 0.213867 0.527344