0 0.877441 0.415039 0.004883 0.011719
0 0.006592 0.406738 0.007324 0.071289
0 0.563477 0.422363 0.005859 0.024414
0 0.653809 0.429688 0.018555 0.183594
0 0.676270 0.425781 0.039062 0.222656
0 0.727539 0.426270 0.029297 0.178711
0 0.899170 0.424805 0.007324 0.037109
1 0.682373 0.434570 0.008301 0.015625
1 0.699219 0.440918 0.028320 0.028320
1 0.149170 0.413574 0.073730 0.073242
1 0.497803 0.447754 0.145996 0.270508
1 0.988770 0.430664 0.016602 0.023438
2 0.602539 0.444336 0.010742 0.042969
2 0.920166 0.441406 0.005371 0.025391