0 0.713135 0.321289 0.049316 0.191406
1 0.728516 0.300293 0.008789 0.083008
1 0.696045 0.320801 0.018066 0.108398
1 0.662598 0.328613 0.060547 0.133789
1 0.580078 0.321777 0.040039 0.069336
1 0.546631 0.331543 0.032715 0.075195
1 0.510498 0.330078 0.061035 0.093750
1 0.460938 0.339355 0.053711 0.106445
1 0.397705 0.322754 0.090332 0.163086
1 0.312988 0.338379 0.147461 0.170898
1 0.675049 0.346191 0.022949 0.108398
1 0.629150 0.350586 0.101074 0.136719
2 0.223633 0.350586 0.036133 0.101562
3 0.892334 0.515625 0.209473 0.367188