0 0.724365 0.412598 0.020996 0.086914
0 0.741211 0.410645 0.014648 0.098633
0 0.499023 0.379883 0.005859 0.019531
0 0.471191 0.395508 0.009766 0.046875
0 0.359619 0.410645 0.008301 0.084961
0 0.021240 0.409668 0.014160 0.075195
0 0.229492 0.405273 0.018555 0.097656
0 0.152344 0.411133 0.019531 0.089844
0 0.049805 0.366699 0.006836 0.168945
0 0.246094 0.403809 0.010742 0.088867
0 0.247559 0.412598 0.007812 0.079102
0 0.282715 0.399902 0.006836 0.094727
0 0.278076 0.406250 0.016113 0.097656
0 0.271484 0.407227 0.016602 0.097656
0 0.288818 0.405273 0.015137 0.085938
0 0.287842 0.405762 0.012207 0.100586
0 0.300049 0.405273 0.015137 0.097656
0 0.315186 0.405762 0.015137 0.094727
0 0.315430 0.408691 0.013672 0.094727
0 0.366211 0.410645 0.007812 0.090820
0 0.372559 0.407715 0.011719 0.096680
1 0.649414 0.389160 0.009766 0.030273
1 0.502441 0.384766 0.026367 0.046875
1 0.489990 0.404297 0.034668 0.050781
1 0.631592 0.391113 0.015137 0.028320
1 0.622314 0.396973 0.024902 0.036133
1 0.533447 0.406250 0.043457 0.060547
1 0.603516 0.396973 0.024414 0.041992
1 0.581299 0.396973 0.032715 0.047852
1 0.548096 0.441895 0.067871 0.100586
1 0.012695 0.442871 0.019531 0.118164
2 0.948975 0.426758 0.016113 0.041016
2 0.929688 0.426270 0.020508 0.041992
2 0.914551 0.425781 0.019531 0.042969
2 0.898682 0.417969 0.014160 0.058594
2 0.882324 0.429688 0.023438 0.074219
2 0.873291 0.438477 0.026855 0.062500