0 0.075439 0.444336 0.014160 0.087891
0 0.087891 0.442871 0.019531 0.086914
0 0.059814 0.455078 0.024902 0.107422
0 0.034424 0.452637 0.027832 0.106445
0 0.368164 0.455566 0.026367 0.155273
0 0.384521 0.450684 0.026855 0.184570
0 0.417480 0.428223 0.014648 0.127930
0 0.426025 0.421875 0.018066 0.146484
0 0.433594 0.427246 0.023438 0.139648
0 0.452881 0.423340 0.038574 0.149414
0 0.579590 0.410645 0.063477 0.219727
0 0.614990 0.455566 0.027832 0.286133
0 0.581543 0.521973 0.063477 0.360352
0 0.634521 0.518555 0.064941 0.404297
1 0.174805 0.435547 0.024414 0.050781
1 0.153076 0.438477 0.036621 0.068359
1 0.123047 0.449219 0.063477 0.085938
1 0.211426 0.421387 0.029297 0.049805