0 0.619873 0.415527 0.009277 0.014648
0 0.441406 0.415527 0.008789 0.020508
0 0.144531 0.383789 0.020508 0.066406
1 0.498535 0.423828 0.012695 0.029297
1 0.498779 0.435059 0.011230 0.036133
1 0.482666 0.435059 0.036621 0.059570
1 0.588867 0.445312 0.011719 0.044922
1 0.602783 0.443359 0.023926 0.048828
1 0.600098 0.450195 0.014648 0.050781
1 0.618652 0.451172 0.038086 0.058594
1 0.644531 0.458984 0.020508 0.068359
1 0.651611 0.466309 0.018066 0.075195
1 0.699707 0.451660 0.088867 0.137695
1 0.729736 0.482422 0.075684 0.115234
1 0.774902 0.496094 0.069336 0.144531
1 0.862549 0.498535 0.167480 0.221680
1 0.370605 0.365723 0.075195 0.262695
2 0.957275 0.506348 0.037598 0.100586
3 0.092041 0.392578 0.032715 0.048828
3 0.238525 0.421387 0.035645 0.112305
3 0.194336 0.456543 0.083008 0.155273
3 0.196777 0.489746 0.054688 0.106445
3 0.163818 0.475586 0.069824 0.146484
3 0.111084 0.478516 0.115723 0.169922
3 0.064697 0.477051 0.123535 0.229492