0 0.437500 0.370117 0.006836 0.011719
0 0.449463 0.387695 0.007324 0.009766
0 0.442627 0.387695 0.005371 0.009766
0 0.436035 0.420410 0.018555 0.075195
0 0.419189 0.425293 0.014160 0.069336
0 0.401367 0.423828 0.019531 0.072266
0 0.413574 0.424316 0.021484 0.073242
1 0.510254 0.324219 0.004883 0.021484
1 0.525391 0.306641 0.005859 0.009766
1 0.535400 0.338867 0.008301 0.015625
1 0.692627 0.423340 0.061035 0.079102
1 0.541260 0.369629 0.013184 0.020508
1 0.490723 0.359375 0.017578 0.013672
1 0.477295 0.367676 0.011230 0.024414
1 0.474365 0.370117 0.010254 0.023438
1 0.471924 0.372070 0.012207 0.021484
1 0.469971 0.375488 0.010254 0.020508
1 0.463623 0.379395 0.014160 0.026367
1 0.458740 0.381836 0.013184 0.023438
1 0.457764 0.385742 0.012207 0.027344
1 0.549072 0.339844 0.008301 0.015625
1 0.576660 0.367676 0.014648 0.022461
1 0.910400 0.471680 0.139160 0.156250
1 0.455322 0.385254 0.005371 0.022461
1 0.405273 0.406738 0.029297 0.051758
1 0.451172 0.422363 0.064453 0.059570
1 0.059082 0.485352 0.112305 0.177734
1 0.308594 0.438965 0.048828 0.079102
1 0.241455 0.437500 0.090332 0.121094
1 0.567139 0.440918 0.065918 0.098633