0 0.653076 0.437012 0.011230 0.067383
1 0.601807 0.437012 0.019043 0.032227
1 0.190674 0.448242 0.025879 0.052734
1 0.226562 0.432129 0.051758 0.096680
1 0.363037 0.479492 0.289551 0.177734
1 0.140869 0.431641 0.059082 0.080078
1 0.884766 0.446289 0.022461 0.042969
1 0.157471 0.452637 0.051270 0.061523
1 0.849609 0.444336 0.051758 0.052734
1 0.093262 0.453613 0.052734 0.059570
1 0.042480 0.465820 0.079102 0.093750
1 0.932129 0.432617 0.060547 0.083984
1 0.623535 0.433105 0.034180 0.026367
1 0.635010 0.434570 0.020996 0.025391
1 0.664062 0.430176 0.041992 0.036133
1 0.676025 0.433105 0.041504 0.032227
1 0.686279 0.433594 0.032715 0.033203
1 0.710693 0.425781 0.051270 0.041016
1 0.707031 0.439941 0.036133 0.041992
1 0.720703 0.431641 0.029297 0.042969
1 0.725830 0.448242 0.021973 0.023438
1 0.769287 0.434082 0.082520 0.075195
2 0.619385 0.448242 0.010254 0.025391