1 0.548340 0.417969 0.017578 0.011719
1 0.528320 0.435059 0.019531 0.034180
1 0.528809 0.438477 0.011719 0.033203
1 0.538086 0.443359 0.021484 0.042969
1 0.538818 0.451172 0.014160 0.046875
1 0.557373 0.458984 0.036621 0.070312
1 0.468750 0.446289 0.007812 0.041016
1 0.457520 0.447754 0.025391 0.051758
1 0.433594 0.455566 0.034180 0.069336
1 0.429443 0.462402 0.029785 0.071289
1 0.407959 0.475098 0.057129 0.086914
1 0.349854 0.502441 0.074707 0.131836
1 0.268066 0.535645 0.120117 0.215820
1 0.143066 0.577637 0.197266 0.293945
1 0.035156 0.628906 0.064453 0.419922
1 0.595703 0.472168 0.061523 0.116211
1 0.608398 0.485352 0.059570 0.126953
1 0.618896 0.493164 0.037598 0.134766
1 0.662842 0.510254 0.097168 0.202148
1 0.781982 0.561035 0.245605 0.329102