0 0.486816 0.431152 0.007812 0.041992
0 0.501221 0.428711 0.005371 0.042969
0 0.496826 0.434082 0.008301 0.051758
0 0.473389 0.433594 0.010254 0.060547
0 0.389160 0.416504 0.005859 0.014648
0 0.370605 0.420898 0.006836 0.029297
0 0.570312 0.432129 0.009766 0.036133
0 0.662842 0.414551 0.009277 0.028320
0 0.722412 0.404297 0.014160 0.029297
0 0.308594 0.424805 0.016602 0.039062
1 0.583252 0.435547 0.020020 0.031250
2 0.332520 0.456543 0.016602 0.057617
2 0.393311 0.468262 0.011230 0.065430
2 0.428467 0.468750 0.011230 0.058594