0 0.453369 0.423828 0.016113 0.076172
0 0.517822 0.456055 0.046387 0.158203
1 0.466553 0.422852 0.009277 0.031250
1 0.466309 0.429199 0.006836 0.032227
1 0.462891 0.426758 0.008789 0.039062
1 0.433350 0.424805 0.034668 0.068359
1 0.439697 0.435547 0.014160 0.050781
1 0.404297 0.410645 0.016602 0.018555
1 0.418213 0.436523 0.048340 0.058594
1 0.381348 0.425293 0.025391 0.047852
1 0.363281 0.432617 0.016602 0.044922
1 0.344727 0.433105 0.031250 0.055664
1 0.326904 0.438477 0.019043 0.054688
1 0.301270 0.431641 0.038086 0.076172
1 0.286377 0.438965 0.040527 0.069336
1 0.197510 0.463867 0.187988 0.179688
1 0.035400 0.440430 0.021973 0.013672
1 0.150635 0.524902 0.234863 0.227539
1 0.092773 0.562012 0.179688 0.282227
1 0.906494 0.477051 0.181152 0.241211
1 0.924561 0.466309 0.082520 0.229492
1 0.946045 0.525391 0.102051 0.482422
3 0.495117 0.486816 0.023438 0.073242