0 0.092285 0.385742 0.014648 0.046875
1 0.588135 0.401855 0.005371 0.026367
1 0.044922 0.384766 0.042969 0.037109
1 0.295654 0.402832 0.013184 0.057617
1 0.316650 0.403320 0.047363 0.074219
1 0.335938 0.414062 0.047852 0.070312
1 0.239746 0.390137 0.049805 0.090820
1 0.242188 0.412109 0.020508 0.062500
1 0.267578 0.414062 0.051758 0.076172
1 0.445801 0.398438 0.022461 0.031250
1 0.476318 0.396484 0.013184 0.025391
1 0.547119 0.386230 0.009277 0.010742
1 0.572754 0.395508 0.028320 0.025391
1 0.832520 0.566895 0.329102 0.446289
1 0.515625 0.398926 0.021484 0.030273
2 0.358887 0.403320 0.005859 0.019531
2 0.566162 0.419922 0.039551 0.064453