1 0.439941 0.465332 0.027344 0.059570
1 0.420166 0.470215 0.039551 0.067383
1 0.377197 0.495117 0.062988 0.132812
1 0.326172 0.512207 0.082031 0.163086
1 0.229736 0.529297 0.162598 0.216797
1 0.534668 0.463379 0.010742 0.049805
1 0.546631 0.470215 0.023926 0.065430
1 0.562256 0.468750 0.025879 0.089844
1 0.573242 0.474121 0.037109 0.106445
1 0.592285 0.488281 0.043945 0.123047
1 0.601074 0.492676 0.035156 0.131836
1 0.654785 0.505859 0.118164 0.199219
1 0.797852 0.572754 0.243164 0.333008
1 0.901367 0.664062 0.191406 0.546875
3 0.519531 0.448242 0.005859 0.009766
3 0.480957 0.450195 0.005859 0.009766
3 0.500000 0.524414 0.025391 0.082031