0 0.375977 0.399414 0.004883 0.027344
0 0.728027 0.416016 0.017578 0.089844
1 0.534424 0.392578 0.005371 0.009766
1 0.550537 0.394043 0.005371 0.010742
1 0.542969 0.393066 0.013672 0.014648
1 0.556641 0.397949 0.008789 0.016602
1 0.567871 0.406250 0.019531 0.029297
1 0.538330 0.423828 0.037598 0.052734
1 0.513184 0.399902 0.010742 0.018555
1 0.484131 0.400391 0.015137 0.021484
1 0.500000 0.408691 0.022461 0.038086
1 0.386475 0.390625 0.032715 0.033203
1 0.296143 0.502441 0.142090 0.180664
1 0.428223 0.421875 0.036133 0.064453
1 0.662354 0.448730 0.079590 0.110352
1 0.079346 0.404785 0.032715 0.014648