1 0.560303 0.417969 0.009277 0.015625
1 0.558105 0.423828 0.006836 0.013672
1 0.555420 0.431641 0.010254 0.015625
1 0.539307 0.436035 0.015137 0.016602
1 0.462158 0.450684 0.026855 0.049805
1 0.449219 0.454102 0.031250 0.050781
1 0.422607 0.458984 0.030762 0.070312
1 0.395996 0.459961 0.041016 0.080078
1 0.377441 0.468750 0.062500 0.085938
1 0.584229 0.424805 0.009277 0.019531
1 0.319824 0.480957 0.053711 0.112305
1 0.257080 0.490723 0.106934 0.143555
1 0.588379 0.431152 0.006836 0.014648
1 0.040039 0.527344 0.074219 0.234375
1 0.611084 0.434082 0.006348 0.012695
1 0.592041 0.432617 0.007324 0.013672
1 0.597168 0.433594 0.004883 0.015625
1 0.603516 0.434570 0.011719 0.015625
1 0.622314 0.436035 0.011230 0.012695
1 0.642578 0.432129 0.022461 0.028320
1 0.673584 0.428711 0.036621 0.031250
1 0.656494 0.440430 0.023926 0.041016
1 0.719971 0.445801 0.042480 0.102539
1 0.720947 0.461914 0.039551 0.123047
1 0.761719 0.461426 0.076172 0.170898
1 0.833252 0.469727 0.131348 0.226562
1 0.898193 0.520996 0.163574 0.262695
1 0.957275 0.533203 0.079590 0.335938