1 0.477783 0.455566 0.011230 0.012695
1 0.548584 0.445312 0.024902 0.029297
1 0.559570 0.439941 0.012695 0.040039
1 0.561523 0.441406 0.007812 0.039062
1 0.571533 0.440430 0.020020 0.050781
1 0.575439 0.442871 0.013184 0.055664
1 0.587891 0.441895 0.025391 0.065430
1 0.599121 0.444824 0.030273 0.069336
1 0.428467 0.442383 0.008301 0.037109
1 0.452148 0.443848 0.043945 0.061523
1 0.414551 0.436523 0.024414 0.054688
1 0.412842 0.442383 0.016113 0.048828
1 0.398193 0.439453 0.024902 0.064453
1 0.381592 0.443359 0.024902 0.068359
1 0.364258 0.442383 0.024414 0.076172
1 0.336670 0.445312 0.050293 0.089844
1 0.315430 0.454102 0.044922 0.093750
1 0.277832 0.455078 0.050781 0.117188
1 0.214355 0.470703 0.120117 0.148438
1 0.602295 0.450684 0.025879 0.077148
1 0.631592 0.452637 0.058105 0.096680
1 0.674072 0.473145 0.060059 0.155273
1 0.734863 0.484375 0.113281 0.228516
1 0.817383 0.512207 0.132812 0.291992
1 0.896484 0.564453 0.201172 0.421875