0 0.832764 0.374512 0.018066 0.038086
0 0.884277 0.363770 0.017578 0.053711
0 0.900635 0.370117 0.029785 0.052734
0 0.984375 0.389648 0.025391 0.175781
0 0.926514 0.518066 0.092285 0.291992
0 0.541992 0.431152 0.025391 0.149414
0 0.518311 0.436523 0.028809 0.140625
0 0.467285 0.435059 0.012695 0.061523
0 0.367920 0.420410 0.018066 0.032227
0 0.310303 0.413086 0.018066 0.048828
0 0.223145 0.407227 0.020508 0.062500
0 0.248291 0.443359 0.045410 0.199219
0 0.009521 0.438965 0.013184 0.110352
1 0.587402 0.437988 0.047852 0.045898
1 0.479980 0.445801 0.037109 0.040039
1 0.429688 0.437988 0.041992 0.057617
2 0.590332 0.445801 0.021484 0.030273
2 0.649658 0.427734 0.011230 0.027344
2 0.638184 0.442383 0.019531 0.058594
2 0.667725 0.427734 0.013184 0.037109
2 0.674805 0.445801 0.025391 0.079102
2 0.691162 0.459473 0.030762 0.084961
2 0.791504 0.483398 0.046875 0.171875
2 0.826660 0.476074 0.041992 0.174805
2 0.869629 0.457031 0.042969 0.158203
2 0.979248 0.507812 0.035645 0.218750
2 0.925537 0.562988 0.076660 0.137695
2 0.198242 0.448242 0.027344 0.062500
2 0.169434 0.453613 0.034180 0.057617