0 0.632568 0.403809 0.007324 0.047852
1 0.566406 0.406250 0.010742 0.017578
1 0.622314 0.406250 0.017090 0.023438
1 0.673340 0.415527 0.032227 0.040039
1 0.727539 0.412598 0.014648 0.038086
1 0.709473 0.415039 0.033203 0.048828
1 0.551758 0.416016 0.017578 0.037109
1 0.552734 0.421875 0.013672 0.044922
1 0.541992 0.423828 0.021484 0.048828
1 0.534912 0.428711 0.022949 0.052734
1 0.517578 0.430176 0.022461 0.061523
1 0.498291 0.432617 0.027832 0.070312
1 0.433594 0.449219 0.053711 0.093750
1 0.389648 0.453613 0.067383 0.106445
1 0.328613 0.462402 0.073242 0.125977
1 0.243652 0.466309 0.122070 0.170898
1 0.110596 0.471680 0.159668 0.246094
1 0.025879 0.483398 0.045898 0.291016
1 0.791016 0.486816 0.079102 0.168945
1 0.884277 0.522949 0.196289 0.254883
1 0.977783 0.695312 0.038574 0.308594
2 0.479492 0.463379 0.008789 0.053711