0 0.049805 0.489258 0.017578 0.023438
0 0.064941 0.489258 0.004883 0.021484
0 0.666992 0.473633 0.060547 0.312500
0 0.717773 0.510742 0.073242 0.423828
0 0.358887 0.613770 0.025391 0.022461
0 0.581543 0.467285 0.078125 0.307617
0 0.424316 0.336426 0.027344 0.069336
0 0.421143 0.456055 0.038574 0.273438
0 0.409180 0.479980 0.043945 0.258789
0 0.417236 0.562012 0.057129 0.188477
0 0.384277 0.477539 0.056641 0.351562
0 0.358154 0.471191 0.073730 0.374023
0 0.356201 0.491211 0.059082 0.367188
0 0.312012 0.489258 0.050781 0.416016
0 0.132080 0.463379 0.037598 0.356445
0 0.093262 0.500000 0.096680 0.548828
0 0.022461 0.566895 0.024414 0.096680
0 0.013428 0.494141 0.020996 0.289062
0 0.211182 0.447266 0.088379 0.363281
0 0.199463 0.644043 0.049316 0.137695
0 0.202637 0.542969 0.090820 0.529297
0 0.493652 0.492676 0.074219 0.442383
0 0.284424 0.558105 0.106934 0.590820
0 0.522949 0.501953 0.103516 0.494141
0 0.455078 0.515625 0.089844 0.531250
0 0.935303 0.501465 0.123535 0.540039
0 0.834717 0.459961 0.039551 0.298828
0 0.841309 0.492676 0.083008 0.368164
1 0.696045 0.379883 0.007324 0.015625
1 0.653320 0.385742 0.020508 0.031250
1 0.630615 0.400391 0.037598 0.062500