0 0.515381 0.421875 0.009277 0.033203
0 0.628906 0.406250 0.004883 0.009766
0 0.705078 0.430176 0.015625 0.077148
1 0.468018 0.417969 0.005371 0.017578
1 0.464355 0.418945 0.008789 0.019531
1 0.456787 0.419922 0.010254 0.021484
1 0.442627 0.418457 0.018066 0.036133
1 0.441406 0.427246 0.005859 0.020508
1 0.436768 0.426758 0.005371 0.023438
1 0.433105 0.426758 0.004883 0.025391
1 0.045898 0.469238 0.085938 0.124023
1 0.567383 0.421387 0.010742 0.022461
1 0.582520 0.416016 0.020508 0.041016
1 0.598389 0.437012 0.020020 0.045898
1 0.620117 0.441406 0.040039 0.058594
1 0.666260 0.460938 0.067871 0.085938
1 0.818115 0.474609 0.199707 0.291016
1 0.543213 0.413086 0.008301 0.013672