0 0.691895 0.428711 0.006836 0.037109
0 0.945068 0.467285 0.019043 0.104492
1 0.615723 0.415527 0.005859 0.010742
1 0.624512 0.407227 0.005859 0.009766
1 0.652100 0.420410 0.019043 0.038086
1 0.625732 0.421875 0.013184 0.019531
1 0.662598 0.430176 0.007812 0.028320
1 0.677002 0.434570 0.023926 0.037109
1 0.705811 0.426758 0.023926 0.033203
1 0.717285 0.435059 0.018555 0.028320
1 0.730957 0.435547 0.014648 0.033203
1 0.736328 0.441895 0.007812 0.026367
1 0.750000 0.436035 0.023438 0.040039
1 0.747559 0.442383 0.013672 0.033203
1 0.774414 0.440430 0.049805 0.044922
1 0.475342 0.443359 0.090332 0.117188
1 0.454834 0.448242 0.065918 0.111328
1 0.375244 0.450195 0.119629 0.167969
1 0.343506 0.466309 0.114746 0.184570
1 0.248291 0.475098 0.145996 0.235352
1 0.107666 0.499023 0.209473 0.324219
2 0.963623 0.460938 0.028809 0.039062
2 0.564453 0.533691 0.030273 0.186523
2 0.934326 0.461426 0.014160 0.024414