0 0.631836 0.393555 0.004883 0.011719
0 0.662109 0.398926 0.012695 0.040039
0 0.028809 0.418457 0.036133 0.196289
0 0.347656 0.447754 0.016602 0.096680
1 0.477051 0.434082 0.010742 0.016602
1 0.433105 0.432129 0.013672 0.022461
1 0.451416 0.424316 0.014160 0.010742
1 0.452881 0.437012 0.015137 0.022461
1 0.512207 0.436035 0.017578 0.041992
1 0.544434 0.421387 0.075195 0.073242
1 0.549072 0.433594 0.064941 0.064453
1 0.542725 0.440430 0.037598 0.060547
1 0.548584 0.441406 0.021973 0.058594
1 0.555176 0.439941 0.021484 0.061523
1 0.566895 0.446777 0.037109 0.081055
1 0.606201 0.421875 0.062012 0.044922
1 0.604248 0.451172 0.075684 0.099609
1 0.674561 0.447266 0.049316 0.087891
1 0.373047 0.433594 0.021484 0.027344
1 0.362305 0.435547 0.009766 0.035156
1 0.357422 0.433594 0.010742 0.035156
1 0.400146 0.438965 0.036621 0.055664
1 0.286865 0.420898 0.024902 0.021484
1 0.269287 0.449219 0.040527 0.078125
1 0.196045 0.446777 0.123535 0.116211
1 0.313477 0.454590 0.063477 0.094727
2 0.626709 0.460938 0.032715 0.058594
2 0.653809 0.441895 0.004883 0.049805
2 0.688477 0.467773 0.073242 0.111328
2 0.358154 0.448730 0.006348 0.020508
2 0.144043 0.463867 0.032227 0.076172
2 0.104736 0.467773 0.018066 0.070312