0 0.240479 0.395508 0.012207 0.017578
1 0.552002 0.433105 0.039551 0.038086
1 0.604980 0.432129 0.024414 0.040039
1 0.625732 0.439453 0.005371 0.023438
1 0.434570 0.437012 0.031250 0.038086
1 0.389404 0.464844 0.061035 0.136719
1 0.313965 0.504883 0.143555 0.234375
1 0.213623 0.560059 0.192871 0.323242
1 0.111084 0.651855 0.216309 0.606445
1 0.561035 0.445312 0.019531 0.048828
1 0.582520 0.449707 0.043945 0.057617
1 0.686768 0.433594 0.028809 0.070312
1 0.706299 0.502930 0.077637 0.226562
1 0.805908 0.524902 0.202637 0.297852
2 0.384277 0.490234 0.029297 0.107422
2 0.479980 0.463379 0.038086 0.071289
2 0.672119 0.490234 0.006348 0.042969