0 0.286133 0.394531 0.011719 0.019531
0 0.087891 0.404785 0.035156 0.122070
0 0.122314 0.408203 0.022949 0.078125
1 0.411621 0.405273 0.052734 0.015625
1 0.407227 0.440918 0.041992 0.083008
1 0.404053 0.455566 0.040527 0.104492
1 0.340088 0.451660 0.119629 0.133789
1 0.500488 0.407227 0.007812 0.009766
1 0.522705 0.396484 0.013184 0.013672
1 0.514404 0.406738 0.008301 0.012695
1 0.541260 0.423828 0.007324 0.017578
1 0.693604 0.393066 0.205566 0.172852
2 0.241211 0.486328 0.027344 0.101562
2 0.304443 0.478516 0.032715 0.121094
2 0.316406 0.477051 0.046875 0.127930
2 0.770752 0.435547 0.023926 0.080078
2 0.851318 0.471191 0.095215 0.131836
3 0.090332 0.495605 0.173828 0.225586