0 0.081055 0.452148 0.006836 0.019531
0 0.824463 0.437012 0.010254 0.165039
0 0.799316 0.373535 0.018555 0.059570
1 0.523682 0.447266 0.013184 0.021484
1 0.422852 0.457031 0.013672 0.027344
1 0.417236 0.460449 0.008301 0.026367
1 0.492432 0.453125 0.010254 0.025391
1 0.479248 0.458496 0.024902 0.036133
1 0.397949 0.463867 0.011719 0.027344
1 0.384033 0.464844 0.021973 0.029297
1 0.511475 0.466797 0.036621 0.052734
1 0.214111 0.458984 0.015137 0.015625
1 0.047852 0.521484 0.089844 0.123047
1 0.259033 0.492676 0.093262 0.129883
1 0.145020 0.529297 0.156250 0.201172
1 0.553955 0.462891 0.011230 0.062500
1 0.565674 0.463867 0.026855 0.080078
1 0.570312 0.468262 0.017578 0.084961
1 0.572754 0.473145 0.010742 0.081055
1 0.599609 0.461914 0.061523 0.130859
1 0.608643 0.478027 0.052246 0.127930
1 0.641357 0.486328 0.090332 0.146484