0 0.749756 0.404297 0.008301 0.011719
0 0.774658 0.400391 0.014160 0.056641
0 0.592285 0.429688 0.005859 0.031250
1 0.049561 0.511719 0.093262 0.179688
1 0.352295 0.457031 0.017090 0.058594
1 0.332031 0.457520 0.036133 0.065430
1 0.316650 0.462891 0.031738 0.066406
1 0.288574 0.467285 0.049805 0.079102
1 0.249023 0.472168 0.056641 0.092773
1 0.187988 0.479492 0.092773 0.107422
1 0.481445 0.429688 0.005859 0.011719
1 0.469238 0.442383 0.023438 0.035156
1 0.410645 0.453613 0.033203 0.049805
1 0.442627 0.452637 0.028809 0.059570
1 0.529297 0.451660 0.015625 0.061523
1 0.503418 0.459961 0.058594 0.085938
1 0.605713 0.449219 0.021973 0.058594
1 0.626709 0.450195 0.036621 0.070312
1 0.639160 0.453613 0.041992 0.075195
1 0.663330 0.462891 0.039551 0.091797
1 0.701904 0.465820 0.062988 0.113281
1 0.743408 0.473633 0.089355 0.125000
1 0.549316 0.445312 0.026367 0.046875