0 0.460693 0.441406 0.016113 0.058594
1 0.402588 0.444336 0.040527 0.064453
1 0.312012 0.456055 0.084961 0.123047
1 0.259033 0.483398 0.093262 0.126953
1 0.087158 0.497559 0.168457 0.272461
1 0.515625 0.449707 0.055664 0.083008
1 0.570557 0.427246 0.040527 0.081055
1 0.570801 0.440430 0.024414 0.064453
1 0.595215 0.442383 0.049805 0.087891
1 0.608643 0.447754 0.052246 0.092773
1 0.703857 0.459473 0.160645 0.280273
2 0.200439 0.492188 0.030762 0.083984
2 0.823975 0.554199 0.099121 0.157227
3 0.913330 0.551270 0.167480 0.317383