1 0.425293 0.394531 0.030273 0.033203
1 0.462891 0.391602 0.024414 0.015625
1 0.317383 0.421387 0.060547 0.043945
1 0.443359 0.415527 0.024414 0.055664
1 0.498535 0.407715 0.023438 0.034180
1 0.476562 0.444824 0.062500 0.088867
1 0.566650 0.397949 0.025879 0.020508
1 0.547852 0.461914 0.091797 0.136719
1 0.728271 0.405273 0.017090 0.021484
1 0.688232 0.464355 0.089355 0.127930
1 0.097168 0.433594 0.038086 0.050781
1 0.031494 0.492676 0.057129 0.153320
1 0.228760 0.416016 0.049316 0.041016
1 0.184814 0.429199 0.044434 0.040039
1 0.127441 0.443848 0.074219 0.075195
2 0.163330 0.460938 0.023926 0.054688