1 0.578613 0.423340 0.026367 0.016602
1 0.556396 0.433105 0.073730 0.049805
1 0.617432 0.432617 0.051270 0.048828
1 0.647217 0.452148 0.024902 0.066406
1 0.661133 0.455078 0.030273 0.078125
1 0.679688 0.458496 0.033203 0.100586
1 0.701416 0.459473 0.046387 0.118164
1 0.709717 0.474609 0.055176 0.144531
1 0.763428 0.484375 0.109863 0.189453
1 0.851318 0.521484 0.173340 0.269531
1 0.921875 0.579590 0.150391 0.432617
1 0.512207 0.445801 0.028320 0.067383
1 0.474121 0.433594 0.060547 0.111328
1 0.477295 0.460938 0.032715 0.101562
1 0.457520 0.456543 0.027344 0.153320
1 0.383301 0.449219 0.148438 0.230469
1 0.324951 0.504395 0.110840 0.213867
1 0.210205 0.550781 0.261230 0.355469
1 0.076416 0.554199 0.146973 0.499023