1 0.616943 0.442871 0.025879 0.022461
1 0.579834 0.436523 0.013184 0.052734
1 0.576172 0.445801 0.009766 0.043945
1 0.554199 0.425781 0.037109 0.111328
1 0.527588 0.437012 0.053223 0.106445
1 0.514404 0.453613 0.043457 0.100586
1 0.501221 0.465820 0.058105 0.125000
1 0.164551 0.609375 0.323242 0.531250
1 0.638184 0.446777 0.020508 0.040039
1 0.653809 0.447754 0.019531 0.057617
1 0.671387 0.451660 0.032227 0.079102
1 0.674561 0.456055 0.016113 0.074219
1 0.682617 0.460449 0.025391 0.090820
1 0.698975 0.463379 0.037598 0.102539
1 0.696289 0.466797 0.018555 0.091797
1 0.705322 0.467773 0.030762 0.101562
1 0.729980 0.486816 0.069336 0.194336
1 0.838623 0.518066 0.224121 0.323242
1 0.955322 0.620605 0.083496 0.356445