0 0.616455 0.436035 0.010254 0.030273
0 0.520508 0.455078 0.035156 0.107422
0 0.556396 0.454590 0.024902 0.135742
0 0.692139 0.446289 0.008301 0.068359
0 0.681152 0.458984 0.038086 0.119141
0 0.773193 0.452637 0.020996 0.120117
0 0.789795 0.457031 0.018066 0.109375
0 0.807861 0.456543 0.020020 0.110352
0 0.891846 0.456543 0.035645 0.147461
1 0.475342 0.430176 0.013184 0.030273
1 0.468018 0.431641 0.014160 0.035156
1 0.455078 0.433105 0.021484 0.040039
1 0.454834 0.437988 0.012207 0.040039
1 0.444580 0.436523 0.019043 0.046875
1 0.432129 0.435547 0.026367 0.050781
1 0.425293 0.446289 0.015625 0.041016
1 0.404541 0.434570 0.044434 0.064453
1 0.385254 0.414551 0.036133 0.024414
1 0.388916 0.438965 0.039551 0.067383
1 0.335205 0.440918 0.096191 0.073242
1 0.501221 0.433105 0.011230 0.020508
1 0.506104 0.438965 0.019043 0.028320
1 0.592285 0.452637 0.059570 0.043945
2 0.586426 0.461426 0.032227 0.041992