0 0.734131 0.366211 0.010254 0.017578
0 0.766113 0.375977 0.022461 0.064453
0 0.907227 0.312012 0.025391 0.045898
1 0.540283 0.438965 0.005371 0.018555
1 0.562988 0.430176 0.041016 0.049805
1 0.557861 0.432617 0.016113 0.035156
1 0.572998 0.435547 0.034668 0.050781
1 0.579590 0.436523 0.025391 0.054688
1 0.585205 0.438477 0.013184 0.052734
1 0.635498 0.424316 0.097168 0.098633
1 0.673096 0.445801 0.160645 0.141602
1 0.724365 0.427246 0.143066 0.096680
1 0.413818 0.447266 0.005371 0.019531
1 0.405029 0.445801 0.014160 0.036133
1 0.383057 0.445801 0.031738 0.040039
1 0.382080 0.449707 0.028809 0.028320
1 0.375488 0.456543 0.015625 0.034180
1 0.372559 0.458496 0.012695 0.028320
1 0.348145 0.449707 0.042969 0.047852
1 0.338135 0.453613 0.040527 0.034180
1 0.333252 0.461914 0.027832 0.044922
1 0.306152 0.460449 0.039062 0.045898
1 0.299805 0.470215 0.025391 0.055664
1 0.269043 0.465820 0.048828 0.052734
1 0.247803 0.476562 0.038574 0.064453
1 0.246094 0.488281 0.014648 0.046875
1 0.217773 0.475586 0.052734 0.072266
1 0.153564 0.486328 0.109863 0.097656
1 0.502197 0.436035 0.013184 0.020508
1 0.496094 0.436523 0.005859 0.019531
1 0.517090 0.434570 0.015625 0.027344
1 0.486572 0.434082 0.014160 0.036133
1 0.479736 0.438477 0.020020 0.035156
1 0.447021 0.448730 0.041504 0.069336
1 0.822021 0.466797 0.224121 0.279297
1 0.880371 0.483887 0.233398 0.340820
1 0.029297 0.543945 0.052734 0.099609
2 0.270264 0.473633 0.018066 0.046875
3 0.017334 0.489258 0.028809 0.046875