0 0.730957 0.408203 0.012695 0.025391
0 0.743164 0.410156 0.008789 0.029297
1 0.653076 0.452148 0.035645 0.062500
1 0.719971 0.470703 0.066895 0.099609
1 0.781494 0.487305 0.092285 0.150391
1 0.887451 0.506348 0.182129 0.227539
1 0.987793 0.607422 0.018555 0.166016
1 0.611816 0.465332 0.054688 0.079102
1 0.350098 0.435547 0.013672 0.031250
1 0.273193 0.427734 0.043457 0.015625
1 0.198975 0.412109 0.047363 0.033203
1 0.028076 0.403320 0.050293 0.072266
1 0.436279 0.449219 0.013184 0.023438
1 0.517578 0.446777 0.038086 0.026367