0 0.681885 0.411133 0.006348 0.013672
0 0.842529 0.430176 0.008301 0.063477
1 0.314209 0.437500 0.010254 0.023438
1 0.329590 0.437012 0.022461 0.026367
1 0.340820 0.440430 0.024414 0.023438
1 0.368408 0.437500 0.044434 0.037109
1 0.367676 0.439941 0.023438 0.024414
1 0.381836 0.439453 0.024414 0.027344
1 0.390625 0.443359 0.017578 0.035156
1 0.405029 0.441895 0.019043 0.036133
1 0.422852 0.437988 0.030273 0.028320
1 0.436035 0.436035 0.026367 0.022461
1 0.450195 0.435059 0.019531 0.018555
1 0.520264 0.426270 0.028809 0.010742
1 0.613281 0.446289 0.046875 0.062500
1 0.651123 0.447754 0.099121 0.079102
1 0.984863 0.444336 0.024414 0.039062
1 0.872070 0.444336 0.040039 0.048828
1 0.207520 0.422363 0.043945 0.016602