0 0.922119 0.333984 0.028809 0.044922
1 0.583252 0.444824 0.009277 0.020508
1 0.590820 0.446289 0.008789 0.031250
1 0.555664 0.447754 0.017578 0.020508
1 0.571533 0.444824 0.009277 0.016602
1 0.482422 0.448730 0.024414 0.040039
1 0.462646 0.451172 0.027832 0.044922
1 0.450928 0.450195 0.015137 0.042969
1 0.403320 0.393066 0.069336 0.061523
1 0.346436 0.467773 0.051270 0.095703
1 0.299561 0.485352 0.095215 0.123047
1 0.208008 0.503906 0.120117 0.166016
1 0.100586 0.512695 0.155273 0.226562
1 0.043945 0.536133 0.082031 0.238281
1 0.409424 0.480957 0.101074 0.141602
1 0.735596 0.507324 0.133301 0.229492
1 0.874756 0.580078 0.244629 0.451172