0 0.028809 0.455566 0.030273 0.139648
0 0.059570 0.460449 0.024414 0.129883
0 0.092529 0.431641 0.024902 0.109375
0 0.604004 0.426758 0.010742 0.042969
0 0.634766 0.416016 0.007812 0.023438
0 0.648438 0.410156 0.006836 0.013672
0 0.784180 0.382324 0.022461 0.034180
0 0.828125 0.392090 0.018555 0.022461
1 0.285645 0.430176 0.030273 0.026367
1 0.229492 0.452148 0.081055 0.121094
1 0.303467 0.467773 0.075684 0.101562
1 0.448975 0.426270 0.012207 0.016602
1 0.438477 0.428223 0.012695 0.016602
1 0.426514 0.428223 0.013184 0.018555
1 0.530029 0.425781 0.014160 0.023438
1 0.540039 0.425781 0.015625 0.013672
1 0.636719 0.455566 0.030273 0.079102
1 0.665771 0.458496 0.065918 0.102539
1 0.702881 0.467773 0.077637 0.115234
1 0.770752 0.473145 0.113770 0.159180
1 0.876953 0.495605 0.171875 0.211914
2 0.105469 0.495605 0.046875 0.090820