0 0.308838 0.425293 0.009277 0.028320
0 0.472900 0.440430 0.008301 0.048828
0 0.704346 0.416992 0.008301 0.009766
0 0.728271 0.426758 0.014160 0.046875
1 0.414307 0.427246 0.042480 0.041992
1 0.368896 0.414062 0.063965 0.033203
1 0.338379 0.462402 0.057617 0.096680
1 0.513672 0.464355 0.059570 0.106445
1 0.581055 0.440918 0.055664 0.122070
1 0.641357 0.453613 0.051270 0.092773
1 0.658936 0.466797 0.051270 0.087891
1 0.695557 0.471680 0.065918 0.097656
1 0.796143 0.486816 0.118652 0.184570
1 0.882324 0.515137 0.158203 0.217773
1 0.959229 0.503906 0.075684 0.312500
2 0.725586 0.498535 0.038086 0.096680