1 0.541992 0.425781 0.028320 0.029297
1 0.513184 0.425293 0.035156 0.030273
1 0.482422 0.424316 0.028320 0.030273
1 0.009766 0.439941 0.013672 0.125977
1 0.128906 0.401855 0.026367 0.073242
1 0.437500 0.425293 0.048828 0.057617
1 0.413818 0.409668 0.042480 0.026367
1 0.391602 0.416504 0.083984 0.067383
1 0.382568 0.428223 0.042480 0.073242
1 0.351562 0.413574 0.070312 0.057617
1 0.339844 0.446289 0.033203 0.115234
1 0.271973 0.444336 0.154297 0.130859
1 0.615234 0.420898 0.041016 0.027344
1 0.592773 0.448730 0.022461 0.034180
3 0.215088 0.468750 0.102051 0.146484