0 0.453369 0.481445 0.020020 0.083984
0 0.369385 0.447266 0.008301 0.009766
0 0.423340 0.494629 0.007812 0.043945
1 0.526611 0.467285 0.014160 0.020508
1 0.488037 0.473145 0.012207 0.028320
1 0.481445 0.472168 0.011719 0.028320
1 0.477051 0.477051 0.016602 0.041992
1 0.466064 0.476562 0.015137 0.052734
1 0.456055 0.483398 0.018555 0.046875
1 0.405762 0.475098 0.090820 0.094727
1 0.395752 0.493164 0.058105 0.085938
1 0.389160 0.502930 0.025391 0.093750
1 0.377686 0.505859 0.027832 0.107422
1 0.331055 0.500488 0.091797 0.129883
1 0.292969 0.512207 0.114258 0.141602
1 0.199707 0.528809 0.200195 0.159180
1 0.610352 0.480469 0.038086 0.089844
1 0.626709 0.485840 0.039551 0.102539
1 0.663574 0.468750 0.023438 0.072266
1 0.727783 0.490723 0.114746 0.168945
1 0.790283 0.492676 0.076660 0.202148
1 0.885498 0.512695 0.223145 0.308594
1 0.937744 0.603516 0.118652 0.474609