1 0.451904 0.439453 0.057129 0.101562
1 0.452393 0.458008 0.032715 0.083984
1 0.436768 0.463379 0.035645 0.098633
1 0.412842 0.469727 0.049316 0.117188
1 0.353271 0.480469 0.114746 0.158203
1 0.201660 0.514160 0.221680 0.227539
1 0.129395 0.564941 0.252930 0.436523
1 0.580566 0.427734 0.014648 0.044922
1 0.600586 0.428223 0.038086 0.067383
1 0.599609 0.439941 0.015625 0.061523
1 0.609375 0.440430 0.022461 0.064453
1 0.648193 0.449707 0.052246 0.098633
1 0.646484 0.459473 0.035156 0.112305
1 0.674072 0.470703 0.065918 0.134766
1 0.708496 0.488281 0.062500 0.175781
1 0.766357 0.509766 0.125488 0.240234
1 0.881592 0.567871 0.230957 0.418945
1 0.980713 0.755371 0.032715 0.368164
1 0.529541 0.419434 0.027832 0.075195
1 0.550293 0.442383 0.041992 0.074219