1 0.235596 0.462891 0.046387 0.074219
1 0.196289 0.468750 0.052734 0.085938
1 0.153076 0.475098 0.060059 0.096680
1 0.097168 0.480957 0.078125 0.112305
1 0.036865 0.491211 0.067871 0.132812
1 0.410156 0.436523 0.007812 0.025391
1 0.401123 0.436035 0.013184 0.030273
1 0.385742 0.435547 0.009766 0.025391
1 0.373047 0.440918 0.018555 0.038086
1 0.366699 0.445312 0.020508 0.039062
1 0.351074 0.446777 0.024414 0.041992
1 0.441406 0.432129 0.004883 0.018555
1 0.428955 0.435059 0.022949 0.036133
1 0.911865 0.579102 0.170410 0.529297
1 0.463135 0.430176 0.013184 0.016602
1 0.499023 0.426758 0.008789 0.013672
1 0.484131 0.428711 0.006348 0.009766
1 0.491211 0.428711 0.007812 0.011719
1 0.476074 0.428223 0.009766 0.010742
1 0.506104 0.428223 0.006348 0.012695
1 0.524170 0.424316 0.008301 0.020508
1 0.549316 0.437988 0.011719 0.036133
1 0.554932 0.441406 0.018066 0.039062
1 0.555664 0.445312 0.011719 0.039062
1 0.567627 0.446777 0.021973 0.049805
1 0.574463 0.450195 0.014160 0.056641
1 0.584229 0.456543 0.027832 0.079102
1 0.634766 0.460449 0.089844 0.155273
1 0.661133 0.474609 0.079102 0.166016
1 0.514160 0.431152 0.014648 0.022461
2 0.325439 0.446777 0.006348 0.022461
2 0.589844 0.469727 0.006836 0.060547