1 0.501465 0.410156 0.007812 0.017578
1 0.519775 0.412109 0.013184 0.021484
1 0.530273 0.411133 0.017578 0.023438
1 0.538818 0.411621 0.013184 0.024414
1 0.476562 0.415527 0.031250 0.032227
1 0.473877 0.423340 0.029785 0.041992
1 0.576172 0.367188 0.043945 0.035156
1 0.551514 0.437988 0.022949 0.104492
1 0.573486 0.443359 0.055176 0.128906
1 0.610596 0.458008 0.094238 0.160156
1 0.795410 0.498535 0.287109 0.364258
2 0.289307 0.499023 0.019043 0.107422
2 0.320312 0.499512 0.025391 0.116211
3 0.674072 0.418945 0.039551 0.093750