0 0.014160 0.451172 0.022461 0.121094
0 0.029297 0.457520 0.017578 0.112305
0 0.092773 0.453125 0.018555 0.097656
0 0.076172 0.455566 0.018555 0.112305
0 0.102783 0.458496 0.022949 0.110352
1 0.474609 0.456543 0.025391 0.038086
1 0.425049 0.449219 0.016113 0.046875
1 0.409912 0.450195 0.035645 0.048828
1 0.414551 0.452148 0.009766 0.039062
1 0.397217 0.453613 0.037598 0.049805
1 0.369629 0.457031 0.068359 0.048828
1 0.511719 0.453613 0.012695 0.040039
1 0.522217 0.452148 0.022949 0.042969
1 0.545166 0.452148 0.050293 0.066406
1 0.580322 0.433594 0.051270 0.031250