0 0.587646 0.421387 0.025879 0.114258
0 0.614502 0.423828 0.026855 0.111328
0 0.288574 0.386719 0.005859 0.027344
1 0.790771 0.442871 0.110840 0.084961
1 0.467285 0.390137 0.031250 0.036133
1 0.355957 0.382324 0.019531 0.038086
1 0.413086 0.437500 0.100586 0.160156
1 0.195312 0.389160 0.034180 0.049805
1 0.194580 0.395020 0.020996 0.045898
1 0.191406 0.397461 0.004883 0.027344
1 0.170898 0.393066 0.038086 0.053711
1 0.171143 0.395996 0.025879 0.045898
1 0.166504 0.399414 0.021484 0.050781
1 0.145264 0.398926 0.037598 0.059570
1 0.143066 0.401855 0.025391 0.057617
1 0.134033 0.405762 0.023926 0.059570
1 0.094971 0.395020 0.068848 0.083008
1 0.074219 0.400391 0.067383 0.074219
1 0.257080 0.389648 0.023926 0.039062
1 0.223633 0.396484 0.035156 0.044922
2 0.472168 0.423340 0.023438 0.043945