0 0.378418 0.452148 0.034180 0.136719
0 0.224121 0.388672 0.051758 0.111328
0 0.060791 0.531250 0.109863 0.564453
0 0.776367 0.381348 0.018555 0.028320
0 0.623047 0.486328 0.049805 0.279297
0 0.569580 0.496094 0.049316 0.265625
0 0.514160 0.445801 0.019531 0.106445
1 0.050781 0.501953 0.095703 0.298828
1 0.346191 0.442871 0.042969 0.147461
1 0.400391 0.432129 0.022461 0.040039
1 0.291260 0.463867 0.110840 0.162109
1 0.205322 0.458496 0.183105 0.190430
1 0.176025 0.501953 0.162598 0.265625
2 0.727783 0.494629 0.075684 0.114258