1 0.509033 0.431641 0.011230 0.019531
1 0.498779 0.437500 0.009277 0.025391
1 0.490967 0.436523 0.014160 0.029297
1 0.490723 0.446777 0.008789 0.024414
1 0.485596 0.440430 0.010254 0.039062
1 0.531494 0.432129 0.007324 0.014648
1 0.558350 0.434082 0.016113 0.034180
1 0.589600 0.446777 0.028809 0.059570
1 0.593750 0.451172 0.028320 0.058594
1 0.602295 0.455078 0.017090 0.064453
1 0.625977 0.460449 0.050781 0.083008
1 0.676758 0.462402 0.074219 0.133789
1 0.478760 0.441895 0.011230 0.043945
1 0.470215 0.445312 0.019531 0.050781
1 0.468262 0.449707 0.016602 0.051758
1 0.434814 0.445801 0.055176 0.075195
1 0.442871 0.448730 0.033203 0.047852
1 0.446777 0.463379 0.013672 0.049805
1 0.435303 0.460938 0.022949 0.070312
1 0.415771 0.464844 0.040527 0.085938
1 0.408203 0.482422 0.030273 0.068359
1 0.343018 0.467285 0.128418 0.159180
1 0.323242 0.490723 0.074219 0.143555
1 0.206055 0.502930 0.207031 0.248047
1 0.149658 0.538086 0.070801 0.222656
1 0.080078 0.551758 0.154297 0.298828
1 0.037842 0.587891 0.069824 0.365234
1 0.705566 0.488281 0.072266 0.146484
1 0.793457 0.495117 0.151367 0.242188
1 0.902100 0.550781 0.189941 0.355469