0 0.594727 0.450684 0.038086 0.165039
0 0.552490 0.440918 0.020996 0.176758
0 0.538330 0.446777 0.044434 0.178711
0 0.362549 0.425293 0.017090 0.073242
1 0.470947 0.438477 0.009277 0.029297
1 0.476562 0.440430 0.011719 0.029297
1 0.484375 0.438965 0.010742 0.034180
1 0.491211 0.439453 0.015625 0.037109
1 0.503418 0.440430 0.023438 0.039062
1 0.517822 0.442383 0.012207 0.042969
1 0.534180 0.455078 0.020508 0.017578
1 0.463135 0.444336 0.017090 0.052734
1 0.456543 0.447266 0.012695 0.054688
1 0.450928 0.449219 0.015137 0.066406
1 0.429443 0.447266 0.042480 0.078125
1 0.433838 0.456055 0.030762 0.087891
1 0.406494 0.464844 0.070801 0.099609
1 0.317871 0.498047 0.124023 0.216797
1 0.156982 0.536621 0.308105 0.543945
1 0.040527 0.809570 0.075195 0.369141