1 0.508789 0.455566 0.012695 0.018555
1 0.495361 0.456055 0.015137 0.019531
1 0.440430 0.444336 0.026367 0.042969
1 0.354736 0.457031 0.056152 0.085938
1 0.336670 0.473145 0.028809 0.069336
1 0.308594 0.477051 0.048828 0.079102
1 0.261475 0.483887 0.076660 0.092773
1 0.169434 0.494629 0.115234 0.127930
1 0.524902 0.455078 0.021484 0.035156
1 0.642578 0.450195 0.048828 0.083984
1 0.645508 0.445312 0.021484 0.023438
1 0.738770 0.444336 0.211914 0.173828
1 0.710449 0.463379 0.040039 0.075195
1 0.786621 0.481934 0.130859 0.155273
1 0.790527 0.504395 0.043945 0.151367
1 0.830811 0.506348 0.070801 0.194336
1 0.902832 0.516602 0.128906 0.263672
1 0.951416 0.547363 0.091309 0.336914
2 0.704834 0.510742 0.048340 0.105469