1 0.483643 0.426758 0.020996 0.027344
1 0.491699 0.429199 0.022461 0.028320
1 0.539551 0.407715 0.019531 0.018555
1 0.542480 0.428223 0.022461 0.026367
1 0.569336 0.403809 0.039062 0.043945
1 0.558838 0.437012 0.015137 0.057617
1 0.564941 0.440918 0.014648 0.073242
1 0.515381 0.438965 0.038574 0.059570
1 0.585938 0.438965 0.045898 0.092773
1 0.590576 0.447754 0.038574 0.094727
1 0.599121 0.453125 0.017578 0.091797
1 0.615723 0.456543 0.046875 0.131836
1 0.645996 0.468750 0.055664 0.166016
1 0.697998 0.486816 0.134277 0.213867
1 0.857910 0.527832 0.234375 0.432617
1 0.913330 0.604980 0.167480 0.551758