0 0.328125 0.441895 0.009766 0.053711
0 0.573730 0.437988 0.007812 0.032227
0 0.753906 0.457520 0.011719 0.102539
0 0.761719 0.450684 0.013672 0.112305
0 0.812500 0.443359 0.014648 0.123047
0 0.841309 0.452148 0.024414 0.111328
1 0.229980 0.490723 0.123047 0.143555
1 0.467285 0.442383 0.008789 0.021484
1 0.475830 0.439941 0.013184 0.020508
1 0.443848 0.456543 0.046875 0.086914
1 0.379150 0.470703 0.091309 0.160156
1 0.543945 0.459961 0.020508 0.078125
1 0.509521 0.478027 0.081543 0.124023
1 0.605713 0.461914 0.052246 0.101562
1 0.654785 0.489258 0.114258 0.154297
2 0.928711 0.551270 0.067383 0.202148