0 0.169434 0.395508 0.008789 0.013672
0 0.185791 0.395020 0.012207 0.012695
0 0.641357 0.489258 0.033691 0.166016
1 0.455322 0.436523 0.012207 0.015625
1 0.444336 0.435547 0.012695 0.009766
1 0.432617 0.435059 0.010742 0.012695
1 0.420654 0.434082 0.015137 0.018555
1 0.397705 0.435547 0.027832 0.033203
1 0.380615 0.436523 0.021973 0.041016
1 0.364258 0.437012 0.045898 0.073242
1 0.328125 0.449219 0.074219 0.099609
1 0.323486 0.459961 0.025879 0.082031
1 0.282471 0.449707 0.077637 0.098633
1 0.291992 0.452637 0.026367 0.063477
1 0.267822 0.471680 0.066895 0.125000
1 0.241943 0.513184 0.029785 0.063477
1 0.197266 0.464844 0.115234 0.125000
1 0.183838 0.494629 0.087402 0.170898
1 0.097168 0.491699 0.188477 0.170898
1 0.501221 0.440430 0.015137 0.054688
1 0.515381 0.441895 0.038574 0.063477
1 0.523926 0.444336 0.017578 0.058594
1 0.548096 0.442871 0.042480 0.088867
1 0.557861 0.438965 0.043457 0.079102
1 0.558350 0.441406 0.034668 0.070312
1 0.565430 0.448242 0.023438 0.083984
1 0.609131 0.452637 0.101074 0.131836
1 0.625732 0.457031 0.075684 0.130859
1 0.633789 0.459961 0.058594 0.128906
1 0.647949 0.429688 0.052734 0.224609
1 0.760986 0.485352 0.215332 0.316406
1 0.921387 0.511719 0.151367 0.371094
1 0.977783 0.571777 0.038574 0.321289
2 0.298096 0.501465 0.020020 0.034180