0 0.933838 0.462402 0.032715 0.168945
1 0.556396 0.448730 0.009277 0.018555
1 0.596680 0.434570 0.017578 0.021484
1 0.626953 0.455566 0.046875 0.083008
1 0.580566 0.474121 0.059570 0.084961
1 0.662109 0.482422 0.031250 0.107422
1 0.668945 0.498047 0.021484 0.093750
1 0.683594 0.509766 0.030273 0.152344
1 0.526367 0.455078 0.015625 0.033203
1 0.507568 0.453125 0.031738 0.064453
1 0.478027 0.452637 0.021484 0.045898
1 0.497314 0.465332 0.040527 0.059570
1 0.387939 0.466309 0.040527 0.081055
1 0.439941 0.476074 0.081055 0.125977
1 0.358154 0.475098 0.046387 0.098633
1 0.300293 0.472168 0.101562 0.153320
1 0.234375 0.496094 0.118164 0.166016
1 0.113037 0.522461 0.220215 0.236328
2 0.636230 0.373047 0.029297 0.035156