0 0.328369 0.437012 0.017090 0.065430
1 0.531494 0.411621 0.010254 0.014648
1 0.535889 0.423340 0.011230 0.022461
1 0.541748 0.427246 0.016113 0.026367
1 0.541504 0.430664 0.007812 0.029297
1 0.544434 0.432129 0.009766 0.032227
1 0.554443 0.431641 0.020020 0.033203
1 0.570312 0.440918 0.025391 0.051758
1 0.595459 0.449219 0.043457 0.078125
1 0.612549 0.459961 0.056152 0.083984
1 0.658691 0.484375 0.060547 0.150391
1 0.733398 0.498047 0.145508 0.199219
1 0.483398 0.413574 0.012695 0.022461
1 0.482910 0.420410 0.008789 0.022461
1 0.471680 0.421387 0.016602 0.026367
1 0.472656 0.427246 0.007812 0.022461
1 0.470215 0.427734 0.005859 0.021484
1 0.462646 0.426758 0.015137 0.025391
1 0.460938 0.431152 0.009766 0.024414
1 0.449463 0.426270 0.019043 0.043945
2 0.372070 0.439941 0.017578 0.053711
3 0.425537 0.435547 0.037598 0.035156