0 0.114258 0.443848 0.015625 0.073242
0 0.808105 0.484863 0.008789 0.036133
0 0.577881 0.465820 0.016113 0.076172
0 0.710938 0.478516 0.006836 0.070312
0 0.699219 0.478516 0.024414 0.078125
1 0.248047 0.468750 0.040039 0.056641
1 0.166504 0.464844 0.114258 0.070312
1 0.052490 0.464355 0.099121 0.075195
1 0.494873 0.510742 0.150879 0.160156
2 0.953125 0.517090 0.030273 0.081055
2 0.973145 0.526855 0.019531 0.079102
2 0.628174 0.478027 0.018066 0.045898
2 0.588379 0.472656 0.041992 0.066406
3 0.593018 0.476074 0.032715 0.055664