0 0.465576 0.488770 0.015137 0.020508
0 0.946777 0.469727 0.018555 0.035156
0 0.593750 0.508301 0.014648 0.051758
0 0.606689 0.511230 0.011230 0.051758
0 0.175293 0.498047 0.013672 0.039062
0 0.185303 0.500000 0.015137 0.037109
0 0.202393 0.498535 0.013184 0.038086
0 0.286133 0.493164 0.012695 0.035156
0 0.899902 0.467285 0.037109 0.131836
0 0.875488 0.477051 0.027344 0.116211
0 0.648682 0.519043 0.131348 0.377930
0 0.545654 0.585449 0.101074 0.247070
0 0.524170 0.518555 0.107910 0.433594
1 0.083740 0.529785 0.126465 0.084961
2 0.642578 0.514648 0.011719 0.033203
2 0.687744 0.532227 0.011230 0.015625
2 0.972412 0.499512 0.016113 0.053711
2 0.988281 0.492188 0.017578 0.093750
3 0.713135 0.511230 0.040527 0.057617