0 0.449463 0.416016 0.013184 0.035156
0 0.439941 0.429688 0.005859 0.048828
0 0.434570 0.428223 0.010742 0.057617
0 0.417969 0.432129 0.009766 0.055664
0 0.425537 0.434082 0.009277 0.053711
1 0.536377 0.419922 0.012207 0.017578
1 0.523438 0.420898 0.013672 0.019531
1 0.520996 0.427734 0.013672 0.025391
1 0.544189 0.422363 0.012207 0.014648
1 0.555664 0.425781 0.006836 0.021484
1 0.562500 0.426270 0.013672 0.038086
1 0.575439 0.426758 0.024902 0.050781
1 0.577148 0.435547 0.012695 0.048828
1 0.591309 0.431152 0.027344 0.059570
1 0.595215 0.435059 0.024414 0.065430
1 0.603271 0.438477 0.020996 0.072266
1 0.638672 0.439453 0.068359 0.132812
1 0.648682 0.451660 0.036621 0.133789
1 0.688965 0.452637 0.071289 0.168945
1 0.725586 0.465820 0.115234 0.189453
1 0.506104 0.430176 0.010254 0.026367
1 0.500000 0.432129 0.009766 0.030273
1 0.497803 0.434082 0.006348 0.032227
1 0.491699 0.432617 0.014648 0.031250
1 0.472656 0.439941 0.036133 0.049805
1 0.390137 0.472168 0.057617 0.108398
1 0.311523 0.478516 0.117188 0.154297
1 0.118408 0.526855 0.230957 0.284180
1 0.872559 0.518066 0.249023 0.379883
1 0.988037 0.654785 0.018066 0.186523
2 0.368896 0.479492 0.020996 0.085938