0 0.576660 0.479492 0.020508 0.193359
0 0.555664 0.485352 0.024414 0.181641
0 0.341064 0.500977 0.036621 0.072266
0 0.600098 0.489746 0.030273 0.137695
0 0.809082 0.501465 0.019531 0.104492
0 0.850586 0.480957 0.052734 0.202148
0 0.842773 0.475098 0.061523 0.219727
0 0.928467 0.473145 0.047363 0.215820
1 0.065674 0.500977 0.062012 0.093750
1 0.045654 0.507324 0.042480 0.081055
1 0.211670 0.513184 0.050293 0.120117
1 0.149902 0.520020 0.132812 0.163086
2 0.630127 0.515137 0.023926 0.084961
3 0.656738 0.520020 0.044922 0.149414
3 0.750244 0.509766 0.053223 0.167969