1 0.533447 0.449707 0.011230 0.022461
1 0.546143 0.456543 0.008301 0.020508
1 0.592041 0.458496 0.017090 0.038086
1 0.601074 0.463379 0.016602 0.040039
1 0.609131 0.467285 0.021973 0.047852
1 0.625488 0.471191 0.040039 0.049805
1 0.412598 0.462402 0.039062 0.043945
1 0.323975 0.494141 0.084473 0.109375
1 0.523193 0.458496 0.018066 0.032227
1 0.559570 0.464355 0.025391 0.036133
1 0.058105 0.542480 0.110352 0.227539
2 0.651855 0.476074 0.013672 0.030273
2 0.628418 0.475098 0.034180 0.043945
2 0.979736 0.464355 0.025879 0.061523
3 0.109375 0.481445 0.031250 0.082031