0 0.800781 0.365723 0.008789 0.016602
1 0.488281 0.410645 0.019531 0.036133
1 0.459473 0.450195 0.013672 0.054688
1 0.512695 0.453125 0.020508 0.066406
1 0.536865 0.449707 0.051270 0.075195
1 0.478027 0.451172 0.036133 0.062500
1 0.636719 0.463867 0.074219 0.138672
1 0.769287 0.487305 0.190918 0.226562
1 0.970947 0.609863 0.052246 0.256836
1 0.391357 0.438477 0.019043 0.029297
1 0.353516 0.450195 0.010742 0.042969
1 0.420898 0.436523 0.019531 0.035156
1 0.206543 0.478516 0.024414 0.121094
1 0.281250 0.468750 0.138672 0.173828
1 0.114014 0.466309 0.170410 0.215820
1 0.073730 0.500977 0.124023 0.205078
1 0.049072 0.518555 0.092285 0.234375
2 0.582275 0.464355 0.024902 0.083008
2 0.602539 0.461426 0.031250 0.088867
2 0.376465 0.454590 0.015625 0.043945