1 0.456055 0.416504 0.052734 0.069336
1 0.377930 0.417969 0.063477 0.123047
1 0.365234 0.447754 0.052734 0.094727
1 0.343994 0.456055 0.050293 0.105469
1 0.254150 0.439941 0.136230 0.225586
1 0.149658 0.479004 0.167480 0.237305
1 0.060303 0.462402 0.114746 0.342773
1 0.432861 0.453613 0.073730 0.108398
1 0.615723 0.428711 0.026367 0.039062
1 0.660156 0.437012 0.033203 0.073242
1 0.675049 0.440430 0.028809 0.078125
1 0.706543 0.443359 0.062500 0.095703
1 0.784180 0.463379 0.093750 0.153320
1 0.882812 0.478027 0.180664 0.211914
1 0.554199 0.454590 0.078125 0.116211
2 0.738281 0.461914 0.020508 0.085938