0 0.844971 0.395508 0.011230 0.068359
0 0.956055 0.418945 0.035156 0.123047
0 0.881836 0.404297 0.011719 0.113281
0 0.867432 0.395020 0.022949 0.106445
0 0.911377 0.423828 0.020996 0.115234
0 0.888916 0.410645 0.027832 0.137695
0 0.203369 0.447266 0.019043 0.154297
0 0.156250 0.445801 0.017578 0.159180
0 0.188477 0.453613 0.016602 0.157227
0 0.168945 0.457520 0.028320 0.151367
1 0.689453 0.429199 0.036133 0.051758
1 0.721436 0.434570 0.030762 0.052734
1 0.288574 0.488770 0.177734 0.262695
1 0.550781 0.623535 0.345703 0.534180
2 0.069824 0.457520 0.022461 0.059570
2 0.008789 0.464355 0.011719 0.036133