0 0.610596 0.435547 0.020020 0.070312
0 0.658447 0.431641 0.017090 0.083984
0 0.636719 0.422363 0.025391 0.104492
1 0.463867 0.439941 0.015625 0.020508
1 0.478271 0.440918 0.017090 0.024414
1 0.493164 0.441406 0.012695 0.041016
1 0.511963 0.449707 0.042480 0.061523
1 0.387939 0.438477 0.012207 0.029297
1 0.442871 0.438965 0.021484 0.038086
1 0.434326 0.442871 0.024902 0.040039
1 0.406738 0.446777 0.039062 0.053711
1 0.013184 0.468750 0.020508 0.041016
1 0.355225 0.449707 0.041504 0.053711
1 0.971191 0.770020 0.051758 0.448242
2 0.798828 0.514648 0.180664 0.269531
2 0.150391 0.475098 0.036133 0.075195