0 0.277588 0.455566 0.014160 0.079102
0 0.149658 0.464844 0.020996 0.140625
0 0.743652 0.452637 0.051758 0.342773
0 0.852051 0.454590 0.045898 0.356445
0 0.885010 0.475586 0.061035 0.394531
1 0.499512 0.446777 0.009766 0.016602
1 0.512207 0.446777 0.035156 0.026367
1 0.366943 0.459473 0.038574 0.057617
1 0.310303 0.459473 0.034668 0.047852
1 0.432129 0.454102 0.026367 0.054688
1 0.343506 0.459961 0.045410 0.068359
1 0.392822 0.450195 0.057129 0.087891
1 0.465576 0.453125 0.047363 0.072266
1 0.078613 0.512207 0.151367 0.174805
1 0.535400 0.450195 0.011230 0.033203
1 0.537842 0.450684 0.007324 0.034180
1 0.543213 0.451172 0.010254 0.037109
1 0.548096 0.452637 0.010254 0.041992
1 0.552734 0.447754 0.009766 0.051758
1 0.564209 0.447754 0.026855 0.063477
1 0.598145 0.424316 0.014648 0.120117
2 0.146973 0.483887 0.024414 0.077148
2 0.710938 0.498535 0.113281 0.155273
2 0.636719 0.488281 0.015625 0.083984