1 0.361328 0.441895 0.021484 0.047852
1 0.224121 0.465332 0.053711 0.090820
1 0.187256 0.461914 0.057129 0.099609
1 0.101562 0.469238 0.144531 0.149414
1 0.486084 0.433105 0.016113 0.038086
1 0.474121 0.440430 0.031250 0.046875
1 0.399658 0.475098 0.086426 0.137695
1 0.557373 0.418457 0.026855 0.034180
1 0.555664 0.424805 0.020508 0.021484
1 0.560791 0.427246 0.020020 0.028320
1 0.592285 0.426758 0.023438 0.042969
1 0.619141 0.424805 0.014648 0.058594
1 0.621094 0.431641 0.010742 0.048828
1 0.664062 0.430664 0.080078 0.085938
1 0.664795 0.440430 0.057129 0.070312
1 0.684570 0.442871 0.038086 0.083008
1 0.836670 0.399414 0.024902 0.033203
1 0.915527 0.442383 0.163086 0.257812
1 0.938232 0.484863 0.100098 0.209961
1 0.960693 0.500977 0.072754 0.248047
1 0.765381 0.511230 0.179199 0.286133
2 0.303955 0.464844 0.044434 0.050781
2 0.256836 0.474121 0.015625 0.043945
2 0.178955 0.482910 0.026855 0.096680
2 0.043457 0.520508 0.025391 0.087891
2 0.660156 0.444336 0.026367 0.056641
3 0.276123 0.459961 0.014160 0.060547