0 0.218262 0.426758 0.006836 0.021484
0 0.673096 0.421387 0.017090 0.083008
0 0.802490 0.408691 0.020996 0.104492
1 0.259766 0.446777 0.020508 0.040039
1 0.237061 0.455566 0.019043 0.043945
1 0.222412 0.458008 0.036621 0.041016
1 0.406738 0.431152 0.022461 0.016602
1 0.465576 0.435059 0.020996 0.034180
1 0.479004 0.434082 0.013672 0.034180
1 0.480469 0.439453 0.011719 0.031250
1 0.497070 0.430664 0.024414 0.048828
1 0.512695 0.438965 0.023438 0.047852
1 0.530762 0.436035 0.029297 0.051758
1 0.547852 0.439453 0.034180 0.056641
1 0.581543 0.439941 0.047852 0.067383
2 0.136230 0.469238 0.013672 0.045898
2 0.629150 0.442383 0.009277 0.054688