1 0.418457 0.433105 0.087891 0.084961
1 0.438721 0.447266 0.011230 0.054688
1 0.402344 0.449219 0.071289 0.091797
1 0.309082 0.447754 0.132812 0.124023
1 0.275879 0.480957 0.193359 0.161133
1 0.264404 0.486816 0.128418 0.151367
1 0.216064 0.502441 0.187012 0.211914
1 0.135498 0.510742 0.265137 0.259766
1 0.099854 0.573242 0.193848 0.357422
1 0.531250 0.427734 0.007812 0.023438
1 0.543945 0.423340 0.018555 0.036133
1 0.541992 0.432129 0.005859 0.014648
1 0.551270 0.424805 0.012695 0.033203
1 0.572021 0.420410 0.041504 0.051758
1 0.570312 0.428223 0.022461 0.034180
1 0.619873 0.411133 0.112793 0.052734
1 0.593750 0.440918 0.071289 0.065430
1 0.622070 0.441895 0.063477 0.071289
1 0.615479 0.461426 0.015137 0.043945
1 0.652344 0.437988 0.063477 0.065430
1 0.710449 0.443359 0.143555 0.126953
1 0.716797 0.429688 0.091797 0.072266
1 0.734375 0.456055 0.163086 0.160156
1 0.827637 0.478027 0.127930 0.225586
1 0.834473 0.546875 0.100586 0.175781
1 0.930420 0.474121 0.133301 0.309570
1 0.940186 0.551270 0.113770 0.256836