0 0.114746 0.450684 0.012695 0.032227
0 0.130371 0.458008 0.011719 0.052734
0 0.150879 0.462402 0.012695 0.067383
0 0.165039 0.463867 0.011719 0.066406
0 0.285156 0.425781 0.013672 0.078125
0 0.268555 0.456543 0.026367 0.141602
0 0.314209 0.454102 0.017090 0.125000
0 0.300049 0.464355 0.023926 0.129883
0 0.363037 0.462402 0.020996 0.127930
0 0.382568 0.460938 0.022949 0.126953
0 0.512939 0.419922 0.018066 0.042969
0 0.565674 0.418945 0.020020 0.064453
0 0.606201 0.420898 0.016113 0.068359
0 0.946289 0.424316 0.101562 0.440430
0 0.912598 0.464844 0.086914 0.394531
0 0.331055 0.453125 0.041992 0.140625
2 0.222900 0.480957 0.018066 0.047852
2 0.254639 0.481934 0.010254 0.043945