1 0.375244 0.435547 0.008301 0.013672
1 0.190430 0.471680 0.073242 0.093750
1 0.257812 0.522949 0.151367 0.200195
1 0.460205 0.438965 0.029785 0.083008
1 0.492920 0.454590 0.062988 0.065430
1 0.497803 0.467773 0.046387 0.083984
1 0.588623 0.433594 0.185059 0.144531
1 0.533936 0.483398 0.069824 0.101562
1 0.597656 0.439453 0.072266 0.064453
1 0.581299 0.496094 0.098145 0.144531
1 0.595459 0.526367 0.041504 0.117188
1 0.667480 0.500000 0.125000 0.197266
1 0.682617 0.529297 0.079102 0.205078
1 0.795410 0.541016 0.187500 0.326172
1 0.910645 0.569336 0.172852 0.457031
3 0.033691 0.510254 0.061523 0.124023