1 0.687744 0.477051 0.066895 0.106445
1 0.415771 0.468750 0.009277 0.017578
1 0.367432 0.469238 0.020996 0.034180
1 0.358643 0.470215 0.015137 0.034180
1 0.328369 0.476074 0.023926 0.057617
1 0.296387 0.488770 0.030273 0.079102
1 0.278320 0.491211 0.026367 0.093750
1 0.241943 0.495117 0.073730 0.107422
1 0.168457 0.512695 0.087891 0.150391
1 0.074219 0.532715 0.142578 0.188477
1 0.437500 0.466797 0.034180 0.064453
1 0.439941 0.477539 0.031250 0.052734
1 0.536865 0.476562 0.070801 0.115234
2 0.833984 0.582031 0.113281 0.222656
2 0.491455 0.491699 0.022949 0.049805