0 0.417480 0.379883 0.005859 0.025391
0 0.506348 0.392578 0.007812 0.025391
1 0.038330 0.370117 0.031738 0.031250
1 0.059814 0.357422 0.018066 0.052734
1 0.221191 0.369141 0.020508 0.009766
1 0.333252 0.382324 0.019043 0.016602
1 0.249756 0.374023 0.013184 0.023438
1 0.198242 0.382812 0.029297 0.037109
1 0.354492 0.391602 0.008789 0.031250
1 0.366455 0.392578 0.023926 0.033203
1 0.395264 0.395020 0.021973 0.034180
1 0.972900 0.406250 0.048340 0.042969
1 0.425537 0.396973 0.020996 0.030273
1 0.881836 0.452637 0.167969 0.188477
1 0.683594 0.459473 0.245117 0.364258