1 0.591797 0.432129 0.013672 0.016602
1 0.604004 0.455566 0.028320 0.063477
1 0.471436 0.442871 0.008301 0.045898
1 0.455322 0.437988 0.028809 0.065430
1 0.441650 0.448730 0.034668 0.057617
1 0.416992 0.455566 0.017578 0.069336
1 0.407715 0.462891 0.020508 0.093750
1 0.370605 0.456055 0.076172 0.136719
1 0.331299 0.475586 0.099121 0.132812
1 0.568604 0.456543 0.046387 0.075195
1 0.608398 0.476074 0.004883 0.045898
1 0.640381 0.457520 0.064941 0.112305
1 0.683105 0.477539 0.059570 0.132812
1 0.751465 0.499023 0.113281 0.185547
1 0.869141 0.537109 0.229492 0.275391
1 0.968262 0.666016 0.057617 0.259766
2 0.435059 0.460449 0.019531 0.038086
2 0.205078 0.524414 0.069336 0.189453