0 0.251709 0.407227 0.006348 0.035156
0 0.197754 0.394531 0.007812 0.023438
0 0.207520 0.396484 0.012695 0.019531
0 0.585449 0.430176 0.010742 0.104492
0 0.625488 0.421875 0.010742 0.093750
0 0.727783 0.415527 0.021973 0.137695
0 0.708008 0.416504 0.026367 0.145508
0 0.677490 0.416504 0.025879 0.155273
1 0.335693 0.409668 0.019043 0.030273
1 0.074951 0.502441 0.144043 0.282227
1 0.453369 0.392578 0.011230 0.019531
1 0.471924 0.391602 0.010254 0.017578
1 0.465332 0.404297 0.017578 0.031250
1 0.450684 0.430176 0.026367 0.053711
1 0.420166 0.443359 0.061035 0.091797
1 0.482910 0.424316 0.012695 0.045898
1 0.503906 0.432617 0.042969 0.070312