1 0.756348 0.333984 0.055664 0.017578
1 0.959961 0.270996 0.074219 0.112305
1 0.630127 0.462891 0.068848 0.080078
1 0.650146 0.450195 0.092285 0.087891
1 0.672607 0.469727 0.151855 0.142578
1 0.635010 0.506836 0.070801 0.117188
1 0.681396 0.499023 0.078613 0.158203
1 0.709961 0.479980 0.041992 0.143555
1 0.764160 0.453125 0.092773 0.128906
2 0.472656 0.468750 0.012695 0.048828
2 0.455811 0.481445 0.020996 0.050781
2 0.426025 0.485352 0.020996 0.066406
2 0.379639 0.487793 0.025879 0.073242
2 0.233887 0.515625 0.041992 0.136719
2 0.194092 0.523438 0.056152 0.167969
2 0.014893 0.565918 0.023926 0.280273
2 0.088379 0.562012 0.105469 0.237305