0 0.215332 0.433105 0.028320 0.133789
1 0.531494 0.425293 0.012207 0.022461
1 0.553711 0.422852 0.047852 0.042969
1 0.548340 0.422852 0.013672 0.019531
1 0.546631 0.435059 0.007324 0.024414
1 0.556152 0.434570 0.016602 0.044922
1 0.566895 0.438477 0.023438 0.056641
1 0.586914 0.441406 0.053711 0.064453
1 0.598633 0.460938 0.008789 0.039062
1 0.640625 0.440918 0.080078 0.096680
1 0.663330 0.428223 0.080566 0.063477
1 0.657227 0.463867 0.078125 0.101562
1 0.660645 0.482910 0.062500 0.112305
1 0.725342 0.436523 0.086426 0.103516
1 0.740967 0.470215 0.126465 0.196289
1 0.757568 0.485352 0.081543 0.207031
1 0.878662 0.490723 0.236816 0.290039
1 0.918945 0.550293 0.151367 0.272461
1 0.945557 0.573242 0.103027 0.326172
1 0.406982 0.435547 0.030762 0.052734
1 0.252686 0.427246 0.062012 0.098633
1 0.244873 0.437500 0.034668 0.082031
1 0.090332 0.444824 0.173828 0.104492