1 0.279053 0.451660 0.032715 0.075195
1 0.234619 0.448242 0.062012 0.099609
1 0.155762 0.454102 0.105469 0.121094
1 0.434570 0.420410 0.017578 0.036133
1 0.561768 0.408203 0.012207 0.013672
1 0.523682 0.428711 0.078613 0.052734
1 0.458984 0.431641 0.051758 0.072266
1 0.360840 0.420410 0.071289 0.124023
1 0.614990 0.425781 0.016113 0.035156
1 0.607910 0.421875 0.008789 0.029297
1 0.589355 0.439941 0.046875 0.073242
1 0.650391 0.440430 0.019531 0.070312
1 0.716797 0.437500 0.013672 0.068359
1 0.804932 0.430664 0.036621 0.062500
1 0.748535 0.429199 0.067383 0.100586
1 0.679932 0.437500 0.061035 0.095703
1 0.854980 0.446289 0.076172 0.089844
1 0.777344 0.446777 0.074219 0.092773
1 0.913574 0.456543 0.085938 0.098633
1 0.966797 0.461914 0.060547 0.136719
2 0.047119 0.486816 0.058105 0.108398