0 0.406006 0.469727 0.008301 0.029297
0 0.657227 0.462891 0.014648 0.070312
1 0.817627 0.481445 0.121582 0.113281
1 0.966797 0.522461 0.060547 0.105469
1 0.464844 0.460938 0.028320 0.035156
1 0.539307 0.447754 0.021973 0.014648
1 0.525146 0.458984 0.015137 0.035156
1 0.553223 0.453125 0.009766 0.029297
1 0.503174 0.471191 0.042480 0.065430
1 0.249756 0.481445 0.078613 0.058594
1 0.341309 0.514160 0.141602 0.196289
1 0.043213 0.770508 0.080566 0.425781
2 0.753662 0.495605 0.029785 0.083008
2 0.579590 0.491699 0.050781 0.055664