0 0.101318 0.469238 0.015137 0.075195
0 0.115234 0.473633 0.010742 0.066406
1 0.192627 0.461426 0.015137 0.016602
1 0.203369 0.468750 0.024902 0.035156
1 0.218262 0.467773 0.030273 0.037109
1 0.164062 0.475098 0.038086 0.069336
1 0.168457 0.483398 0.047852 0.064453
1 0.275879 0.448242 0.008789 0.009766
1 0.292969 0.465332 0.034180 0.045898
1 0.256104 0.468750 0.048340 0.068359
1 0.335938 0.465820 0.045898 0.046875
1 0.501465 0.458496 0.038086 0.073242
1 0.526855 0.459961 0.046875 0.083984
1 0.563232 0.459473 0.056152 0.094727
1 0.617432 0.466309 0.086426 0.114258
1 0.726807 0.491211 0.142090 0.251953
1 0.821045 0.550293 0.248535 0.387695
1 0.917236 0.619141 0.159668 0.582031
2 0.181396 0.487305 0.009277 0.052734