1 0.423096 0.426270 0.018066 0.043945
1 0.418701 0.435547 0.008301 0.037109
1 0.383301 0.429688 0.007812 0.029297
1 0.442871 0.435547 0.028320 0.046875
1 0.470215 0.432129 0.032227 0.063477
1 0.580811 0.424316 0.016113 0.028320
1 0.595703 0.427734 0.010742 0.042969
1 0.601074 0.430176 0.011719 0.043945
1 0.603760 0.432129 0.011230 0.047852
1 0.626465 0.428223 0.042969 0.073242
1 0.679688 0.468262 0.070312 0.182617
1 0.766602 0.495117 0.179688 0.263672
1 0.523193 0.476562 0.110840 0.169922
2 0.216797 0.463379 0.019531 0.069336