0 0.065918 0.377441 0.035156 0.071289
0 0.167969 0.387695 0.023438 0.050781
0 0.278076 0.401367 0.006348 0.025391
0 0.258545 0.384766 0.038574 0.058594
1 0.539062 0.407715 0.004883 0.020508
1 0.561035 0.387207 0.006836 0.012695
1 0.566895 0.388184 0.007812 0.010742
1 0.567871 0.402832 0.012695 0.020508
1 0.575684 0.385254 0.008789 0.012695
1 0.594482 0.416016 0.020996 0.031250
1 0.626221 0.418945 0.030762 0.046875
1 0.718750 0.431641 0.030273 0.093750
1 0.672852 0.437500 0.061523 0.099609
1 0.746094 0.440430 0.061523 0.123047
1 0.794922 0.458496 0.078125 0.153320
1 0.858398 0.473145 0.113281 0.208008
1 0.938721 0.503906 0.116699 0.339844
1 0.437012 0.465332 0.092773 0.147461