0 0.715332 0.449707 0.015625 0.090820
0 0.797119 0.436035 0.018066 0.081055
0 0.894531 0.388672 0.004883 0.009766
0 0.923584 0.416504 0.017090 0.071289
0 0.952637 0.434570 0.021484 0.123047
0 0.904297 0.423340 0.029297 0.108398
0 0.859619 0.457031 0.017090 0.152344
1 0.365479 0.473145 0.036621 0.081055
1 0.330322 0.477051 0.061035 0.090820
1 0.252197 0.488770 0.112793 0.083008
1 0.540039 0.452637 0.015625 0.040039
1 0.546387 0.463379 0.021484 0.061523
1 0.551025 0.468750 0.015137 0.070312
1 0.560303 0.468262 0.023926 0.090820
1 0.595703 0.467773 0.073242 0.111328
1 0.494385 0.479004 0.074707 0.124023
2 0.128906 0.496094 0.026367 0.080078
2 0.176514 0.485352 0.032715 0.095703