0 0.207275 0.465332 0.023926 0.135742
0 0.806641 0.403809 0.016602 0.098633
0 0.823730 0.397949 0.021484 0.106445
1 0.495361 0.422852 0.008301 0.015625
1 0.486572 0.434570 0.017090 0.039062
1 0.476807 0.437500 0.012207 0.044922
1 0.469727 0.438477 0.013672 0.048828
1 0.443604 0.433594 0.044434 0.066406
1 0.423584 0.443848 0.023926 0.057617
1 0.400391 0.446777 0.039062 0.061523
1 0.558105 0.425293 0.019531 0.028320
1 0.656250 0.403320 0.011719 0.009766
1 0.652100 0.426270 0.009277 0.038086
1 0.659912 0.424805 0.008301 0.050781
1 0.674805 0.417480 0.029297 0.096680
1 0.676514 0.436523 0.017090 0.080078
1 0.710205 0.424805 0.062988 0.134766
1 0.911621 0.464355 0.170898 0.202148
1 0.525391 0.451660 0.068359 0.102539