0 0.372314 0.452637 0.024902 0.096680
0 0.328857 0.455078 0.020996 0.097656
0 0.694824 0.375488 0.015625 0.024414
1 0.585205 0.441895 0.012207 0.059570
1 0.617432 0.393555 0.051270 0.056641
1 0.599854 0.445312 0.027832 0.093750
1 0.633789 0.443848 0.060547 0.125977
1 0.383301 0.435547 0.012695 0.042969
1 0.363037 0.432129 0.007324 0.030273
1 0.353271 0.440918 0.025879 0.049805
1 0.331787 0.444336 0.028809 0.054688
1 0.307617 0.448242 0.030273 0.058594
1 0.283203 0.454102 0.040039 0.066406
1 0.252441 0.457520 0.036133 0.079102
1 0.210693 0.461914 0.067871 0.091797
1 0.674805 0.464844 0.108398 0.156250
1 0.841309 0.513672 0.263672 0.343750