0 0.491943 0.429199 0.006348 0.049805
1 0.282471 0.416016 0.067871 0.134766
1 0.313965 0.454102 0.072266 0.123047
1 0.241699 0.463867 0.051758 0.119141
1 0.210693 0.468262 0.049316 0.139648
1 0.128662 0.467285 0.126465 0.227539
1 0.052979 0.503906 0.100098 0.251953
1 0.449951 0.439453 0.020020 0.021484
1 0.590332 0.439941 0.128906 0.106445
1 0.580811 0.427734 0.027832 0.019531
1 0.591797 0.458008 0.073242 0.082031
1 0.573975 0.477051 0.011230 0.036133
1 0.615723 0.459473 0.075195 0.092773
1 0.643799 0.463867 0.111816 0.140625
1 0.714600 0.452637 0.176270 0.145508
1 0.703369 0.473145 0.142090 0.127930
1 0.708496 0.498047 0.123047 0.156250
1 0.738770 0.533203 0.023438 0.093750
1 0.844482 0.513184 0.199707 0.249023
1 0.902344 0.592285 0.122070 0.208008
1 0.952148 0.505859 0.089844 0.398438