1 0.614746 0.444336 0.042969 0.091797
1 0.650635 0.451660 0.053223 0.125977
1 0.682617 0.461426 0.089844 0.145508
1 0.747803 0.490723 0.111816 0.221680
1 0.875732 0.527832 0.242676 0.348633
1 0.539062 0.411133 0.018555 0.031250
1 0.520020 0.408203 0.034180 0.039062
1 0.492188 0.415527 0.022461 0.053711
1 0.516846 0.425293 0.034668 0.061523
1 0.460938 0.395508 0.025391 0.011719
1 0.427979 0.441895 0.032715 0.086914
1 0.467041 0.447754 0.053223 0.094727
1 0.405762 0.448730 0.037109 0.114258
1 0.391357 0.451172 0.031738 0.148438
1 0.321045 0.445801 0.136230 0.237305
1 0.291748 0.497559 0.132324 0.239258
1 0.141357 0.523438 0.241699 0.359375
3 0.619873 0.449707 0.020996 0.088867