0 0.575439 0.437500 0.007324 0.042969
0 0.673584 0.440430 0.011230 0.050781
0 0.699951 0.424805 0.011230 0.039062
0 0.149170 0.455566 0.021973 0.122070
1 0.562256 0.396973 0.018066 0.034180
1 0.569092 0.422363 0.018066 0.040039
1 0.416016 0.447266 0.036133 0.041016
1 0.506836 0.413086 0.015625 0.023438
1 0.727051 0.470703 0.083984 0.138672
1 0.808350 0.490723 0.156738 0.188477
1 0.973145 0.592285 0.047852 0.231445
1 0.062744 0.494629 0.119629 0.182617
1 0.017578 0.524414 0.029297 0.167969
1 0.322754 0.471191 0.047852 0.086914
1 0.296143 0.479004 0.061035 0.100586
1 0.225098 0.482910 0.108398 0.120117
1 0.545654 0.452637 0.048340 0.077148
2 0.614258 0.462402 0.010742 0.043945
2 0.665527 0.468750 0.028320 0.078125
2 0.680176 0.476562 0.027344 0.072266
2 0.876709 0.498047 0.065918 0.154297