0 0.611572 0.436035 0.018066 0.081055
0 0.627686 0.438965 0.016113 0.069336
1 0.355225 0.447266 0.024902 0.091797
1 0.316895 0.447754 0.067383 0.114258
1 0.263916 0.467285 0.069824 0.149414
1 0.247070 0.488770 0.022461 0.061523
1 0.179199 0.474609 0.117188 0.248047
1 0.085693 0.516602 0.165527 0.339844
1 0.412598 0.437012 0.024414 0.024414
1 0.502930 0.440430 0.030273 0.042969
1 0.532959 0.439941 0.019043 0.047852
1 0.542480 0.441895 0.028320 0.051758
1 0.578369 0.455566 0.060059 0.088867
1 0.679688 0.484863 0.091797 0.180664
1 0.776123 0.508789 0.194824 0.248047
1 0.944580 0.585449 0.104980 0.358398
2 0.426270 0.444824 0.007812 0.022461
2 0.844238 0.527344 0.156250 0.187500
2 0.948975 0.458008 0.051270 0.054688
3 0.365479 0.434570 0.016113 0.076172