0 0.201172 0.491699 0.011719 0.040039
0 0.195068 0.494141 0.009277 0.035156
0 0.240967 0.492188 0.011230 0.031250
0 0.331299 0.485840 0.006348 0.032227
0 0.339355 0.483887 0.009766 0.036133
0 0.288086 0.487793 0.011719 0.034180
0 0.279297 0.486328 0.012695 0.035156
0 0.460938 0.477539 0.015625 0.023438
0 0.520508 0.471680 0.005859 0.011719
0 0.553223 0.470215 0.009766 0.014648
0 0.584961 0.502930 0.009766 0.050781
0 0.677979 0.480957 0.009277 0.018555
0 0.693115 0.484375 0.008301 0.027344
0 0.619141 0.500000 0.015625 0.056641
0 0.750244 0.486816 0.008301 0.077148
0 0.757812 0.490234 0.010742 0.072266
0 0.815186 0.483887 0.020996 0.075195
0 0.920410 0.463867 0.041992 0.123047
0 0.872803 0.466309 0.021973 0.120117
0 0.796875 0.479004 0.021484 0.104492
1 0.992188 0.494629 0.007812 0.038086
2 0.644043 0.506836 0.020508 0.037109
2 0.958740 0.486816 0.061035 0.090820
3 0.712402 0.505371 0.041016 0.061523