0 0.294678 0.426270 0.009277 0.047852
0 0.524414 0.436035 0.011719 0.086914
0 0.533203 0.438965 0.015625 0.079102
0 0.154053 0.430176 0.015137 0.073242
0 0.165771 0.430176 0.013184 0.069336
0 0.033203 0.427246 0.017578 0.112305
0 0.014648 0.438477 0.023438 0.111328
1 0.224854 0.418945 0.014160 0.015625
1 0.324707 0.437988 0.016602 0.036133
1 0.333984 0.437500 0.026367 0.039062
1 0.349609 0.438965 0.026367 0.041992
1 0.368408 0.440430 0.028809 0.048828
1 0.392090 0.441895 0.037109 0.053711
1 0.424561 0.445801 0.039551 0.059570
1 0.454102 0.448242 0.053711 0.064453
1 0.777344 0.534668 0.240234 0.313477
1 0.129150 0.425293 0.027832 0.057617
2 0.512207 0.453125 0.015625 0.052734
3 0.496582 0.470215 0.029297 0.092773