1 0.439453 0.417969 0.032227 0.031250
1 0.454346 0.454590 0.043457 0.067383
1 0.402588 0.459961 0.037598 0.054688
1 0.369141 0.466309 0.034180 0.059570
1 0.333740 0.471680 0.058105 0.070312
1 0.264648 0.480957 0.071289 0.088867
1 0.021484 0.515625 0.037109 0.156250
1 0.178223 0.497559 0.108398 0.118164
1 0.584961 0.449219 0.018555 0.072266
1 0.541016 0.483887 0.101562 0.163086
1 0.607178 0.440918 0.010254 0.022461
1 0.614014 0.442383 0.008301 0.031250
1 0.628906 0.443359 0.026367 0.050781
1 0.638184 0.453125 0.031250 0.058594
1 0.722656 0.456055 0.034180 0.072266
1 0.678223 0.470703 0.075195 0.111328
1 0.751709 0.460938 0.043457 0.087891
1 0.794922 0.465332 0.065430 0.108398
1 0.968750 0.505371 0.056641 0.190430