0 0.416748 0.424805 0.006348 0.025391
0 0.406494 0.424316 0.005371 0.026367
0 0.389160 0.426758 0.004883 0.033203
0 0.378906 0.426758 0.007812 0.033203
0 0.396240 0.418457 0.010254 0.036133
0 0.323242 0.444336 0.012695 0.064453
0 0.301758 0.420898 0.014648 0.064453
0 0.285400 0.424805 0.019043 0.107422
0 0.217041 0.399902 0.018066 0.049805
0 0.240967 0.413086 0.022949 0.082031
0 0.056641 0.446777 0.045898 0.176758
0 0.018311 0.433594 0.030762 0.189453
0 0.530273 0.431152 0.013672 0.071289
0 0.240234 0.446289 0.012695 0.039062
0 0.248779 0.477051 0.021973 0.067383
0 0.274414 0.490723 0.017578 0.102539
0 0.238281 0.474121 0.071289 0.143555
0 0.225342 0.487305 0.026855 0.123047
0 0.277100 0.492188 0.046387 0.101562
2 0.397217 0.447754 0.020996 0.051758
2 0.300049 0.462402 0.017090 0.077148
2 0.545898 0.453613 0.010742 0.020508
2 0.920654 0.522461 0.013184 0.074219
2 0.712891 0.507812 0.033203 0.130859
2 0.775635 0.547363 0.019043 0.081055
2 0.883789 0.582031 0.079102 0.244141