0 0.677979 0.472168 0.041504 0.239258
0 0.710938 0.478027 0.040039 0.225586
1 0.146973 0.404297 0.033203 0.035156
1 0.035889 0.435059 0.065918 0.104492
1 0.300293 0.443359 0.026367 0.023438
1 0.316406 0.444336 0.006836 0.031250
1 0.327637 0.440918 0.022461 0.038086
1 0.340088 0.448242 0.013184 0.035156
1 0.349365 0.449219 0.016113 0.035156
1 0.358643 0.450684 0.012207 0.040039
1 0.371338 0.448242 0.027832 0.050781
1 0.411865 0.431641 0.058105 0.119141
1 0.425049 0.460449 0.054199 0.075195
1 0.513916 0.489746 0.099121 0.149414