0 0.735840 0.432617 0.010742 0.039062
0 0.745605 0.423828 0.004883 0.031250
0 0.769043 0.425293 0.006836 0.043945
1 0.579590 0.433105 0.007812 0.024414
1 0.562256 0.438965 0.028809 0.059570
1 0.521973 0.425781 0.064453 0.080078
1 0.473877 0.454590 0.034668 0.053711
1 0.395020 0.474121 0.019531 0.090820
1 0.404297 0.468262 0.035156 0.084961
1 0.350342 0.474121 0.079590 0.145508
1 0.195068 0.504883 0.215332 0.310547
1 0.030518 0.645508 0.055176 0.419922
1 0.515137 0.451172 0.054688 0.062500
1 0.585693 0.466797 0.024902 0.089844
1 0.606934 0.463867 0.044922 0.111328
1 0.616455 0.480469 0.048340 0.140625
1 0.677246 0.493164 0.119141 0.185547
1 0.804688 0.568359 0.142578 0.371094
1 0.920898 0.504883 0.152344 0.798828