1 0.557861 0.399902 0.012207 0.014648
1 0.508545 0.413574 0.018066 0.061523
1 0.500244 0.414551 0.017090 0.063477
1 0.491699 0.419434 0.026367 0.069336
1 0.482666 0.425293 0.026855 0.077148
1 0.469971 0.431152 0.027832 0.092773
1 0.449463 0.434570 0.047363 0.105469
1 0.415771 0.452637 0.096191 0.139648
1 0.339111 0.465820 0.074707 0.228516
1 0.213867 0.473633 0.255859 0.365234
1 0.100342 0.591309 0.194824 0.547852
1 0.608643 0.423340 0.024902 0.063477
1 0.619873 0.436523 0.035645 0.087891
1 0.647705 0.439941 0.044434 0.108398
1 0.654785 0.454102 0.044922 0.121094
1 0.684326 0.471191 0.068848 0.170898
1 0.749756 0.487793 0.122559 0.235352
1 0.851074 0.561035 0.209961 0.391602
1 0.926025 0.625488 0.142090 0.588867