1 0.180908 0.465332 0.030762 0.030273
1 0.197998 0.458008 0.015137 0.041016
1 0.049805 0.449219 0.038086 0.035156
1 0.128906 0.446289 0.052734 0.041016
1 0.237305 0.450684 0.062500 0.131836
1 0.411865 0.435059 0.070801 0.131836
1 0.385010 0.451172 0.076660 0.136719
1 0.304932 0.468750 0.129395 0.171875
1 0.565674 0.445312 0.020996 0.029297
1 0.542969 0.446777 0.015625 0.034180
1 0.505127 0.453613 0.072754 0.116211
1 0.645264 0.453613 0.082520 0.122070
1 0.741699 0.475098 0.121094 0.182617
1 0.881592 0.520508 0.230957 0.324219
3 0.638672 0.485352 0.026367 0.091797