0 0.653320 0.407715 0.008789 0.045898
0 0.671387 0.436523 0.009766 0.068359
0 0.508057 0.444824 0.020996 0.104492
0 0.506592 0.450684 0.019043 0.096680
0 0.521484 0.443848 0.019531 0.110352
0 0.530029 0.457031 0.015137 0.083984
0 0.529541 0.463379 0.014160 0.079102
0 0.476807 0.458984 0.012207 0.087891
0 0.493408 0.446289 0.021973 0.109375
0 0.460693 0.451660 0.020020 0.106445
0 0.447998 0.475586 0.015137 0.060547
0 0.572266 0.438477 0.022461 0.125000
1 0.024170 0.517090 0.042480 0.055664
1 0.239258 0.405762 0.004883 0.024414
1 0.225342 0.407715 0.015137 0.026367
1 0.204590 0.414062 0.013672 0.019531
1 0.220459 0.440430 0.025879 0.037109
1 0.239014 0.463379 0.037598 0.051758
2 0.542969 0.434082 0.020508 0.043945
2 0.603760 0.434570 0.018066 0.035156
2 0.588623 0.452148 0.014160 0.042969