0 0.691650 0.413574 0.006348 0.038086
1 0.046387 0.447266 0.032227 0.052734
1 0.529541 0.426758 0.045410 0.042969
1 0.492188 0.431152 0.041992 0.041992
1 0.463623 0.433594 0.042480 0.042969
1 0.433350 0.432617 0.037598 0.050781
1 0.416992 0.437012 0.044922 0.047852
1 0.354004 0.441406 0.026367 0.044922
1 0.306885 0.443359 0.011230 0.042969
1 0.380127 0.437988 0.047363 0.047852
1 0.332275 0.440430 0.047363 0.048828
1 0.265625 0.435547 0.012695 0.021484
1 0.285645 0.443359 0.042969 0.046875
1 0.213867 0.449707 0.027344 0.045898
1 0.240234 0.446289 0.047852 0.050781
1 0.183105 0.452148 0.051758 0.046875
1 0.898926 0.414551 0.029297 0.028320