0 0.263184 0.412598 0.007812 0.038086
0 0.270508 0.415039 0.004883 0.035156
0 0.191406 0.439941 0.009766 0.092773
0 0.212402 0.443359 0.019531 0.101562
0 0.239014 0.437500 0.018066 0.099609
0 0.461914 0.393555 0.016602 0.011719
0 0.447754 0.401367 0.009766 0.033203
1 0.422852 0.421387 0.062500 0.067383
1 0.436768 0.433105 0.012207 0.045898
1 0.508789 0.401367 0.026367 0.011719
1 0.531006 0.411621 0.021973 0.047852
1 0.572510 0.437988 0.086426 0.118164
1 0.573242 0.449219 0.040039 0.107422
1 0.610596 0.446289 0.087402 0.130859
1 0.483154 0.474121 0.112793 0.155273
1 0.670410 0.436035 0.179688 0.178711
1 0.705322 0.456543 0.042480 0.145508
1 0.762451 0.459961 0.125488 0.171875
1 0.939209 0.350586 0.045410 0.009766
1 0.833496 0.459961 0.198242 0.210938
1 0.870850 0.471191 0.175293 0.237305
1 0.919434 0.489746 0.155273 0.288086
1 0.975098 0.509766 0.043945 0.310547