0 0.391357 0.418457 0.005371 0.030273
0 0.919189 0.384766 0.009277 0.068359
0 0.568115 0.415527 0.015137 0.098633
0 0.791260 0.423340 0.035645 0.112305
0 0.749512 0.490723 0.035156 0.065430
0 0.315918 0.416992 0.005859 0.056641
0 0.321045 0.416016 0.008301 0.068359
0 0.351807 0.417969 0.015137 0.066406
0 0.330811 0.422363 0.017090 0.086914
0 0.292969 0.430664 0.005859 0.113281
0 0.307373 0.423828 0.016113 0.089844
0 0.248779 0.449219 0.020020 0.068359
0 0.289062 0.429199 0.025391 0.118164
0 0.216797 0.458496 0.017578 0.102539
0 0.181396 0.432617 0.023926 0.160156
0 0.072998 0.447754 0.049316 0.245117
1 0.273926 0.416504 0.006836 0.038086
1 0.449463 0.417969 0.020996 0.033203