0 0.202637 0.409180 0.008789 0.021484
0 0.193359 0.419434 0.010742 0.041992
1 0.652344 0.418945 0.034180 0.029297
1 0.547363 0.426270 0.011719 0.022461
1 0.569336 0.425781 0.045898 0.027344
1 0.575195 0.427246 0.032227 0.034180
1 0.484375 0.429199 0.007812 0.020508
1 0.502441 0.426758 0.033203 0.029297
1 0.529785 0.431641 0.028320 0.042969
1 0.272949 0.453613 0.040039 0.079102
1 0.227051 0.458008 0.074219 0.095703
1 0.102783 0.478516 0.038574 0.128906
1 0.056152 0.511719 0.106445 0.242188
1 0.469238 0.431641 0.024414 0.031250
1 0.448486 0.433594 0.020996 0.037109
1 0.425293 0.434082 0.030273 0.047852
1 0.380859 0.445801 0.046875 0.065430