0 0.522705 0.442871 0.005371 0.024414
0 0.489990 0.441406 0.008301 0.033203
0 0.483398 0.439941 0.006836 0.038086
0 0.478760 0.441406 0.007324 0.037109
0 0.465576 0.441406 0.008301 0.039062
0 0.389648 0.467773 0.020508 0.064453
0 0.288574 0.427246 0.021484 0.059570
0 0.842285 0.448730 0.017578 0.125977
0 0.910889 0.455078 0.017090 0.132812
0 0.827637 0.470215 0.050781 0.256836
0 0.887451 0.478516 0.059082 0.218750
0 0.981445 0.472656 0.031250 0.207031
2 0.528809 0.451172 0.007812 0.015625
2 0.545654 0.452637 0.007324 0.018555
2 0.638916 0.466797 0.013184 0.029297
2 0.660156 0.510742 0.017578 0.083984
2 0.682617 0.535645 0.013672 0.067383