0 0.541748 0.433594 0.006348 0.037109
0 0.593994 0.429199 0.008301 0.040039
0 0.312500 0.440918 0.005859 0.038086
0 0.708740 0.424805 0.008301 0.039062
0 0.719482 0.422852 0.008301 0.033203
0 0.761719 0.417969 0.013672 0.083984
0 0.750000 0.411621 0.013672 0.055664
0 0.784668 0.430664 0.009766 0.029297
0 0.955811 0.409668 0.012207 0.069336
0 0.943115 0.411621 0.017090 0.108398
0 0.928955 0.411621 0.023926 0.114258
0 0.173340 0.453613 0.027344 0.133789
1 0.688232 0.427734 0.005371 0.023438
1 0.679443 0.428711 0.017090 0.027344
2 0.187988 0.477051 0.014648 0.081055
2 0.647217 0.463379 0.059082 0.059570
2 0.741943 0.455566 0.048340 0.069336