0 0.649414 0.458496 0.019531 0.124023
0 0.615967 0.454102 0.031738 0.140625
0 0.310059 0.455566 0.016602 0.092773
0 0.296143 0.456055 0.021973 0.095703
0 0.120850 0.469238 0.021973 0.118164
0 0.140625 0.469727 0.027344 0.111328
1 0.980225 0.680664 0.033691 0.324219
1 0.579102 0.441406 0.029297 0.033203
1 0.428467 0.473633 0.076660 0.109375
1 0.102295 0.480957 0.019043 0.047852
1 0.542236 0.438477 0.021973 0.048828
1 0.524902 0.443359 0.029297 0.046875
1 0.497314 0.447266 0.041504 0.044922
1 0.810303 0.408203 0.032715 0.033203
1 0.823975 0.418945 0.051270 0.050781
1 0.883789 0.447754 0.166016 0.149414
1 0.879639 0.458984 0.130371 0.128906
1 0.898682 0.465820 0.083496 0.136719
1 0.956299 0.455566 0.081543 0.157227
1 0.972168 0.490723 0.049805 0.106445
1 0.727783 0.469727 0.157715 0.261719
2 0.636963 0.465332 0.013184 0.032227
3 0.148193 0.467773 0.036621 0.070312