1 0.524902 0.447754 0.015625 0.020508
1 0.552490 0.446289 0.014160 0.037109
1 0.569580 0.453125 0.024902 0.048828
1 0.608154 0.467773 0.043457 0.101562
1 0.495605 0.457031 0.013672 0.039062
1 0.489258 0.461914 0.019531 0.048828
1 0.487793 0.477051 0.004883 0.045898
1 0.471436 0.467773 0.031738 0.068359
1 0.472168 0.479004 0.019531 0.067383
1 0.466797 0.483398 0.015625 0.078125
1 0.455322 0.482422 0.032715 0.095703
1 0.438477 0.494629 0.034180 0.112305
1 0.401123 0.501953 0.079590 0.144531
1 0.646240 0.479004 0.058105 0.129883
1 0.720215 0.490234 0.139648 0.207031
1 0.883545 0.557617 0.227051 0.472656
1 0.335938 0.543457 0.103516 0.237305
1 0.163818 0.628906 0.321777 0.458984