1 0.522705 0.406738 0.009277 0.016602
1 0.531250 0.413086 0.009766 0.019531
1 0.536621 0.419922 0.010742 0.019531
1 0.547852 0.436035 0.029297 0.049805
1 0.548340 0.445801 0.018555 0.053711
1 0.555176 0.449219 0.017578 0.062500
1 0.578369 0.454590 0.056152 0.079102
1 0.647461 0.482422 0.098633 0.154297
1 0.492676 0.425781 0.014648 0.025391
1 0.470703 0.421387 0.032227 0.065430
1 0.470947 0.439453 0.019043 0.046875
1 0.451904 0.445312 0.028809 0.082031
1 0.410889 0.448730 0.066895 0.116211
1 0.267822 0.505371 0.179199 0.243164