1 0.572754 0.409668 0.031250 0.026367
1 0.534180 0.423828 0.012695 0.033203
1 0.530029 0.431641 0.008301 0.023438
1 0.524902 0.432129 0.008789 0.024414
1 0.497803 0.437500 0.010254 0.029297
1 0.480469 0.434082 0.025391 0.040039
1 0.513428 0.435059 0.021973 0.032227
1 0.468994 0.441895 0.013184 0.034180
1 0.461426 0.442383 0.009766 0.035156
1 0.457520 0.443359 0.010742 0.037109
1 0.449951 0.444824 0.015137 0.043945
1 0.431396 0.445312 0.030762 0.054688
1 0.412109 0.452148 0.016602 0.050781
1 0.320312 0.436523 0.032227 0.017578
1 0.292725 0.479004 0.075684 0.092773
1 0.165771 0.505859 0.139160 0.169922
1 0.053223 0.546875 0.100586 0.238281
1 0.369629 0.473633 0.089844 0.144531
1 0.568115 0.430176 0.025879 0.057617
1 0.565674 0.445801 0.012207 0.063477
1 0.576416 0.445801 0.023926 0.077148
1 0.582031 0.449707 0.017578 0.081055
1 0.590332 0.450195 0.023438 0.097656
1 0.622559 0.453125 0.072266 0.123047
1 0.666992 0.467773 0.073242 0.183594
1 0.755127 0.485840 0.172363 0.270508
1 0.897217 0.544922 0.199707 0.486328