0 0.759521 0.458008 0.034668 0.185547
0 0.802490 0.442383 0.044434 0.214844
0 0.306396 0.412598 0.011230 0.016602
1 0.440430 0.413086 0.007812 0.025391
1 0.445312 0.438477 0.018555 0.035156
1 0.457275 0.440430 0.023926 0.037109
1 0.469482 0.440918 0.024902 0.041992
1 0.480469 0.440918 0.015625 0.043945
1 0.498779 0.438965 0.035645 0.053711
1 0.344971 0.443359 0.010254 0.042969
1 0.341064 0.448730 0.017090 0.053711
1 0.324951 0.453613 0.030762 0.067383
1 0.299805 0.461914 0.040039 0.085938
1 0.216553 0.470215 0.109863 0.122070