0 0.424072 0.449707 0.016113 0.086914
0 0.397461 0.441895 0.015625 0.075195
0 0.381592 0.439453 0.017090 0.078125
0 0.713379 0.467285 0.044922 0.165039
0 0.940918 0.359375 0.036133 0.058594
0 0.034424 0.499512 0.062988 0.403320
0 0.108154 0.516113 0.080566 0.399414
1 0.522217 0.443359 0.008301 0.046875
1 0.536377 0.436523 0.030762 0.041016
1 0.533447 0.450684 0.025879 0.057617
1 0.481445 0.438965 0.006836 0.028320
1 0.466797 0.435059 0.026367 0.045898
1 0.500000 0.438965 0.022461 0.038086
1 0.548340 0.459473 0.029297 0.079102
1 0.561279 0.463379 0.027832 0.086914
1 0.574707 0.469238 0.023438 0.102539
1 0.617432 0.477539 0.092285 0.142578
1 0.879883 0.605957 0.234375 0.432617
2 0.772705 0.520996 0.027832 0.075195