0 0.830078 0.407715 0.043945 0.131836
1 0.436279 0.442383 0.011230 0.044922
1 0.429932 0.449219 0.019043 0.058594
1 0.428223 0.457031 0.017578 0.072266
1 0.406494 0.463867 0.046387 0.089844
1 0.378906 0.475586 0.042969 0.121094
1 0.323730 0.485840 0.103516 0.155273
1 0.488037 0.446289 0.022949 0.050781
1 0.502930 0.445801 0.026367 0.049805
1 0.525146 0.445801 0.035645 0.059570
1 0.546387 0.451660 0.026367 0.061523
1 0.561279 0.453613 0.020996 0.075195
1 0.581299 0.457520 0.044434 0.092773
1 0.596924 0.467773 0.051270 0.113281
1 0.612061 0.491211 0.027832 0.130859
1 0.715576 0.469727 0.200684 0.314453
1 0.885986 0.661621 0.222168 0.649414
1 0.105713 0.603516 0.205566 0.386719
2 0.448730 0.479004 0.005859 0.059570