0 0.455078 0.439941 0.007812 0.051758
0 0.440918 0.437988 0.006836 0.051758
0 0.447510 0.438965 0.009277 0.051758
0 0.298828 0.469727 0.046875 0.232422
0 0.848877 0.403809 0.024902 0.065430
1 0.475098 0.442383 0.034180 0.062500
1 0.545654 0.453125 0.010254 0.046875
1 0.560791 0.452637 0.029785 0.059570
1 0.562256 0.461426 0.025879 0.063477
1 0.592773 0.462402 0.056641 0.096680
1 0.605713 0.473633 0.061035 0.093750
1 0.645752 0.488770 0.066895 0.141602
1 0.698975 0.502930 0.111816 0.179688
1 0.791260 0.534668 0.169434 0.231445
1 0.910400 0.594727 0.173340 0.373047