0 0.672607 0.430664 0.006348 0.029297
0 0.679932 0.431152 0.007324 0.028320
0 0.686279 0.430664 0.007324 0.027344
0 0.805664 0.435547 0.016602 0.095703
0 0.787354 0.441895 0.015137 0.086914
0 0.767090 0.435547 0.012695 0.105469
0 0.759766 0.440918 0.017578 0.096680
1 0.244141 0.462402 0.094727 0.096680
1 0.722656 0.432617 0.019531 0.025391
1 0.821533 0.442871 0.011230 0.034180
1 0.795654 0.434570 0.007324 0.033203
1 0.776855 0.437012 0.006836 0.036133
1 0.763916 0.438477 0.030762 0.046875
1 0.571533 0.461914 0.082520 0.126953
1 0.737793 0.444336 0.031250 0.044922