0 0.496094 0.391602 0.005859 0.021484
0 0.489258 0.395996 0.006836 0.038086
0 0.484375 0.396484 0.006836 0.037109
0 0.477051 0.392578 0.007812 0.025391
0 0.523682 0.382812 0.008301 0.023438
0 0.477539 0.417969 0.008789 0.042969
0 0.469482 0.420410 0.012207 0.049805
0 0.458496 0.422363 0.010742 0.051758
0 0.558350 0.418945 0.012207 0.070312
0 0.548828 0.420410 0.011719 0.075195
1 0.008545 0.583496 0.011230 0.168945
1 0.505859 0.429688 0.040039 0.058594
1 0.407471 0.445801 0.071777 0.122070
1 0.375488 0.469238 0.059570 0.124023
1 0.339111 0.484375 0.054199 0.156250
1 0.240967 0.485352 0.187012 0.285156
2 0.503906 0.394531 0.008789 0.013672
2 0.797363 0.567871 0.007812 0.092773
2 0.100098 0.524902 0.089844 0.168945
2 0.079102 0.536133 0.072266 0.164062