0 0.279053 0.419922 0.025879 0.119141
0 0.245605 0.433594 0.027344 0.126953
1 0.472656 0.416016 0.014648 0.037109
1 0.471191 0.423828 0.010742 0.039062
1 0.470703 0.431641 0.007812 0.041016
1 0.451172 0.418945 0.033203 0.062500
1 0.445557 0.431152 0.027832 0.061523
1 0.420410 0.427734 0.040039 0.062500
1 0.426025 0.449707 0.024902 0.098633
1 0.409912 0.452637 0.038574 0.108398
1 0.389893 0.467285 0.047363 0.131836
1 0.328613 0.479980 0.117188 0.176758
1 0.568359 0.457520 0.026367 0.079102
1 0.617432 0.440430 0.080566 0.150391
1 0.629395 0.468262 0.076172 0.131836
1 0.706055 0.498047 0.153320 0.205078
1 0.865234 0.624023 0.263672 0.533203
3 0.188477 0.543457 0.132812 0.262695