0 0.496582 0.417480 0.005859 0.010742
0 0.487305 0.434570 0.008789 0.039062
0 0.412842 0.446289 0.013184 0.041016
0 0.436523 0.437500 0.004883 0.062500
0 0.451660 0.436523 0.009766 0.072266
0 0.444092 0.439941 0.018066 0.081055
0 0.468506 0.444824 0.016113 0.073242
0 0.718018 0.460449 0.013184 0.049805
0 0.705566 0.498535 0.040039 0.125977
0 0.728516 0.497559 0.016602 0.129883
0 0.335693 0.456055 0.044434 0.320312
0 0.130859 0.467285 0.065430 0.364258
0 0.024170 0.416504 0.042480 0.127930
0 0.192139 0.470215 0.059082 0.372070
1 0.515869 0.436035 0.031738 0.032227
1 0.367432 0.443848 0.007324 0.036133
1 0.536865 0.438965 0.014160 0.063477
1 0.587402 0.376953 0.079102 0.048828
1 0.577393 0.452148 0.083496 0.125000
1 0.653076 0.463379 0.165527 0.149414
1 0.059814 0.709473 0.113770 0.569336
2 0.576904 0.489746 0.046387 0.139648
2 0.177246 0.479004 0.035156 0.153320
2 0.125488 0.515137 0.082031 0.125977
3 0.496338 0.438965 0.018066 0.032227