0 0.131836 0.405273 0.019531 0.050781
0 0.489746 0.425293 0.007812 0.053711
0 0.500488 0.449707 0.016602 0.065430
0 0.534668 0.429199 0.011719 0.075195
0 0.542480 0.433105 0.010742 0.073242
0 0.517334 0.429688 0.024902 0.105469
0 0.647461 0.451172 0.044922 0.189453
0 0.678955 0.458984 0.032715 0.181641
0 0.850586 0.446777 0.019531 0.131836
0 0.863770 0.441406 0.025391 0.134766
0 0.962158 0.442383 0.019043 0.164062
0 0.955566 0.447266 0.025391 0.152344
0 0.439453 0.451660 0.030273 0.155273
1 0.233398 0.430664 0.048828 0.091797
1 0.285400 0.468750 0.104980 0.152344
2 0.870850 0.473145 0.032715 0.120117
2 0.910400 0.487793 0.084473 0.114258