0 0.187012 0.466797 0.028320 0.148438
0 0.147705 0.461914 0.031738 0.154297
1 0.564697 0.423828 0.028809 0.037109
1 0.576904 0.429199 0.036621 0.038086
1 0.588379 0.441406 0.018555 0.044922
1 0.534668 0.464355 0.039062 0.051758
1 0.491943 0.452637 0.050293 0.077148
1 0.607178 0.477051 0.036621 0.071289
1 0.656494 0.464355 0.093262 0.106445
1 0.716553 0.482910 0.061035 0.112305
1 0.838867 0.481445 0.211914 0.162109
1 0.447998 0.465332 0.021973 0.063477
1 0.439941 0.468262 0.020508 0.065430
1 0.428955 0.477051 0.024902 0.094727
1 0.425781 0.492676 0.008789 0.084961
1 0.373047 0.477051 0.104492 0.163086