0 0.220703 0.394043 0.043945 0.104492
0 0.590332 0.435059 0.007812 0.022461
0 0.561768 0.456055 0.010254 0.035156
0 0.690918 0.449219 0.006836 0.044922
0 0.685547 0.451660 0.005859 0.055664
0 0.678955 0.450195 0.009277 0.060547
0 0.763428 0.460449 0.020996 0.139648
0 0.740234 0.459961 0.025391 0.138672
0 0.277588 0.408203 0.016113 0.037109
0 0.259766 0.416016 0.019531 0.046875
0 0.374512 0.495605 0.023438 0.149414
0 0.359375 0.467285 0.037109 0.211914
1 0.629883 0.447754 0.018555 0.032227
1 0.642334 0.452637 0.020020 0.028320
1 0.603760 0.464355 0.043457 0.063477
2 0.518799 0.461426 0.028809 0.038086