1 0.389160 0.423828 0.020508 0.019531
1 0.391113 0.443359 0.017578 0.050781
1 0.354004 0.409668 0.063477 0.045898
1 0.420410 0.448730 0.057617 0.077148
1 0.352295 0.464355 0.062988 0.124023
1 0.342529 0.480957 0.062988 0.139648
1 0.277832 0.516113 0.113281 0.225586
1 0.129395 0.588867 0.252930 0.445312
1 0.490723 0.448242 0.040039 0.080078
1 0.515137 0.451172 0.046875 0.089844
1 0.556885 0.453613 0.067871 0.106445
1 0.631592 0.475586 0.093262 0.138672
1 0.739746 0.500977 0.164062 0.220703
1 0.894287 0.629395 0.205566 0.610352