0 0.513184 0.448242 0.006836 0.027344
0 0.520020 0.454590 0.004883 0.028320
0 0.525879 0.452637 0.005859 0.028320
0 0.532715 0.454102 0.005859 0.033203
0 0.537354 0.452148 0.007324 0.037109
0 0.637695 0.448242 0.011719 0.091797
0 0.648926 0.445312 0.017578 0.093750
0 0.664307 0.447266 0.017090 0.107422
0 0.279297 0.465820 0.027344 0.121094
0 0.314209 0.469238 0.026855 0.118164
0 0.609375 0.448730 0.021484 0.110352
1 0.397461 0.467773 0.059570 0.085938
1 0.503418 0.457031 0.021484 0.033203
2 0.623535 0.460938 0.016602 0.035156
2 0.682861 0.464844 0.020996 0.082031