0 0.196045 0.431641 0.010254 0.039062
0 0.976562 0.398926 0.011719 0.075195
0 0.994385 0.401855 0.005371 0.084961
0 0.895752 0.406738 0.010254 0.053711
0 0.906738 0.420410 0.024414 0.094727
1 0.026611 0.445312 0.047363 0.085938
1 0.174805 0.446289 0.051758 0.046875
1 0.247314 0.430176 0.053223 0.043945
1 0.920898 0.386230 0.022461 0.016602
1 0.948242 0.385254 0.032227 0.026367
1 0.688965 0.389160 0.014648 0.020508
1 0.672852 0.392090 0.017578 0.020508
1 0.649170 0.391113 0.025879 0.028320
1 0.471924 0.421875 0.029785 0.042969
1 0.552734 0.410645 0.029297 0.028320
1 0.581299 0.400391 0.022949 0.013672
1 0.566162 0.433105 0.017090 0.045898
1 0.579590 0.434082 0.037109 0.057617