0 0.296387 0.413574 0.004883 0.010742
0 0.526367 0.473633 0.037109 0.169922
0 0.574707 0.462891 0.032227 0.175781
0 0.602051 0.470703 0.027344 0.195312
1 0.127686 0.441895 0.011230 0.018555
1 0.136475 0.447266 0.018066 0.029297
1 0.145020 0.448242 0.011719 0.033203
1 0.182861 0.436523 0.010254 0.009766
1 0.189453 0.452148 0.017578 0.042969
1 0.197998 0.453613 0.019043 0.043945
1 0.206787 0.459473 0.011230 0.043945
1 0.229736 0.447266 0.047363 0.078125
1 0.250488 0.459961 0.040039 0.070312
1 0.282471 0.463867 0.052246 0.089844
1 0.098877 0.507812 0.094238 0.207031
1 0.317627 0.471680 0.081543 0.099609
1 0.411865 0.480469 0.121582 0.152344
1 0.163086 0.456543 0.042969 0.061523
1 0.069092 0.541016 0.132324 0.279297