1 0.395020 0.411621 0.013672 0.024414
1 0.392822 0.421875 0.008301 0.025391
1 0.380371 0.421875 0.021484 0.041016
1 0.376221 0.430176 0.018066 0.030273
1 0.366455 0.433105 0.017090 0.034180
1 0.354004 0.435547 0.019531 0.042969
1 0.342041 0.435547 0.020020 0.050781
1 0.317871 0.437988 0.042969 0.061523
1 0.110596 0.441895 0.057129 0.071289
1 0.041748 0.443359 0.051270 0.068359
1 0.427979 0.421387 0.011230 0.026367
1 0.417969 0.424805 0.014648 0.031250
1 0.808105 0.455078 0.134766 0.156250
1 0.925049 0.458008 0.144043 0.175781
2 0.448242 0.477539 0.059570 0.111328
2 0.562744 0.449219 0.045410 0.048828