0 0.600830 0.481934 0.026855 0.135742
0 0.648438 0.496582 0.016602 0.100586
0 0.714844 0.479980 0.044922 0.145508
1 0.538086 0.454590 0.020508 0.030273
1 0.541260 0.458008 0.018066 0.027344
1 0.559326 0.463867 0.015137 0.044922
1 0.573242 0.465820 0.030273 0.052734
1 0.633789 0.487793 0.100586 0.124023
1 0.484131 0.465820 0.012207 0.042969
1 0.479004 0.467285 0.013672 0.049805
1 0.473145 0.470215 0.014648 0.057617
1 0.459473 0.472656 0.030273 0.072266
1 0.442139 0.482422 0.031738 0.089844
1 0.410645 0.491211 0.052734 0.119141
1 0.394287 0.509766 0.043457 0.148438
1 0.363281 0.527832 0.074219 0.192383
1 0.227295 0.573730 0.253418 0.323242