0 0.080078 0.372559 0.009766 0.069336
0 0.086426 0.366699 0.008789 0.034180
0 0.095459 0.372070 0.013184 0.072266
0 0.117920 0.369629 0.012207 0.067383
0 0.107666 0.371094 0.012207 0.066406
0 0.125732 0.381348 0.009277 0.075195
0 0.159668 0.390137 0.009766 0.090820
0 0.188477 0.381348 0.010742 0.088867
0 0.194336 0.383301 0.023438 0.098633
0 0.242188 0.378906 0.024414 0.101562
0 0.226562 0.386230 0.014648 0.090820
0 0.662598 0.354980 0.007812 0.024414
0 0.391113 0.371582 0.012695 0.071289
0 0.405273 0.349121 0.013672 0.034180
0 0.604004 0.386230 0.010742 0.098633
0 0.592773 0.388184 0.015625 0.094727
0 0.673340 0.392578 0.025391 0.093750
0 0.704102 0.386719 0.018555 0.105469
0 0.706787 0.388672 0.014160 0.101562
1 0.020996 0.373535 0.030273 0.040039
1 0.562500 0.372559 0.038086 0.061523
1 0.531982 0.379883 0.035645 0.054688
1 0.500977 0.384766 0.047852 0.056641
1 0.648438 0.373047 0.021484 0.037109
1 0.633301 0.374023 0.018555 0.039062
1 0.617188 0.371094 0.022461 0.062500
1 0.692871 0.365723 0.017578 0.030273
1 0.687012 0.373047 0.021484 0.035156
1 0.723145 0.370605 0.013672 0.034180
1 0.752930 0.339355 0.039062 0.022461
1 0.740479 0.387207 0.037598 0.073242
1 0.790771 0.404785 0.101074 0.180664
1 0.855957 0.426758 0.135742 0.226562
1 0.934082 0.443848 0.125977 0.284180
1 0.963379 0.494629 0.067383 0.243164
2 0.070312 0.399902 0.008789 0.040039
2 0.585693 0.384766 0.009277 0.035156
2 0.479492 0.394531 0.006836 0.029297
2 0.738037 0.408691 0.013184 0.061523
3 0.065918 0.383301 0.035156 0.036133
3 0.325195 0.381836 0.030273 0.064453
3 0.404541 0.382812 0.024902 0.068359