0 0.833008 0.372559 0.006836 0.022461
0 0.832764 0.388184 0.010254 0.045898
0 0.861084 0.391113 0.008301 0.047852
0 0.854980 0.389160 0.011719 0.049805
0 0.844238 0.386230 0.026367 0.055664
0 0.886963 0.387695 0.012207 0.056641
0 0.872314 0.381348 0.019043 0.067383
0 0.894287 0.380859 0.006348 0.070312
0 0.936035 0.373047 0.011719 0.029297
0 0.921143 0.380859 0.019043 0.072266
0 0.979492 0.382324 0.016602 0.069336
0 0.992188 0.375488 0.009766 0.049805
1 0.010742 0.426270 0.015625 0.055664
1 0.123779 0.454102 0.017090 0.023438
1 0.051025 0.472168 0.027832 0.047852
1 0.079346 0.458984 0.062012 0.076172
1 0.024414 0.477539 0.042969 0.056641
1 0.092773 0.470703 0.055664 0.060547
1 0.386963 0.429199 0.009277 0.024414
1 0.444336 0.431641 0.015625 0.033203
1 0.418945 0.442383 0.047852 0.076172
1 0.463379 0.439453 0.039062 0.058594
1 0.379150 0.433594 0.016113 0.041016
1 0.365967 0.444336 0.027832 0.068359
1 0.321777 0.430176 0.070312 0.124023
1 0.222900 0.516602 0.246582 0.277344
1 0.487061 0.438477 0.017090 0.089844
1 0.523682 0.443359 0.083496 0.132812
1 0.990479 0.407227 0.013184 0.021484