0 0.602539 0.391113 0.013672 0.040039
0 0.670898 0.389160 0.020508 0.079102
0 0.653809 0.391113 0.012695 0.075195
1 0.572266 0.376465 0.033203 0.028320
1 0.587646 0.386719 0.013184 0.033203
1 0.595703 0.385742 0.008789 0.033203
1 0.602051 0.385254 0.017578 0.036133
1 0.627197 0.388672 0.044434 0.054688
1 0.625732 0.396484 0.023926 0.054688
1 0.646973 0.397949 0.051758 0.057617
1 0.729248 0.411621 0.116699 0.188477
1 0.532715 0.376953 0.007812 0.039062
1 0.508301 0.366211 0.045898 0.031250
1 0.522461 0.386719 0.022461 0.052734
1 0.520752 0.388672 0.018066 0.052734
1 0.502197 0.393066 0.041504 0.073242
1 0.484131 0.395020 0.042480 0.083008
1 0.464355 0.393555 0.070312 0.072266
1 0.438477 0.421875 0.029297 0.115234
1 0.364990 0.396484 0.135254 0.164062
1 0.359619 0.428711 0.121582 0.167969
1 0.229248 0.459473 0.318848 0.254883
2 0.469971 0.389648 0.014160 0.050781