0 0.270264 0.389160 0.005371 0.020508
0 0.259277 0.393555 0.004883 0.035156
0 0.264893 0.393555 0.008301 0.035156
0 0.643799 0.414551 0.007324 0.041992
0 0.628418 0.405273 0.008789 0.066406
0 0.620850 0.401855 0.009277 0.073242
0 0.667480 0.410156 0.008789 0.054688
0 0.674072 0.409180 0.013184 0.058594
0 0.752686 0.401367 0.015137 0.115234
0 0.740479 0.374512 0.017090 0.065430
0 0.785400 0.405273 0.019043 0.111328
0 0.811035 0.410645 0.016602 0.131836
0 0.799561 0.409180 0.023926 0.150391
0 0.833496 0.408691 0.023438 0.129883
0 0.852051 0.411133 0.018555 0.128906
0 0.838379 0.407227 0.023438 0.138672
1 0.122070 0.380859 0.018555 0.021484
1 0.168945 0.392090 0.015625 0.026367
1 0.087891 0.399902 0.069336 0.053711
1 0.211670 0.412109 0.074707 0.105469
1 0.417236 0.377441 0.009277 0.012695
1 0.399902 0.416016 0.034180 0.087891
1 0.524658 0.346191 0.068848 0.020508
1 0.331787 0.413574 0.123535 0.192383
1 0.692139 0.412598 0.041504 0.049805
1 0.493164 0.521973 0.245117 0.348633
2 0.726807 0.451660 0.014160 0.071289