0 0.587891 0.374512 0.013672 0.059570
0 0.606689 0.370605 0.009277 0.051758
0 0.619629 0.370117 0.009766 0.046875
0 0.652100 0.369141 0.026855 0.089844
0 0.682373 0.357422 0.014160 0.044922
0 0.705322 0.370605 0.025879 0.145508
0 0.732910 0.367676 0.033203 0.133789
0 0.455811 0.389648 0.008301 0.054688
0 0.448486 0.386719 0.009277 0.064453
0 0.428223 0.390625 0.010742 0.042969
0 0.417725 0.379395 0.010254 0.022461
0 0.390137 0.370605 0.004883 0.018555
0 0.395020 0.371094 0.004883 0.019531
0 0.400146 0.376953 0.011230 0.019531
0 0.207275 0.367188 0.020020 0.027344
1 0.546875 0.386230 0.034180 0.053711
1 0.513672 0.355957 0.041016 0.045898
1 0.496094 0.414062 0.090820 0.156250
1 0.380127 0.399902 0.095215 0.059570
1 0.329102 0.429688 0.054688 0.107422
1 0.291504 0.442871 0.082031 0.131836
1 0.213135 0.462402 0.143066 0.172852
1 0.093994 0.508789 0.182129 0.226562
1 0.023193 0.584961 0.040527 0.171875
2 0.679443 0.379395 0.020996 0.038086