0 0.713135 0.370117 0.021973 0.052734
0 0.747314 0.356934 0.027832 0.090820
0 0.816406 0.380859 0.026367 0.115234
0 0.787354 0.378906 0.027832 0.107422
0 0.012939 0.403809 0.016113 0.047852
0 0.186768 0.420410 0.014160 0.075195
0 0.178223 0.423828 0.020508 0.080078
0 0.196289 0.426270 0.019531 0.073242
0 0.294922 0.415527 0.012695 0.079102
0 0.283203 0.417969 0.018555 0.076172
0 0.352051 0.410156 0.012695 0.066406
0 0.372314 0.395020 0.008301 0.022461
0 0.381348 0.407715 0.009766 0.053711
0 0.472412 0.396484 0.006348 0.011719
0 0.442627 0.407715 0.006348 0.030273
0 0.403564 0.412109 0.013184 0.076172
0 0.431152 0.410645 0.016602 0.075195
0 0.925049 0.431641 0.077637 0.453125
1 0.617188 0.408203 0.009766 0.033203
1 0.628906 0.395020 0.018555 0.010742
1 0.629639 0.409668 0.018066 0.036133
1 0.590332 0.414062 0.053711 0.044922
2 0.117676 0.471191 0.038086 0.108398
2 0.762207 0.488770 0.116211 0.184570
2 0.563965 0.421875 0.012695 0.039062
2 0.591064 0.503418 0.018066 0.147461