0 0.328613 0.405762 0.018555 0.108398
0 0.352783 0.402832 0.021973 0.108398
0 0.569824 0.366211 0.008789 0.015625
0 0.783447 0.427734 0.022949 0.138672
0 0.716797 0.452148 0.015625 0.117188
0 0.753418 0.414062 0.025391 0.193359
0 0.615479 0.386230 0.019043 0.120117
1 0.358887 0.417480 0.052734 0.081055
1 0.406982 0.375977 0.047363 0.107422
1 0.462891 0.384277 0.014648 0.030273
1 0.483887 0.356934 0.007812 0.010742
1 0.488037 0.363281 0.010254 0.013672
1 0.494873 0.370605 0.010254 0.018555
2 0.541504 0.405273 0.005859 0.044922
2 0.549561 0.407227 0.007324 0.050781
2 0.147949 0.436523 0.030273 0.042969