0 0.458740 0.190430 0.007324 0.017578
0 0.454346 0.191406 0.007324 0.015625
0 0.195801 0.205566 0.007812 0.014648
0 0.007080 0.413086 0.008301 0.074219
0 0.731689 0.379883 0.006348 0.027344
0 0.867432 0.345703 0.011230 0.039062
1 0.577881 0.399414 0.048340 0.082031
1 0.464111 0.388184 0.008301 0.024414
1 0.480225 0.381348 0.023926 0.038086
1 0.457031 0.383301 0.007812 0.034180
1 0.500488 0.403809 0.049805 0.067383
1 0.056885 0.402344 0.107910 0.087891
1 0.433350 0.396973 0.053223 0.083008
1 0.387207 0.404785 0.070312 0.094727
1 0.202881 0.419434 0.162598 0.200195
1 0.933838 0.338379 0.018066 0.016602
1 0.871338 0.377441 0.028809 0.036133
1 0.957031 0.366699 0.064453 0.104492
1 0.965576 0.363281 0.062988 0.113281
1 0.877441 0.378906 0.026367 0.046875
1 0.884521 0.387207 0.012207 0.038086
2 0.021484 0.424316 0.037109 0.045898
3 0.344971 0.460449 0.043457 0.131836