0 0.756348 0.399902 0.017578 0.108398
0 0.735840 0.401855 0.020508 0.108398
0 0.717529 0.401855 0.019043 0.118164
0 0.801514 0.383301 0.011230 0.094727
0 0.786133 0.346191 0.005859 0.018555
0 0.790771 0.394531 0.025879 0.117188
0 0.316406 0.394531 0.011719 0.035156
0 0.306152 0.394043 0.006836 0.040039
0 0.334229 0.391602 0.011230 0.035156
1 0.520020 0.352051 0.023438 0.014648
1 0.493652 0.352051 0.006836 0.034180
1 0.609863 0.379395 0.010742 0.020508
1 0.608643 0.358887 0.010254 0.020508
1 0.636963 0.359863 0.007324 0.022461
1 0.653564 0.369141 0.025879 0.041016
1 0.658447 0.370605 0.018066 0.038086
1 0.686035 0.387695 0.008789 0.041016
1 0.500000 0.350586 0.008789 0.011719
1 0.547852 0.365234 0.009766 0.019531
1 0.485596 0.363281 0.020020 0.041016
1 0.482666 0.375977 0.015137 0.029297
1 0.480957 0.379883 0.010742 0.027344
1 0.464355 0.378906 0.022461 0.046875
1 0.457520 0.382812 0.024414 0.046875
1 0.518311 0.369629 0.005371 0.022461
1 0.506348 0.377441 0.023438 0.041992
1 0.540527 0.372559 0.017578 0.024414
2 0.596680 0.505859 0.124023 0.185547
2 0.697510 0.451172 0.012207 0.062500
2 0.344727 0.412598 0.010742 0.014648
2 0.252197 0.443848 0.011230 0.040039
3 0.013672 0.466309 0.021484 0.088867