0 0.218018 0.331543 0.011230 0.030273
0 0.248291 0.344238 0.019043 0.049805
0 0.311523 0.343750 0.017578 0.029297
0 0.343018 0.351074 0.009277 0.014648
0 0.269287 0.359863 0.018066 0.051758
0 0.358887 0.349121 0.006836 0.014648
0 0.123779 0.336914 0.022949 0.041016
0 0.146729 0.345215 0.028809 0.049805
0 0.014160 0.343750 0.022461 0.093750
0 0.044678 0.317383 0.037598 0.082031
0 0.714111 0.355957 0.020020 0.084961
0 0.737305 0.323730 0.022461 0.043945
0 0.737549 0.367676 0.032715 0.118164
0 0.763428 0.405762 0.016113 0.190430
0 0.811279 0.353027 0.005371 0.053711
0 0.891357 0.330566 0.023926 0.073242
0 0.875244 0.356445 0.036621 0.162109
1 0.449219 0.375977 0.027344 0.052734
1 0.442383 0.386719 0.011719 0.044922
1 0.428467 0.384277 0.019043 0.063477
1 0.319092 0.412598 0.090332 0.108398
1 0.215820 0.437012 0.111328 0.178711
1 0.096436 0.469727 0.177246 0.234375
1 0.015381 0.504395 0.024902 0.247070
1 0.589355 0.374512 0.009766 0.040039
1 0.599121 0.396484 0.029297 0.095703
1 0.638916 0.410156 0.079590 0.107422
1 0.942871 0.595215 0.108398 0.413086
2 0.270996 0.416992 0.015625 0.082031
2 0.747559 0.451172 0.039062 0.173828
3 0.895264 0.491211 0.103027 0.380859