0 0.732910 0.383301 0.010742 0.049805
0 0.748291 0.374023 0.008301 0.039062
0 0.755127 0.378418 0.010254 0.059570
0 0.775391 0.373535 0.004883 0.038086
0 0.778076 0.372559 0.006348 0.026367
0 0.796387 0.375488 0.008789 0.043945
0 0.785156 0.388184 0.022461 0.094727
0 0.847900 0.364258 0.011230 0.027344
0 0.862793 0.365234 0.005859 0.021484
0 0.876221 0.364746 0.005371 0.020508
0 0.868408 0.363281 0.013184 0.025391
0 0.890381 0.358398 0.008301 0.037109
0 0.883057 0.359863 0.016113 0.032227
0 0.902832 0.361816 0.008789 0.032227
0 0.917236 0.353027 0.008301 0.026367
0 0.914551 0.355957 0.010742 0.026367
0 0.924316 0.354004 0.007812 0.032227
0 0.935791 0.366699 0.011230 0.057617
0 0.961914 0.344238 0.006836 0.024414
0 0.972656 0.371094 0.015625 0.060547
0 0.958008 0.359863 0.014648 0.034180
0 0.706787 0.405273 0.009277 0.080078
0 0.716797 0.378418 0.018555 0.059570
0 0.743408 0.406250 0.018066 0.121094
0 0.698486 0.410645 0.027832 0.118164
0 0.665283 0.425293 0.020020 0.079102
0 0.676758 0.413574 0.024414 0.102539
0 0.598145 0.379883 0.004883 0.021484
0 0.565430 0.407227 0.013672 0.101562
0 0.570557 0.411621 0.026855 0.116211
0 0.579102 0.416992 0.033203 0.132812
0 0.535156 0.407715 0.025391 0.118164
0 0.473633 0.401855 0.010742 0.108398
0 0.468994 0.412109 0.020020 0.111328
0 0.452148 0.397461 0.021484 0.093750
0 0.446045 0.398438 0.015137 0.080078
0 0.153809 0.384766 0.012695 0.029297
0 0.124512 0.397461 0.007812 0.013672
0 0.115479 0.397461 0.008301 0.019531
0 0.105713 0.401367 0.012207 0.021484
0 0.509521 0.415527 0.026855 0.108398
0 0.072998 0.411621 0.010254 0.047852
0 0.136963 0.392578 0.010254 0.019531
0 0.024414 0.446777 0.036133 0.159180
0 0.008057 0.474609 0.010254 0.095703
1 0.646973 0.382324 0.019531 0.036133
1 0.655029 0.383789 0.010254 0.033203
1 0.689941 0.388672 0.022461 0.052734
1 0.669678 0.388184 0.007324 0.041992
1 0.879639 0.509766 0.234863 0.269531
1 0.112061 0.395020 0.120605 0.096680
1 0.546143 0.381348 0.010254 0.018555
1 0.553467 0.378906 0.011230 0.021484
1 0.490479 0.399902 0.028809 0.053711
1 0.425293 0.403320 0.032227 0.062500
1 0.252930 0.616211 0.425781 0.572266
2 0.617188 0.387695 0.004883 0.019531
2 0.062256 0.437988 0.045410 0.051758
3 0.965088 0.404297 0.042480 0.095703