0 0.640137 0.353516 0.005859 0.027344
0 0.698730 0.357910 0.005859 0.024414
0 0.805664 0.380859 0.005859 0.015625
0 0.801514 0.382812 0.007324 0.009766
0 0.766602 0.378906 0.004883 0.013672
0 0.774170 0.377930 0.008301 0.013672
0 0.686279 0.435059 0.018066 0.170898
0 0.577881 0.435547 0.044434 0.169922
0 0.990479 0.392090 0.013184 0.143555
0 0.408203 0.341797 0.007812 0.039062
0 0.419434 0.354980 0.005859 0.024414
0 0.446777 0.356445 0.010742 0.042969
0 0.471924 0.428223 0.021973 0.165039
0 0.464111 0.436523 0.030762 0.177734
0 0.416992 0.414062 0.005859 0.033203
0 0.476074 0.438477 0.046875 0.201172
0 0.437012 0.448242 0.044922 0.162109
0 0.438477 0.433105 0.058594 0.223633
0 0.516113 0.433594 0.032227 0.154297
0 0.526855 0.428711 0.041016 0.185547
0 0.349854 0.331543 0.005371 0.014648
0 0.344971 0.337402 0.011230 0.032227
0 0.336914 0.344238 0.013672 0.038086
0 0.355713 0.330078 0.006348 0.009766
0 0.369385 0.329590 0.008301 0.014648
0 0.377930 0.335449 0.007812 0.020508
0 0.385498 0.350098 0.009277 0.049805
0 0.367432 0.339844 0.012207 0.035156
0 0.327637 0.359863 0.012695 0.051758
0 0.368164 0.346191 0.007812 0.016602
0 0.337402 0.419922 0.019531 0.150391
0 0.337158 0.442383 0.020020 0.146484
0 0.367676 0.363770 0.008789 0.030273
0 0.350830 0.436523 0.020020 0.164062
0 0.363770 0.372070 0.007812 0.027344
0 0.385254 0.419434 0.015625 0.145508
0 0.394531 0.427246 0.021484 0.163086
0 0.380859 0.428223 0.027344 0.166992
0 0.361816 0.432617 0.040039 0.197266
0 0.051025 0.354980 0.010254 0.059570
0 0.069092 0.324219 0.016113 0.056641
0 0.124268 0.331055 0.007324 0.048828
0 0.119141 0.341797 0.011719 0.093750
0 0.083252 0.346191 0.009277 0.083008
0 0.089355 0.345215 0.011719 0.084961
0 0.098877 0.309082 0.015137 0.043945
0 0.110107 0.317871 0.017090 0.053711
0 0.132080 0.324219 0.011230 0.062500
0 0.094727 0.368652 0.020508 0.104492
0 0.155518 0.317871 0.017090 0.049805
0 0.111328 0.392578 0.025391 0.146484
0 0.168701 0.337891 0.010254 0.042969
0 0.160645 0.395996 0.012695 0.120117
0 0.146484 0.393555 0.025391 0.160156
0 0.129150 0.401855 0.019043 0.137695
0 0.166992 0.391602 0.013672 0.087891
0 0.041260 0.403809 0.020020 0.137695
0 0.026611 0.402344 0.041504 0.156250
0 0.072510 0.404297 0.033691 0.148438
0 0.289551 0.334961 0.004883 0.021484
0 0.262207 0.335938 0.011719 0.042969
0 0.247559 0.327637 0.008789 0.018555
0 0.224121 0.324219 0.004883 0.011719
0 0.227783 0.330566 0.007324 0.024414
0 0.203125 0.340820 0.007812 0.033203
0 0.205078 0.346680 0.008789 0.027344
0 0.195801 0.327148 0.018555 0.054688
0 0.233887 0.333008 0.012695 0.037109
0 0.219238 0.333008 0.013672 0.025391
0 0.191162 0.411621 0.013184 0.186523
0 0.273926 0.333496 0.013672 0.040039
0 0.258545 0.403320 0.018066 0.140625
0 0.212646 0.418457 0.022949 0.157227
0 0.264648 0.414062 0.019531 0.144531
0 0.205566 0.432129 0.009766 0.112305
0 0.296875 0.396484 0.017578 0.126953
0 0.279541 0.421875 0.034668 0.181641
0 0.248535 0.429199 0.039062 0.196289
0 0.240723 0.434082 0.048828 0.208008
0 0.194092 0.441406 0.039551 0.177734
0 0.176270 0.441406 0.035156 0.181641
0 0.215820 0.443359 0.047852 0.203125
0 0.318359 0.437988 0.032227 0.190430
1 0.848389 0.405273 0.061035 0.050781
1 0.740479 0.407715 0.047363 0.073242
1 0.778809 0.436523 0.096680 0.101562
1 0.581055 0.436035 0.110352 0.118164
1 0.697266 0.379883 0.041016 0.025391
1 0.709473 0.434082 0.030273 0.110352
3 0.637695 0.450684 0.017578 0.102539
3 0.707031 0.459473 0.036133 0.088867