0 0.487061 0.414062 0.009277 0.111328
0 0.416748 0.403809 0.008301 0.067383
0 0.559570 0.422363 0.027344 0.110352
1 0.498291 0.390137 0.012207 0.010742
1 0.498779 0.406738 0.015137 0.032227
1 0.504883 0.416016 0.025391 0.041016
1 0.572266 0.392578 0.008789 0.015625
1 0.007568 0.461426 0.009277 0.125977
1 0.280273 0.448242 0.227539 0.152344
1 0.602783 0.395020 0.011230 0.018555
1 0.608887 0.395996 0.007812 0.020508
1 0.618652 0.394531 0.012695 0.027344
1 0.640869 0.401367 0.019043 0.027344
1 0.672607 0.412109 0.016113 0.031250
1 0.709961 0.408691 0.024414 0.022461
1 0.736572 0.416992 0.037598 0.050781
3 0.406006 0.414551 0.022949 0.065430