0 0.415771 0.376953 0.010254 0.019531
0 0.604492 0.413086 0.028320 0.125000
0 0.682129 0.406738 0.049805 0.221680
1 0.298584 0.366211 0.013184 0.025391
1 0.385742 0.377930 0.008789 0.011719
1 0.514648 0.387695 0.033203 0.013672
1 0.317871 0.375000 0.004883 0.013672
1 0.321289 0.375488 0.004883 0.012695
1 0.314941 0.363770 0.004883 0.010742
1 0.305664 0.372559 0.010742 0.032227
1 0.352295 0.371094 0.012207 0.027344
1 0.360107 0.370605 0.014160 0.018555
1 0.373047 0.379395 0.015625 0.014648
1 0.360107 0.381836 0.015137 0.011719
2 0.315918 0.399902 0.007812 0.014648