0 0.619141 0.393555 0.008789 0.041016
0 0.766113 0.403809 0.009766 0.030273
0 0.768799 0.412598 0.022949 0.057617
0 0.875488 0.425781 0.035156 0.154297
0 0.205566 0.375488 0.005859 0.034180
0 0.209961 0.378906 0.006836 0.033203
0 0.217285 0.373535 0.007812 0.016602
0 0.180908 0.375977 0.007324 0.031250
0 0.245605 0.378906 0.005859 0.027344
1 0.469482 0.389648 0.007324 0.019531
1 0.453125 0.390137 0.032227 0.059570
1 0.507324 0.395508 0.025391 0.037109
1 0.490479 0.434082 0.067871 0.096680
1 0.394287 0.385254 0.006348 0.012695
1 0.326904 0.414062 0.061035 0.076172
1 0.056885 0.536621 0.107910 0.415039
2 0.750977 0.417480 0.023438 0.045898
2 0.833008 0.468750 0.015625 0.058594
2 0.815674 0.459961 0.010254 0.068359
2 0.834961 0.429199 0.019531 0.020508
2 0.864502 0.460938 0.017090 0.103516
2 0.888672 0.472656 0.029297 0.091797
2 0.643799 0.461914 0.074707 0.087891