0 0.609375 0.358887 0.008789 0.016602
0 0.600098 0.361328 0.006836 0.011719
0 0.616943 0.360352 0.005371 0.011719
0 0.220703 0.369141 0.022461 0.039062
0 0.240723 0.362305 0.016602 0.029297
0 0.261230 0.363281 0.010742 0.021484
0 0.185059 0.345215 0.021484 0.038086
0 0.148193 0.349121 0.021973 0.032227
0 0.080811 0.472656 0.056152 0.337891
0 0.086670 0.461426 0.056152 0.366211
1 0.451172 0.369141 0.009766 0.009766
1 0.443359 0.378906 0.011719 0.015625
1 0.456543 0.386719 0.012695 0.025391
1 0.389404 0.404785 0.039551 0.061523
1 0.530029 0.369141 0.009277 0.011719
1 0.551514 0.378906 0.035645 0.076172
1 0.556152 0.394531 0.024414 0.050781
1 0.573730 0.404297 0.035156 0.070312
1 0.577637 0.409180 0.028320 0.076172
1 0.579102 0.417480 0.017578 0.071289
1 0.610352 0.418457 0.069336 0.104492
1 0.268555 0.444336 0.086914 0.138672
1 0.167480 0.466797 0.147461 0.207031
1 0.476807 0.379395 0.012207 0.016602
1 0.511230 0.389648 0.025391 0.035156
1 0.502686 0.409180 0.040527 0.058594
2 0.635986 0.428223 0.035645 0.079102
2 0.713135 0.430176 0.029785 0.090820
2 0.680664 0.431152 0.036133 0.092773
3 0.364014 0.424316 0.037598 0.061523