0 0.546631 0.119629 0.006348 0.030273
0 0.512207 0.140137 0.008789 0.038086
0 0.394775 0.260254 0.008301 0.038086
0 0.515869 0.141113 0.006348 0.026367
0 0.405029 0.252441 0.010254 0.034180
0 0.477051 0.189941 0.005859 0.036133
0 0.483643 0.188965 0.006348 0.026367
0 0.449463 0.199707 0.007324 0.032227
0 0.457275 0.202148 0.009277 0.029297
0 0.263672 0.412598 0.011719 0.081055
0 0.333008 0.426270 0.032227 0.161133
0 0.276367 0.414551 0.014648 0.075195
0 0.404541 0.424316 0.007324 0.141602
0 0.479980 0.403320 0.008789 0.087891
0 0.387207 0.422363 0.016602 0.149414
0 0.393066 0.428223 0.025391 0.155273
0 0.424072 0.432617 0.011230 0.146484
0 0.412598 0.428223 0.029297 0.168945
0 0.433350 0.424805 0.023926 0.173828
0 0.470947 0.433105 0.017090 0.141602
0 0.458496 0.426758 0.039062 0.171875
0 0.494629 0.425293 0.033203 0.153320
0 0.369385 0.431641 0.039551 0.152344
0 0.541016 0.420410 0.048828 0.188477
1 0.639404 0.428711 0.160645 0.099609
2 0.108398 0.423828 0.019531 0.037109