0 0.712158 0.383789 0.019043 0.105469
0 0.727539 0.431641 0.029297 0.244141
0 0.744385 0.422852 0.035645 0.285156
0 0.678223 0.386230 0.012695 0.063477
0 0.668457 0.384766 0.012695 0.070312
0 0.655762 0.386719 0.010742 0.066406
0 0.645264 0.390137 0.013184 0.063477
1 0.531494 0.402344 0.005371 0.031250
1 0.535156 0.401855 0.008789 0.030273
1 0.544678 0.400391 0.020020 0.033203
1 0.575439 0.390625 0.068848 0.062500
1 0.570068 0.406250 0.023926 0.050781
1 0.522461 0.390625 0.009766 0.013672
1 0.492920 0.392578 0.015137 0.013672
1 0.506836 0.403320 0.020508 0.029297
1 0.424316 0.391602 0.010742 0.019531
1 0.432129 0.397949 0.017578 0.024414
1 0.412842 0.405762 0.016113 0.024414
1 0.392090 0.407227 0.009766 0.021484
1 0.373047 0.389648 0.024414 0.015625
1 0.381348 0.406738 0.016602 0.030273
1 0.342773 0.401855 0.036133 0.049805
1 0.364990 0.412109 0.020020 0.031250
1 0.342041 0.416504 0.023926 0.036133
1 0.312256 0.409180 0.041504 0.046875
1 0.266846 0.413574 0.056152 0.053711
1 0.242432 0.402832 0.016113 0.012695
1 0.264160 0.426758 0.057617 0.050781
1 0.222900 0.424316 0.034668 0.061523
1 0.206299 0.435059 0.013184 0.047852
1 0.148438 0.407715 0.116211 0.092773
1 0.139404 0.431641 0.073730 0.050781
1 0.055908 0.432129 0.100098 0.077148