0 0.023682 0.397461 0.016113 0.048828
0 0.049072 0.382324 0.011230 0.018555
0 0.161133 0.402832 0.007812 0.032227
0 0.378418 0.398438 0.015625 0.068359
0 0.417969 0.395996 0.006836 0.045898
0 0.427734 0.404785 0.008789 0.032227
0 0.543701 0.379883 0.007324 0.044922
0 0.621582 0.371582 0.005859 0.040039
0 0.627930 0.370605 0.005859 0.043945
0 0.636963 0.361328 0.008301 0.027344
0 0.673340 0.370117 0.007812 0.042969
0 0.691650 0.354004 0.006348 0.012695
1 0.189697 0.439453 0.083496 0.130859
1 0.077148 0.458008 0.148438 0.154297
1 0.351807 0.382324 0.027832 0.043945
1 0.266357 0.471191 0.218262 0.229492
1 0.453857 0.395996 0.049316 0.055664
1 0.525391 0.378906 0.049805 0.042969
1 0.700684 0.383301 0.051758 0.055664
1 0.749268 0.360352 0.051270 0.123047
1 0.495117 0.413574 0.083008 0.096680