0 0.335693 0.398926 0.005371 0.014648
0 0.102295 0.431641 0.009277 0.046875
0 0.087646 0.427734 0.014160 0.068359
0 0.807373 0.358398 0.020020 0.029297
0 0.906494 0.374023 0.024902 0.148438
0 0.928223 0.366211 0.018555 0.167969
0 0.726074 0.380371 0.014648 0.073242
1 0.380127 0.382324 0.008301 0.010742
1 0.197266 0.428711 0.044922 0.041016
1 0.093506 0.443359 0.022949 0.025391
1 0.155029 0.430664 0.046387 0.076172
1 0.023193 0.587891 0.040527 0.371094
1 0.607178 0.384277 0.020020 0.028320
1 0.465332 0.400879 0.030273 0.047852
2 0.375488 0.408691 0.007812 0.018555
2 0.232666 0.437012 0.039551 0.045898
3 0.350830 0.404297 0.006348 0.015625