0 0.661377 0.400879 0.006348 0.024414
0 0.323486 0.414062 0.008301 0.027344
0 0.329590 0.417969 0.016602 0.039062
0 0.311035 0.409668 0.009766 0.045898
0 0.302002 0.408203 0.014160 0.044922
0 0.282959 0.441895 0.009277 0.022461
0 0.274170 0.435059 0.022949 0.057617
0 0.229004 0.443848 0.032227 0.086914
0 0.191895 0.427734 0.020508 0.044922
0 0.207031 0.418457 0.013672 0.040039
0 0.110596 0.372070 0.036621 0.130859
0 0.015625 0.423340 0.025391 0.194336
0 0.087158 0.350098 0.085449 0.174805
0 0.674072 0.399414 0.010254 0.027344
0 0.495361 0.472168 0.048340 0.211914
0 0.584961 0.439941 0.028320 0.133789
0 0.760254 0.436523 0.032227 0.060547
0 0.792480 0.436523 0.031250 0.070312
0 0.863037 0.445312 0.021973 0.142578
0 0.844727 0.444824 0.021484 0.143555
0 0.899902 0.423340 0.032227 0.143555
1 0.516357 0.418945 0.020020 0.027344
1 0.534424 0.409180 0.015137 0.041016
1 0.533203 0.413086 0.009766 0.033203
1 0.533691 0.423340 0.007812 0.030273
1 0.547607 0.416992 0.023926 0.060547
1 0.549561 0.426270 0.015137 0.055664
1 0.599609 0.416992 0.090820 0.070312
1 0.570312 0.449219 0.014648 0.072266
1 0.600830 0.451172 0.069824 0.089844
1 0.478516 0.416016 0.005859 0.021484
1 0.481201 0.420898 0.007324 0.037109
1 0.448242 0.411621 0.029297 0.061523
1 0.438965 0.423828 0.023438 0.046875
1 0.432373 0.429688 0.017090 0.048828
1 0.425781 0.431641 0.017578 0.056641
1 0.362305 0.447266 0.062500 0.087891
1 0.039795 0.667480 0.073730 0.420898
1 0.925049 0.588379 0.144043 0.461914
2 0.191406 0.521973 0.124023 0.270508
2 0.026855 0.452148 0.047852 0.078125
2 0.125000 0.590332 0.164062 0.268555
3 0.689453 0.444336 0.067383 0.105469