0 0.459961 0.391113 0.006836 0.028320
0 0.447021 0.390137 0.005371 0.034180
0 0.877441 0.372559 0.005859 0.012695
0 0.884277 0.373047 0.004883 0.011719
0 0.889404 0.374023 0.005371 0.009766
0 0.905762 0.373047 0.004883 0.009766
0 0.609375 0.404297 0.012695 0.070312
1 0.531982 0.355469 0.007324 0.009766
1 0.521973 0.357910 0.006836 0.010742
1 0.511963 0.360352 0.008301 0.009766
1 0.507324 0.361328 0.005859 0.009766
1 0.500244 0.360840 0.008301 0.010742
1 0.501221 0.367188 0.009277 0.015625
1 0.491211 0.360352 0.008789 0.009766
1 0.491943 0.369141 0.011230 0.015625
1 0.473633 0.369141 0.011719 0.015625
1 0.483398 0.375000 0.014648 0.019531
1 0.485107 0.382324 0.016113 0.024414
1 0.508057 0.379883 0.012207 0.019531
1 0.463135 0.380859 0.014160 0.019531
1 0.536621 0.372070 0.030273 0.021484
1 0.422607 0.381348 0.017090 0.020508
1 0.672607 0.340332 0.024902 0.010742
1 0.838623 0.363281 0.044434 0.033203
1 0.960938 0.507812 0.059570 0.033203
1 0.368652 0.411133 0.058594 0.097656
2 0.543213 0.446289 0.007324 0.072266
2 0.593018 0.469727 0.012207 0.101562
2 0.567627 0.483887 0.018066 0.124023