0 0.215820 0.215820 0.005859 0.009766
0 0.283691 0.211426 0.004883 0.010742
0 0.221680 0.212891 0.006836 0.015625
0 0.253662 0.213867 0.006348 0.009766
0 0.554443 0.393555 0.005371 0.021484
0 0.324463 0.203613 0.011230 0.022461
0 0.400635 0.206055 0.007324 0.013672
0 0.407227 0.206543 0.006836 0.012695
0 0.468506 0.202637 0.008301 0.018555
0 0.532959 0.206055 0.008301 0.011719
0 0.478027 0.204590 0.006836 0.014648
0 0.492188 0.205078 0.011719 0.013672
0 0.506836 0.203125 0.010742 0.017578
0 0.606934 0.206543 0.008789 0.010742
0 0.615234 0.205566 0.005859 0.012695
0 0.564209 0.205078 0.008301 0.013672
0 0.544434 0.203125 0.009766 0.017578
0 0.163818 0.218262 0.007324 0.012695
0 0.635498 0.379395 0.005371 0.014648
0 0.641846 0.379883 0.007324 0.017578
0 0.691650 0.375000 0.007324 0.011719
0 0.706543 0.373047 0.007812 0.013672
0 0.674072 0.378418 0.012207 0.020508
1 0.347900 0.404297 0.007324 0.025391
1 0.354004 0.408691 0.009766 0.022461
1 0.320068 0.423828 0.014160 0.029297
1 0.427246 0.405762 0.012695 0.020508
1 0.437012 0.405762 0.006836 0.022461
1 0.366943 0.424316 0.030762 0.040039
1 0.450684 0.402344 0.022461 0.033203
1 0.462402 0.407715 0.016602 0.024414
1 0.479248 0.401367 0.011230 0.027344
1 0.489258 0.401855 0.015625 0.032227
1 0.492920 0.406738 0.020996 0.034180
1 0.509766 0.401367 0.017578 0.023438
1 0.530518 0.388672 0.018066 0.015625
1 0.529541 0.408691 0.023926 0.036133
1 0.401855 0.414551 0.021484 0.028320
1 0.621338 0.412109 0.037598 0.052734
1 0.626709 0.416504 0.015137 0.049805
1 0.642578 0.418945 0.038086 0.060547
1 0.660889 0.423828 0.023926 0.068359
1 0.680664 0.423340 0.039062 0.083008
1 0.708008 0.424316 0.044922 0.088867
1 0.726074 0.433594 0.058594 0.107422