0 0.071289 0.415039 0.010742 0.019531
0 0.986572 0.394043 0.020996 0.139648
0 0.964844 0.389648 0.031250 0.150391
0 0.913330 0.413574 0.015137 0.073242
0 0.696777 0.399902 0.006836 0.026367
0 0.388672 0.420410 0.005859 0.016602
0 0.372314 0.428711 0.008301 0.037109
0 0.379395 0.431641 0.005859 0.031250
1 0.354248 0.437500 0.024902 0.033203
1 0.324463 0.436035 0.034668 0.051758
1 0.299561 0.441406 0.024902 0.044922
1 0.280029 0.446289 0.029785 0.041016
1 0.246826 0.446777 0.056152 0.051758
1 0.206787 0.441406 0.042480 0.070312
1 0.192871 0.452148 0.019531 0.048828
1 0.148926 0.438965 0.083008 0.075195
1 0.142578 0.449219 0.051758 0.060547
1 0.113281 0.452637 0.057617 0.063477
1 0.078857 0.456543 0.060059 0.065430
1 0.026855 0.456055 0.047852 0.085938
1 0.642334 0.405762 0.019043 0.038086
1 0.614502 0.410645 0.036621 0.057617
1 0.544678 0.412109 0.007324 0.031250
2 0.751709 0.418457 0.013184 0.053711
2 0.770020 0.425293 0.006836 0.063477
2 0.789795 0.431641 0.023926 0.083984
2 0.614990 0.402832 0.037598 0.047852