0 0.049561 0.415527 0.014160 0.028320
0 0.113525 0.407715 0.009277 0.038086
0 0.106445 0.407715 0.018555 0.038086
0 0.128662 0.448730 0.012207 0.104492
0 0.144287 0.447266 0.027832 0.166016
0 0.193115 0.453125 0.014160 0.134766
0 0.169922 0.467773 0.009766 0.105469
0 0.181396 0.461426 0.024902 0.145508
0 0.209229 0.450684 0.028809 0.166992
0 0.015381 0.441895 0.017090 0.092773
0 0.280273 0.442383 0.013672 0.138672
0 0.270752 0.451660 0.020020 0.180664
0 0.261230 0.457520 0.027344 0.174805
0 0.233398 0.456543 0.028320 0.174805
0 0.290283 0.455078 0.017090 0.144531
0 0.355713 0.459473 0.022949 0.069336
0 0.334717 0.442871 0.017090 0.108398
0 0.302979 0.457031 0.023926 0.191406
0 0.320068 0.458984 0.020996 0.185547
0 0.479248 0.430664 0.012207 0.099609
0 0.432129 0.425781 0.010742 0.080078
0 0.392822 0.468750 0.035645 0.197266
0 0.443359 0.433105 0.019531 0.104492
0 0.430420 0.459961 0.017090 0.164062
0 0.420898 0.468750 0.033203 0.199219
0 0.463623 0.456543 0.024902 0.174805
0 0.517334 0.395996 0.006348 0.016602
0 0.521240 0.441895 0.010254 0.096680
0 0.510010 0.450195 0.022949 0.113281
0 0.554688 0.446289 0.018555 0.126953
0 0.534180 0.480469 0.020508 0.058594
0 0.540527 0.444824 0.038086 0.145508
0 0.590088 0.424316 0.008301 0.098633
0 0.571289 0.453613 0.041992 0.219727
0 0.653076 0.424805 0.008301 0.083984
0 0.643311 0.427246 0.012207 0.088867
0 0.630371 0.426270 0.018555 0.092773
0 0.604248 0.468750 0.044434 0.236328
0 0.688232 0.382812 0.012207 0.037109
0 0.678955 0.469727 0.019043 0.185547
0 0.773193 0.457031 0.022949 0.212891
0 0.667725 0.460938 0.048340 0.257812
0 0.950195 0.464844 0.068359 0.253906
0 0.710449 0.454102 0.043945 0.287109
0 0.745117 0.468262 0.046875 0.264648
0 0.796631 0.453125 0.037598 0.214844
3 0.160645 0.475586 0.010742 0.056641