0 0.098877 0.343262 0.013184 0.041992
0 0.555664 0.356445 0.008789 0.042969
0 0.715820 0.334961 0.010742 0.031250
0 0.735596 0.340820 0.016113 0.031250
0 0.738770 0.335938 0.004883 0.013672
0 0.746338 0.335449 0.009277 0.034180
0 0.681641 0.341309 0.017578 0.086914
0 0.707031 0.344238 0.009766 0.038086
0 0.702637 0.362793 0.025391 0.077148
0 0.719971 0.353516 0.021973 0.050781
0 0.753418 0.351562 0.015625 0.031250
0 0.782471 0.336914 0.016113 0.023438
0 0.748291 0.375488 0.028809 0.084961
0 0.769043 0.374512 0.021484 0.083008
0 0.833008 0.336426 0.012695 0.016602
0 0.824219 0.334961 0.004883 0.019531
0 0.802490 0.374512 0.024902 0.084961
0 0.820557 0.357910 0.022949 0.059570
0 0.848389 0.350586 0.020996 0.021484
0 0.848145 0.361328 0.018555 0.060547
0 0.887451 0.346191 0.015137 0.049805
0 0.900879 0.347168 0.018555 0.049805
0 0.902100 0.375977 0.015137 0.083984
0 0.915039 0.354980 0.022461 0.045898
0 0.986572 0.354980 0.012207 0.030273
0 0.157715 0.368652 0.005859 0.018555
0 0.637451 0.368652 0.038574 0.135742
0 0.006348 0.388184 0.006836 0.143555
0 0.048340 0.361328 0.011719 0.050781
0 0.040039 0.360352 0.020508 0.048828
0 0.080078 0.325195 0.006836 0.039062
0 0.146973 0.403320 0.028320 0.066406
0 0.078369 0.370605 0.009277 0.061523
0 0.133057 0.320801 0.019043 0.049805
0 0.136475 0.336914 0.010254 0.017578
0 0.126953 0.344238 0.010742 0.030273
0 0.117920 0.353027 0.016113 0.043945
0 0.106445 0.350586 0.009766 0.017578
0 0.016357 0.396484 0.026855 0.205078
0 0.090332 0.397461 0.030273 0.105469
0 0.065918 0.378418 0.025391 0.168945
0 0.123291 0.401367 0.024902 0.076172
0 0.258789 0.358887 0.008789 0.071289
0 0.250977 0.359863 0.012695 0.071289
0 0.283203 0.346191 0.019531 0.106445
0 0.186035 0.369629 0.024414 0.165039
0 0.146729 0.372070 0.038574 0.158203
0 0.243408 0.327637 0.010254 0.081055
0 0.231201 0.360352 0.030762 0.142578
0 0.271484 0.368164 0.020508 0.126953
0 0.434082 0.350586 0.010742 0.048828
0 0.535889 0.367676 0.031738 0.141602
0 0.480713 0.368652 0.027832 0.151367