0 0.518555 0.410645 0.018555 0.106445
0 0.533936 0.416504 0.027832 0.110352
0 0.551514 0.410645 0.018066 0.112305
0 0.058105 0.402832 0.023438 0.061523
1 0.491455 0.356445 0.010254 0.015625
1 0.483398 0.360840 0.011719 0.016602
1 0.497803 0.358887 0.006348 0.012695
1 0.546875 0.360840 0.009766 0.016602
1 0.538086 0.367188 0.013672 0.019531
1 0.560303 0.366699 0.005371 0.018555
1 0.573486 0.384766 0.017090 0.039062
1 0.578857 0.388672 0.020020 0.044922
1 0.584473 0.395508 0.018555 0.056641
1 0.624512 0.368164 0.010742 0.027344
1 0.605957 0.398926 0.044922 0.061523
1 0.641602 0.367676 0.014648 0.047852
1 0.671875 0.369629 0.052734 0.053711
1 0.683105 0.374512 0.047852 0.040039
1 0.688721 0.381348 0.021973 0.045898
1 0.699463 0.374512 0.027832 0.036133
1 0.735596 0.391113 0.050293 0.065430
1 0.742188 0.396484 0.030273 0.060547
1 0.458496 0.361816 0.025391 0.055664
1 0.453613 0.379395 0.017578 0.034180
1 0.449463 0.384277 0.015137 0.036133
1 0.428467 0.382324 0.026855 0.059570
1 0.416748 0.388184 0.035645 0.057617
2 0.993164 0.410156 0.007812 0.126953
2 0.188232 0.479980 0.018066 0.041992
2 0.114502 0.455566 0.023926 0.071289