0 0.509277 0.356934 0.009766 0.012695
0 0.628662 0.419922 0.031738 0.175781
0 0.791992 0.352051 0.022461 0.081055
0 0.769531 0.371094 0.041016 0.103516
0 0.832764 0.315918 0.020020 0.041992
0 0.649658 0.407715 0.030762 0.223633
0 0.583008 0.413574 0.048828 0.198242
0 0.530029 0.423340 0.049316 0.198242
0 0.462158 0.378418 0.015137 0.053711
0 0.286133 0.423828 0.037109 0.187500
0 0.265869 0.420410 0.023926 0.174805
0 0.290527 0.427734 0.043945 0.189453
1 0.494141 0.369629 0.023438 0.026367
1 0.548096 0.366211 0.027832 0.025391
1 0.565918 0.360840 0.009766 0.014648
1 0.560303 0.377930 0.024902 0.033203
1 0.758301 0.377441 0.062500 0.067383
1 0.511963 0.390137 0.074707 0.051758
1 0.344482 0.372559 0.032715 0.038086
1 0.223877 0.387207 0.046387 0.014648
1 0.872803 0.485352 0.248535 0.390625
1 0.366455 0.397461 0.099121 0.060547
2 0.568115 0.394043 0.008301 0.032227
2 0.609863 0.384277 0.008789 0.024414
2 0.605225 0.392578 0.008301 0.035156
2 0.614258 0.394531 0.007812 0.033203
2 0.669189 0.392578 0.015137 0.031250
2 0.426025 0.393555 0.025879 0.041016