1 0.464111 0.385254 0.018066 0.018555
1 0.574951 0.391602 0.022949 0.013672
1 0.132568 0.425781 0.160645 0.189453
1 0.045898 0.448242 0.085938 0.214844
1 0.477783 0.383789 0.010254 0.019531
1 0.558594 0.393555 0.008789 0.009766
1 0.539307 0.388672 0.015137 0.015625
1 0.635986 0.410645 0.032715 0.032227
1 0.645264 0.415527 0.030762 0.034180
1 0.650146 0.419434 0.013184 0.032227
1 0.678711 0.412109 0.057617 0.058594
1 0.699707 0.416016 0.070312 0.060547
1 0.731934 0.421875 0.069336 0.087891
1 0.775635 0.421875 0.136230 0.097656
1 0.809082 0.432129 0.081055 0.102539
1 0.836182 0.440918 0.125488 0.122070
1 0.892334 0.447754 0.178223 0.143555
1 0.922852 0.460938 0.148438 0.156250
1 0.975830 0.501953 0.042480 0.136719
1 0.361084 0.400391 0.058105 0.091797
1 0.506592 0.385254 0.012207 0.018555
1 0.486816 0.385742 0.013672 0.019531
1 0.498535 0.390625 0.013672 0.025391
3 0.523926 0.436035 0.027344 0.073242