0 0.636719 0.363281 0.006836 0.027344
0 0.607422 0.386719 0.007812 0.029297
0 0.623779 0.395020 0.006348 0.047852
0 0.629150 0.381836 0.015137 0.062500
0 0.619385 0.393066 0.011230 0.053711
0 0.614746 0.395020 0.009766 0.047852
0 0.689453 0.339355 0.005859 0.012695
0 0.695557 0.340332 0.007324 0.012695
0 0.705811 0.342285 0.006348 0.010742
0 0.728027 0.336426 0.006836 0.012695
0 0.820557 0.301758 0.017090 0.031250
0 0.976807 0.290039 0.019043 0.031250
0 0.519043 0.394043 0.010742 0.071289
0 0.516602 0.391113 0.022461 0.083008
0 0.498291 0.400879 0.008301 0.049805
0 0.508057 0.395996 0.014160 0.077148
0 0.427002 0.402832 0.006348 0.041992
0 0.418701 0.390625 0.015137 0.050781
0 0.432861 0.402344 0.013184 0.074219
0 0.473633 0.392578 0.011719 0.087891
0 0.486328 0.395996 0.019531 0.096680
0 0.463379 0.397949 0.014648 0.079102
0 0.458008 0.401855 0.019531 0.075195
0 0.223633 0.372070 0.015625 0.023438
0 0.188232 0.378418 0.008301 0.018555
0 0.200195 0.383789 0.014648 0.035156
0 0.107178 0.505371 0.080566 0.440430
0 0.056885 0.533203 0.062012 0.464844
1 0.640137 0.405273 0.026367 0.097656
1 0.669678 0.409668 0.065918 0.127930
1 0.702637 0.419922 0.047852 0.152344
1 0.758301 0.426270 0.115234 0.217773
1 0.860107 0.468750 0.224121 0.341797
1 0.945312 0.497559 0.103516 0.471680
1 0.516602 0.400879 0.041992 0.043945
1 0.570557 0.418945 0.088379 0.128906
1 0.471191 0.395996 0.049805 0.069336
1 0.382324 0.422363 0.032227 0.108398
1 0.339111 0.433105 0.084473 0.135742
1 0.258057 0.464355 0.123535 0.172852
1 0.110352 0.500000 0.214844 0.265625
2 0.413330 0.427246 0.025879 0.053711