0 0.263184 0.378418 0.007812 0.047852
0 0.292480 0.361816 0.008789 0.034180
0 0.166504 0.370117 0.009766 0.017578
0 0.152100 0.368164 0.005371 0.021484
0 0.640137 0.400879 0.007812 0.084961
0 0.588135 0.379883 0.010254 0.066406
0 0.610352 0.394043 0.016602 0.104492
0 0.599121 0.393066 0.023438 0.122070
0 0.677490 0.388184 0.018066 0.141602
0 0.656738 0.397949 0.030273 0.122070
0 0.654297 0.392578 0.022461 0.140625
0 0.714111 0.398438 0.028809 0.126953
0 0.690674 0.393066 0.028809 0.143555
0 0.627441 0.395508 0.021484 0.119141
0 0.305420 0.389648 0.010254 0.068359
0 0.336426 0.390625 0.016602 0.068359
0 0.361328 0.369629 0.005859 0.018555
0 0.543457 0.383301 0.011719 0.079102
0 0.521973 0.391602 0.011719 0.082031
0 0.543213 0.388184 0.011230 0.083008
0 0.532715 0.395020 0.016602 0.083008
0 0.533203 0.400879 0.017578 0.086914
0 0.560791 0.390625 0.012207 0.068359
0 0.551270 0.393066 0.016602 0.073242
0 0.567383 0.384277 0.006836 0.077148
0 0.571777 0.388672 0.009766 0.091797
0 0.407471 0.385742 0.006348 0.058594
0 0.414062 0.384277 0.011719 0.061523
0 0.349609 0.363281 0.004883 0.031250
0 0.353516 0.363281 0.006836 0.031250
0 0.401855 0.385742 0.010742 0.078125
0 0.384033 0.376465 0.008301 0.059570
0 0.388184 0.375488 0.009766 0.055664
0 0.375488 0.384766 0.010742 0.076172
0 0.195068 0.382812 0.009277 0.056641
0 0.181396 0.368652 0.005371 0.028320
0 0.173828 0.388184 0.009766 0.061523
0 0.179199 0.387695 0.007812 0.064453
0 0.257080 0.386719 0.009277 0.066406
0 0.250244 0.385742 0.008301 0.074219
0 0.245361 0.387207 0.010254 0.073242
0 0.229004 0.357910 0.006836 0.018555
0 0.233643 0.388672 0.013184 0.062500
0 0.211182 0.379395 0.007324 0.041992
0 0.218750 0.387695 0.011719 0.070312
0 0.208984 0.387695 0.017578 0.074219
1 0.940674 0.412109 0.112793 0.082031
1 0.070068 0.389648 0.036621 0.048828
2 0.641357 0.421875 0.022949 0.056641
2 0.386230 0.413574 0.012695 0.034180
2 0.146240 0.408691 0.007324 0.032227
3 0.360107 0.417969 0.017090 0.042969