0 0.638672 0.395996 0.025391 0.122070
0 0.524170 0.400879 0.020996 0.131836
0 0.539062 0.445801 0.028320 0.051758
0 0.547852 0.398438 0.040039 0.167969
0 0.586670 0.400879 0.023926 0.137695
0 0.575684 0.395020 0.040039 0.161133
0 0.559326 0.398438 0.041504 0.169922
0 0.414551 0.397461 0.022461 0.130859
0 0.424072 0.403320 0.019043 0.121094
0 0.446289 0.426270 0.013672 0.098633
0 0.435303 0.400391 0.040527 0.156250
0 0.387451 0.393066 0.006348 0.106445
0 0.315186 0.368652 0.005371 0.067383
0 0.063721 0.394531 0.010254 0.050781
0 0.216797 0.411621 0.026367 0.141602
0 0.220215 0.417969 0.030273 0.128906
0 0.104004 0.416992 0.029297 0.136719
0 0.023926 0.422363 0.041992 0.147461
0 0.667480 0.399414 0.026367 0.156250
0 0.486572 0.404785 0.039551 0.155273
1 0.143066 0.397461 0.035156 0.033203
1 0.502930 0.383789 0.011719 0.023438
1 0.513916 0.393555 0.024902 0.046875
1 0.600342 0.392090 0.012207 0.043945
1 0.788330 0.364746 0.009277 0.016602
1 0.840088 0.403809 0.105957 0.194336
1 0.928711 0.402832 0.136719 0.288086
1 0.614502 0.381348 0.015137 0.018555
1 0.601562 0.387695 0.015625 0.039062
1 0.397705 0.385254 0.011230 0.020508
1 0.731445 0.423340 0.130859 0.204102
2 0.179443 0.438477 0.059082 0.068359