0 0.114258 0.340820 0.005859 0.017578
0 0.492676 0.155762 0.006836 0.012695
0 0.119629 0.342773 0.004883 0.025391
0 0.180420 0.344238 0.006348 0.028320
0 0.188232 0.345215 0.006348 0.024414
0 0.194824 0.348145 0.005859 0.020508
0 0.146240 0.423828 0.039551 0.140625
0 0.202393 0.402832 0.020996 0.086914
0 0.244141 0.437012 0.023438 0.139648
0 0.242920 0.441406 0.020020 0.142578
0 0.166016 0.456055 0.040039 0.103516
0 0.422607 0.392578 0.005371 0.009766
0 0.842529 0.416016 0.017090 0.113281
1 0.118896 0.424805 0.028809 0.046875
1 0.175537 0.408691 0.035645 0.034180
1 0.557861 0.396484 0.011230 0.015625
1 0.515869 0.432617 0.048340 0.068359
1 0.964111 0.469727 0.065918 0.388672
1 0.608154 0.392090 0.009277 0.016602
1 0.599609 0.402832 0.015625 0.034180
1 0.597656 0.407715 0.015625 0.024414
1 0.649170 0.393066 0.012207 0.020508
1 0.631104 0.397461 0.010254 0.017578
1 0.638184 0.399902 0.013672 0.018555
1 0.655762 0.395020 0.012695 0.024414
1 0.664795 0.398438 0.015137 0.019531
1 0.732178 0.405762 0.060059 0.139648
1 0.750977 0.414551 0.087891 0.153320
3 0.331787 0.434570 0.027832 0.064453
3 0.803223 0.438965 0.058594 0.110352