0 0.893555 0.428711 0.006836 0.015625
0 0.867920 0.428711 0.010254 0.037109
0 0.881104 0.437500 0.025879 0.058594
0 0.707764 0.453613 0.022949 0.053711
0 0.712402 0.431641 0.013672 0.042969
0 0.646484 0.452637 0.004883 0.043945
0 0.770508 0.430664 0.027344 0.171875
0 0.591309 0.440430 0.005859 0.070312
0 0.606201 0.444824 0.011230 0.084961
0 0.595947 0.447754 0.015137 0.084961
0 0.947510 0.438965 0.044434 0.180664
0 0.914551 0.430176 0.035156 0.194336
0 0.665771 0.426758 0.046387 0.187500
0 0.663818 0.441895 0.028809 0.159180
0 0.581787 0.430664 0.006348 0.046875
0 0.694336 0.431641 0.030273 0.181641
0 0.557617 0.442383 0.007812 0.089844
0 0.633545 0.415527 0.028809 0.208008
0 0.572510 0.422363 0.036621 0.170898
0 0.468018 0.409180 0.011230 0.037109
0 0.489258 0.430176 0.025391 0.163086
0 0.514648 0.429199 0.032227 0.178711
0 0.567139 0.432617 0.024902 0.175781
0 0.543945 0.431641 0.028320 0.171875
0 0.300293 0.409180 0.004883 0.019531
0 0.289551 0.413574 0.008789 0.026367
0 0.305176 0.409668 0.011719 0.018555
0 0.296143 0.413574 0.006348 0.016602
0 0.280518 0.410645 0.009277 0.030273
0 0.273193 0.419922 0.006348 0.025391
0 0.265869 0.414551 0.018066 0.043945
0 0.104980 0.405762 0.009766 0.032227
0 0.123291 0.398926 0.010254 0.030273
0 0.111816 0.406738 0.012695 0.026367
0 0.768066 0.372559 0.007812 0.012695
1 0.504395 0.432617 0.081055 0.142578
1 0.362061 0.424316 0.177246 0.157227
1 0.052246 0.444824 0.098633 0.102539
1 0.174072 0.441895 0.189941 0.118164
2 0.451172 0.468262 0.026367 0.061523
2 0.277832 0.462402 0.026367 0.067383