0 0.843994 0.372559 0.005371 0.010742
0 0.851562 0.392578 0.006836 0.041016
0 0.873779 0.391602 0.007324 0.048828
0 0.866699 0.398438 0.007812 0.046875
0 0.929932 0.388672 0.008301 0.054688
0 0.935303 0.399414 0.009277 0.060547
0 0.893311 0.406250 0.017090 0.083984
0 0.910889 0.406250 0.015137 0.083984
0 0.922852 0.396973 0.012695 0.065430
0 0.948975 0.361816 0.008301 0.014648
0 0.943359 0.401367 0.011719 0.085938
0 0.959717 0.402832 0.009277 0.088867
0 0.956787 0.413086 0.020020 0.125000
0 0.972168 0.415039 0.019531 0.121094
0 0.990479 0.429688 0.013184 0.156250
0 0.765137 0.443359 0.039062 0.158203
0 0.784180 0.433594 0.029297 0.185547
0 0.734863 0.392090 0.006836 0.034180
0 0.716797 0.394531 0.004883 0.029297
0 0.443604 0.397461 0.009277 0.017578
0 0.380615 0.402832 0.006348 0.012695
0 0.369141 0.411621 0.006836 0.024414
0 0.353271 0.419434 0.009277 0.045898
0 0.345215 0.422363 0.006836 0.047852
0 0.325439 0.422852 0.007324 0.041016
0 0.332275 0.419434 0.008301 0.041992
0 0.305420 0.423340 0.009277 0.055664
0 0.298828 0.436035 0.013672 0.073242
0 0.284668 0.437500 0.013672 0.070312
0 0.255371 0.428223 0.008789 0.057617
0 0.158203 0.444336 0.007812 0.068359
0 0.214111 0.419434 0.005371 0.030273
0 0.219482 0.420410 0.008301 0.040039
0 0.209229 0.425293 0.007324 0.047852
0 0.204834 0.426758 0.010254 0.050781
0 0.104736 0.450195 0.012207 0.082031
0 0.129883 0.458984 0.010742 0.083984
0 0.143311 0.465332 0.027832 0.131836
0 0.162109 0.446289 0.010742 0.064453
0 0.116211 0.469238 0.025391 0.133789
0 0.082520 0.450684 0.020508 0.110352
0 0.045654 0.439941 0.015137 0.075195
0 0.037109 0.463379 0.015625 0.112305
0 0.021484 0.463867 0.018555 0.119141
0 0.059814 0.491211 0.034668 0.173828
1 0.754639 0.398926 0.025879 0.041992
1 0.763184 0.401855 0.009766 0.040039
1 0.822754 0.413086 0.056641 0.070312
1 0.704590 0.392578 0.010742 0.017578
1 0.681396 0.395996 0.014160 0.014648
1 0.647949 0.394043 0.007812 0.012695
1 0.658203 0.400879 0.016602 0.024414
1 0.481934 0.431152 0.045898 0.081055
1 0.518311 0.441895 0.045410 0.102539
1 0.451660 0.444824 0.045898 0.081055
1 0.395264 0.462402 0.101074 0.141602
1 0.587646 0.513672 0.178223 0.267578
2 0.702148 0.406738 0.004883 0.012695
2 0.178711 0.450195 0.006836 0.033203
2 0.231934 0.466309 0.019531 0.065430
2 0.060791 0.488281 0.057129 0.033203