0 0.207275 0.368164 0.011230 0.048828
0 0.262939 0.395996 0.008301 0.081055
0 0.269775 0.380859 0.009277 0.042969
0 0.556152 0.417480 0.016602 0.073242
0 0.672607 0.405273 0.017090 0.070312
0 0.990723 0.300293 0.012695 0.030273
0 0.255127 0.397949 0.014160 0.077148
0 0.287598 0.416992 0.024414 0.125000
1 0.406250 0.418945 0.017578 0.056641
1 0.396484 0.419434 0.016602 0.061523
1 0.385986 0.420410 0.020996 0.069336
1 0.357910 0.416504 0.045898 0.090820
1 0.453857 0.418945 0.041504 0.058594
1 0.478760 0.410156 0.008301 0.025391
1 0.484131 0.410156 0.011230 0.027344
1 0.507324 0.412598 0.018555 0.032227
1 0.517822 0.413086 0.013184 0.035156
1 0.527100 0.413574 0.016113 0.043945
1 0.535889 0.413574 0.019043 0.043945
1 0.544678 0.415527 0.013184 0.047852
1 0.555176 0.411621 0.017578 0.069336
1 0.065186 0.464844 0.124512 0.236328
1 0.589111 0.408691 0.051270 0.100586
1 0.754395 0.463867 0.126953 0.218750
1 0.877197 0.484863 0.239746 0.346680
1 0.949951 0.589844 0.094238 0.322266
2 0.637451 0.438477 0.057129 0.056641
2 0.693604 0.419434 0.019043 0.032227
2 0.679199 0.458496 0.043945 0.098633