0 0.873779 0.330078 0.022949 0.054688
0 0.893799 0.328125 0.019043 0.060547
0 0.967773 0.354980 0.020508 0.127930
0 0.901611 0.362305 0.027832 0.134766
0 0.987549 0.355957 0.019043 0.270508
0 0.254150 0.360840 0.012207 0.028320
0 0.596436 0.427734 0.073730 0.406250
0 0.552246 0.459473 0.106445 0.368164
0 0.242432 0.366211 0.006348 0.013672
0 0.331787 0.452148 0.096191 0.408203
0 0.386230 0.439941 0.086914 0.459961
1 0.667236 0.373047 0.016113 0.027344
1 0.653809 0.367188 0.013672 0.029297
1 0.628662 0.373535 0.014160 0.028320
1 0.643799 0.377930 0.023926 0.035156
1 0.684570 0.375977 0.004883 0.052734
1 0.726807 0.375000 0.084473 0.160156
1 0.739990 0.408203 0.084473 0.144531
1 0.800049 0.430176 0.148926 0.188477
1 0.564209 0.388184 0.008301 0.053711
1 0.505371 0.394043 0.028320 0.051758
1 0.485596 0.396484 0.024902 0.060547
1 0.453857 0.394043 0.055176 0.100586
1 0.425781 0.362793 0.032227 0.028320
1 0.365723 0.434570 0.156250 0.183594
1 0.222656 0.428711 0.087891 0.111328
1 0.259766 0.436523 0.078125 0.140625
2 0.919922 0.474121 0.100586 0.166992
2 0.847412 0.484375 0.051270 0.175781
2 0.173584 0.437012 0.034668 0.102539
2 0.119385 0.462402 0.047363 0.096680