0 0.705811 0.397949 0.012207 0.043945
0 0.748535 0.389648 0.008789 0.062500
0 0.730957 0.393555 0.011719 0.064453
0 0.724121 0.396484 0.005859 0.048828
0 0.716309 0.395020 0.016602 0.067383
0 0.741699 0.389648 0.014648 0.066406
1 0.601318 0.399902 0.019043 0.018555
1 0.643555 0.387695 0.020508 0.039062
1 0.648438 0.406250 0.020508 0.027344
1 0.576172 0.402832 0.005859 0.020508
1 0.544189 0.407715 0.015137 0.024414
1 0.553223 0.404297 0.011719 0.025391
1 0.563477 0.412598 0.030273 0.040039
1 0.510254 0.410645 0.035156 0.051758
1 0.471680 0.395996 0.033203 0.045898
1 0.439209 0.414062 0.009277 0.041016
1 0.463135 0.419434 0.048340 0.061523
1 0.423584 0.411621 0.026855 0.071289
1 0.314209 0.433594 0.113770 0.156250
1 0.155273 0.436035 0.141602 0.180664
1 0.015625 0.463379 0.025391 0.135742
3 0.402344 0.473633 0.033203 0.103516