0 0.126465 0.388184 0.006836 0.016602
0 0.168945 0.382324 0.004883 0.020508
0 0.200684 0.382812 0.007812 0.025391
0 0.207764 0.383789 0.005371 0.021484
0 0.218018 0.383789 0.005371 0.021484
0 0.213867 0.382324 0.007812 0.024414
0 0.241943 0.389648 0.005371 0.039062
0 0.237061 0.389648 0.009277 0.044922
0 0.245361 0.388184 0.006348 0.032227
0 0.267090 0.390137 0.013672 0.036133
0 0.280518 0.389648 0.013184 0.044922
0 0.291992 0.388672 0.009766 0.048828
0 0.307373 0.386230 0.008301 0.038086
0 0.303223 0.387695 0.004883 0.037109
0 0.541748 0.359863 0.009277 0.038086
0 0.542725 0.380859 0.013184 0.066406
0 0.537354 0.383301 0.019043 0.053711
0 0.556885 0.400391 0.015137 0.119141
0 0.575439 0.394043 0.011230 0.096680
0 0.567871 0.406250 0.024414 0.117188
0 0.589111 0.399414 0.019043 0.070312
0 0.603027 0.388672 0.012695 0.082031
0 0.620361 0.411621 0.025879 0.159180
0 0.615479 0.428711 0.030762 0.156250
0 0.967773 0.648926 0.014648 0.073242
0 0.800537 0.344727 0.028809 0.066406
0 0.907959 0.330566 0.012207 0.059570
0 0.898193 0.336914 0.016113 0.050781
0 0.859375 0.416992 0.040039 0.205078
0 0.686768 0.417969 0.038574 0.203125
0 0.649658 0.421387 0.038574 0.204102
0 0.968506 0.477051 0.057129 0.618164
1 0.033447 0.400391 0.017090 0.017578
1 0.103516 0.399414 0.014648 0.011719
1 0.146729 0.407715 0.035645 0.053711
1 0.157715 0.416992 0.023438 0.046875
1 0.181885 0.416016 0.038574 0.054688
1 0.211426 0.421875 0.044922 0.052734
1 0.423828 0.391602 0.118164 0.205078
1 0.494629 0.450195 0.126953 0.144531
1 0.083252 0.417969 0.025879 0.039062
1 0.114014 0.444336 0.063965 0.083984
1 0.055420 0.422852 0.034668 0.052734
2 0.279053 0.429688 0.028809 0.060547
2 0.345947 0.442383 0.016113 0.066406
2 0.356689 0.437988 0.020020 0.073242
3 0.936035 0.483887 0.029297 0.131836