0 0.012451 0.574707 0.019043 0.069336
0 0.738281 0.348145 0.015625 0.022461
0 0.915283 0.299316 0.013184 0.028320
0 0.901123 0.303223 0.018066 0.038086
0 0.935303 0.333008 0.057129 0.132812
0 0.977051 0.347656 0.023438 0.117188
0 0.992188 0.304199 0.009766 0.036133
0 0.982422 0.357910 0.029297 0.166992
1 0.631348 0.428711 0.040039 0.074219
1 0.625977 0.437500 0.027344 0.058594
1 0.606201 0.436035 0.037598 0.065430
1 0.575684 0.434570 0.048828 0.078125
1 0.531494 0.438477 0.062988 0.085938
1 0.346191 0.434082 0.147461 0.239258
1 0.957764 0.640137 0.078613 0.401367
1 0.694824 0.453613 0.099609 0.188477
1 0.844971 0.484375 0.293457 0.339844