0 0.986816 0.296387 0.020508 0.120117
0 0.830566 0.310547 0.007812 0.011719
0 0.831543 0.344727 0.009766 0.070312
0 0.715576 0.366211 0.010254 0.023438
0 0.839111 0.364746 0.034668 0.139648
0 0.783447 0.382812 0.032715 0.158203
0 0.725098 0.377930 0.011719 0.082031
0 0.743896 0.384277 0.032715 0.165039
0 0.700195 0.366699 0.005859 0.016602
0 0.647705 0.382324 0.011230 0.081055
0 0.705811 0.355469 0.008301 0.033203
0 0.689697 0.379883 0.016113 0.095703
0 0.658203 0.378418 0.012695 0.067383
0 0.620605 0.383789 0.008789 0.041016
0 0.660645 0.383301 0.009766 0.077148
0 0.673584 0.384277 0.020996 0.106445
0 0.671875 0.385742 0.009766 0.029297
0 0.632568 0.364746 0.010254 0.026367
0 0.609375 0.369141 0.010742 0.021484
0 0.598389 0.368652 0.006348 0.018555
0 0.523926 0.370117 0.005859 0.011719
0 0.454590 0.391602 0.005859 0.035156
0 0.397217 0.395508 0.007324 0.037109
0 0.352783 0.394531 0.005371 0.031250
0 0.338379 0.397461 0.005859 0.031250
0 0.331787 0.388184 0.005371 0.018555
0 0.335693 0.411621 0.006348 0.036133
0 0.329834 0.413086 0.008301 0.039062
0 0.318604 0.397461 0.006348 0.031250
0 0.304688 0.398926 0.004883 0.026367
1 0.290527 0.405273 0.015625 0.023438
1 0.289307 0.410645 0.010254 0.020508
1 0.011230 0.474121 0.016602 0.100586
1 0.083008 0.458008 0.084961 0.142578
1 0.941406 0.277832 0.101562 0.067383
1 0.609619 0.373047 0.015137 0.019531
1 0.590088 0.375977 0.018066 0.013672
1 0.584473 0.395996 0.018555 0.043945
1 0.553467 0.380371 0.020020 0.028320
1 0.538818 0.385254 0.020996 0.024414
1 0.521484 0.389648 0.023438 0.025391
1 0.410889 0.422852 0.037598 0.054688
1 0.212158 0.419434 0.187012 0.284180
2 0.847412 0.431641 0.062988 0.175781
2 0.622803 0.398926 0.016113 0.040039
3 0.312988 0.400879 0.010742 0.018555