0 0.372314 0.437988 0.035645 0.213867
0 0.789795 0.380371 0.006348 0.022461
0 0.788574 0.388672 0.007812 0.011719
0 0.796387 0.387207 0.006836 0.014648
1 0.510010 0.382812 0.006348 0.011719
1 0.476562 0.399414 0.007812 0.009766
1 0.428711 0.397949 0.012695 0.018555
1 0.327881 0.407227 0.014160 0.023438
1 0.270508 0.406250 0.037109 0.023438
1 0.302979 0.404785 0.039551 0.030273
1 0.136719 0.409180 0.026367 0.033203
1 0.178223 0.406738 0.068359 0.038086
1 0.024170 0.405273 0.042480 0.052734
1 0.620361 0.382812 0.009277 0.009766
1 0.614990 0.387207 0.008301 0.012695
1 0.659912 0.401367 0.017090 0.037109
1 0.630615 0.404297 0.021973 0.033203
2 0.981689 0.433594 0.029785 0.087891