0 0.872803 0.353027 0.007324 0.032227
0 0.911621 0.331055 0.013672 0.035156
0 0.895264 0.341797 0.015137 0.044922
0 0.877197 0.401855 0.028809 0.124023
0 0.286377 0.381348 0.007324 0.012695
0 0.727051 0.375977 0.004883 0.033203
0 0.664307 0.355957 0.007324 0.014648
0 0.631836 0.351562 0.005859 0.019531
0 0.658203 0.354980 0.004883 0.010742
0 0.619385 0.354492 0.006348 0.017578
0 0.536377 0.410645 0.017090 0.114258
0 0.558350 0.392090 0.022949 0.083008
0 0.576416 0.401855 0.015137 0.131836
0 0.474121 0.398926 0.004883 0.018555
0 0.601562 0.397949 0.015625 0.083008
0 0.614990 0.398926 0.012207 0.073242
0 0.640137 0.406250 0.017578 0.117188
0 0.614258 0.433105 0.008789 0.063477
0 0.622803 0.396973 0.018066 0.096680
0 0.829102 0.379883 0.008789 0.044922
0 0.838623 0.375977 0.011230 0.052734
0 0.818848 0.372559 0.008789 0.059570
0 0.793701 0.380371 0.006348 0.043945
0 0.788086 0.375488 0.008789 0.051758
0 0.780029 0.371094 0.010254 0.060547
0 0.800293 0.368164 0.010742 0.066406
0 0.800049 0.371094 0.009277 0.060547
0 0.820801 0.369629 0.013672 0.065430
0 0.809814 0.368652 0.015137 0.067383
0 0.847168 0.377930 0.006836 0.048828
0 0.677002 0.353516 0.005371 0.009766
0 0.853271 0.368164 0.012207 0.068359
0 0.865967 0.367188 0.014160 0.072266
0 0.669434 0.408203 0.012695 0.111328
0 0.684570 0.354492 0.012695 0.037109
0 0.683105 0.387695 0.010742 0.058594
0 0.674805 0.411621 0.018555 0.106445
0 0.704102 0.338379 0.005859 0.020508
0 0.716797 0.349121 0.007812 0.022461
0 0.709473 0.352051 0.007812 0.034180
0 0.716797 0.405273 0.014648 0.115234
0 0.705566 0.405762 0.010742 0.118164
0 0.692871 0.388184 0.008789 0.081055
1 0.334717 0.394043 0.022949 0.028320
1 0.932617 0.428711 0.128906 0.369141
1 0.372070 0.399414 0.015625 0.011719
1 0.410889 0.418457 0.045410 0.053711
1 0.230957 0.400391 0.027344 0.033203
1 0.260742 0.402344 0.040039 0.044922
1 0.461182 0.398926 0.020996 0.026367
1 0.287842 0.408203 0.038574 0.039062
1 0.473389 0.404297 0.020020 0.015625
1 0.354980 0.395508 0.023438 0.025391
1 0.494873 0.408203 0.021973 0.025391
2 0.664551 0.435547 0.007812 0.029297
2 0.689453 0.434082 0.021484 0.084961
3 0.653320 0.423828 0.015625 0.052734