0 0.612061 0.356934 0.007324 0.018555
0 0.403564 0.380371 0.010254 0.032227
0 0.299805 0.379883 0.014648 0.048828
0 0.291748 0.391113 0.013184 0.028320
0 0.155518 0.400879 0.014160 0.022461
0 0.218506 0.381348 0.011230 0.049805
0 0.352539 0.389160 0.010742 0.026367
0 0.324951 0.390625 0.008301 0.025391
0 0.277344 0.390625 0.018555 0.029297
0 0.361572 0.390625 0.013184 0.021484
0 0.255371 0.394531 0.012695 0.023438
0 0.313477 0.389160 0.017578 0.030273
0 0.082031 0.427734 0.015625 0.080078
0 0.093018 0.414551 0.020996 0.112305
0 0.039062 0.414062 0.018555 0.121094
0 0.008057 0.423340 0.010254 0.104492
0 0.020752 0.417480 0.020996 0.120117
0 0.516113 0.411621 0.024414 0.165039
0 0.657227 0.410645 0.023438 0.172852
0 0.709229 0.353516 0.028809 0.066406
1 0.635986 0.381348 0.012207 0.034180
1 0.632080 0.386230 0.014160 0.032227
1 0.623779 0.387207 0.011230 0.034180
1 0.609375 0.387207 0.020508 0.038086
1 0.605469 0.391602 0.018555 0.039062
1 0.594727 0.393555 0.014648 0.041016
1 0.581787 0.394043 0.022949 0.041992
1 0.568604 0.397461 0.021973 0.042969
1 0.553711 0.400879 0.022461 0.045898
1 0.537109 0.402344 0.017578 0.048828
1 0.529053 0.402832 0.010254 0.051758
1 0.494873 0.406738 0.028809 0.061523
1 0.473633 0.411133 0.029297 0.064453
1 0.438965 0.414551 0.059570 0.077148
2 0.138428 0.449707 0.052246 0.081055
2 0.247314 0.444824 0.042480 0.075195