0 0.874756 0.367676 0.011230 0.024414
0 0.883789 0.369629 0.010742 0.026367
0 0.033691 0.371582 0.005859 0.012695
0 0.984619 0.495117 0.024902 0.408203
0 0.791016 0.459961 0.071289 0.365234
0 0.879395 0.485352 0.093750 0.310547
0 0.659424 0.385742 0.005371 0.019531
0 0.714355 0.392578 0.009766 0.056641
0 0.702637 0.399902 0.010742 0.045898
0 0.646484 0.393066 0.004883 0.026367
0 0.641357 0.392090 0.005371 0.022461
0 0.532715 0.378418 0.004883 0.012695
0 0.485596 0.383301 0.008301 0.022461
0 0.437500 0.379883 0.004883 0.017578
0 0.477295 0.426270 0.024902 0.094727
0 0.457764 0.425781 0.022949 0.099609
0 0.427734 0.389648 0.004883 0.013672
0 0.434082 0.424805 0.023438 0.107422
0 0.414062 0.432129 0.018555 0.092773
0 0.357910 0.415039 0.012695 0.076172
0 0.329102 0.406250 0.017578 0.087891
0 0.299805 0.414551 0.027344 0.120117
0 0.281738 0.427734 0.014648 0.091797
0 0.248779 0.417480 0.020996 0.112305
1 0.661377 0.382812 0.009277 0.017578
1 0.666992 0.383301 0.010742 0.014648
1 0.667725 0.384277 0.006348 0.012695
1 0.677002 0.384277 0.014160 0.014648
1 0.642090 0.377930 0.006836 0.017578
1 0.681152 0.384277 0.013672 0.014648
1 0.699463 0.384277 0.020996 0.022461
1 0.704102 0.384766 0.010742 0.015625
1 0.730713 0.373535 0.024902 0.032227
1 0.737549 0.401855 0.036621 0.051758
1 0.744141 0.424805 0.050781 0.087891
1 0.632080 0.392578 0.014160 0.027344
1 0.597412 0.376465 0.033691 0.016602
1 0.592041 0.394531 0.006348 0.029297
1 0.567139 0.399902 0.046387 0.051758
1 0.556641 0.404297 0.033203 0.041016
1 0.553467 0.406250 0.026855 0.041016
1 0.539551 0.407227 0.012695 0.042969
1 0.527588 0.408203 0.029785 0.046875
1 0.526367 0.410645 0.022461 0.041992
1 0.524902 0.413086 0.016602 0.042969
1 0.507324 0.413086 0.033203 0.050781
1 0.476807 0.417480 0.070801 0.059570
1 0.609131 0.408203 0.036621 0.062500