0 0.579346 0.369141 0.013184 0.099609
0 0.604248 0.370605 0.009277 0.084961
0 0.614258 0.371094 0.014648 0.091797
0 0.626953 0.376465 0.017578 0.084961
0 0.640869 0.338379 0.006348 0.016602
0 0.661621 0.374512 0.020508 0.108398
0 0.045898 0.315430 0.007812 0.011719
1 0.459717 0.393555 0.016113 0.097656
1 0.509521 0.385742 0.104980 0.152344
1 0.248779 0.366699 0.011230 0.022461
1 0.629150 0.386230 0.021973 0.057617
1 0.688721 0.375000 0.102051 0.113281
1 0.194824 0.359375 0.015625 0.035156
1 0.165283 0.361328 0.010254 0.050781
1 0.102051 0.346191 0.038086 0.045898
1 0.083984 0.355469 0.044922 0.064453
1 0.087402 0.359375 0.025391 0.062500
1 0.061768 0.357910 0.054199 0.073242
1 0.018555 0.300781 0.031250 0.041016
1 0.043701 0.401367 0.081543 0.164062
1 0.137207 0.372559 0.063477 0.094727
1 0.273438 0.368164 0.004883 0.019531
1 0.291504 0.347656 0.026367 0.021484
1 0.261719 0.366211 0.020508 0.031250
1 0.292236 0.371094 0.035645 0.050781
1 0.321533 0.354004 0.021973 0.073242
1 0.324463 0.373535 0.015137 0.038086