0 0.567627 0.387695 0.007324 0.031250
0 0.656738 0.364746 0.010742 0.028320
0 0.482910 0.384766 0.013672 0.062500
0 0.429688 0.355957 0.006836 0.014648
0 0.384277 0.370117 0.007812 0.033203
0 0.391602 0.363770 0.008789 0.051758
0 0.364258 0.350586 0.004883 0.015625
0 0.356934 0.347656 0.011719 0.019531
0 0.294189 0.336426 0.016113 0.024414
0 0.271973 0.328613 0.017578 0.028320
0 0.235107 0.331543 0.013184 0.034180
0 0.218506 0.345703 0.015137 0.062500
0 0.205811 0.336914 0.013184 0.062500
0 0.177979 0.328613 0.012207 0.028320
0 0.197021 0.335938 0.026855 0.060547
0 0.093262 0.304688 0.039062 0.068359
0 0.024902 0.300293 0.032227 0.057617
0 0.779053 0.336426 0.016113 0.036133
0 0.792236 0.342773 0.013184 0.025391
0 0.807617 0.343750 0.022461 0.039062
0 0.831787 0.349609 0.017090 0.041016
1 0.532715 0.386230 0.013672 0.034180
1 0.526611 0.391113 0.011230 0.028320
1 0.644043 0.382812 0.024414 0.052734
1 0.506104 0.382324 0.032715 0.061523
1 0.472168 0.386719 0.024414 0.054688
1 0.468506 0.393066 0.020020 0.051758
1 0.440186 0.389648 0.045410 0.060547
1 0.356934 0.409180 0.056641 0.111328
1 0.329346 0.416016 0.049316 0.128906
1 0.264160 0.428711 0.117188 0.177734
1 0.156250 0.436035 0.141602 0.206055
1 0.013672 0.316406 0.021484 0.019531
1 0.101074 0.613770 0.196289 0.575195
1 0.608398 0.413574 0.091797 0.145508
1 0.677246 0.406738 0.042969 0.127930
1 0.726318 0.413574 0.099121 0.161133
1 0.764160 0.442871 0.122070 0.176758
1 0.892090 0.491699 0.209961 0.434570
2 0.655518 0.410156 0.010254 0.070312
3 0.424316 0.399902 0.035156 0.055664