0 0.791992 0.367188 0.020508 0.138672
1 0.144775 0.426270 0.040527 0.041992
1 0.533203 0.400391 0.010742 0.021484
1 0.542969 0.401367 0.010742 0.039062
1 0.547607 0.403320 0.016113 0.044922
1 0.550293 0.403320 0.014648 0.044922
1 0.582275 0.410156 0.052246 0.078125
1 0.478760 0.404297 0.005371 0.015625
1 0.407471 0.420410 0.014160 0.020508
1 0.385498 0.414551 0.028809 0.045898
1 0.375732 0.419922 0.018066 0.044922
1 0.364502 0.422363 0.017090 0.049805
1 0.354736 0.422363 0.017090 0.053711
1 0.331299 0.424316 0.044434 0.061523
1 0.418945 0.409180 0.009766 0.042969
1 0.431396 0.415039 0.027832 0.039062
1 0.503418 0.414551 0.044922 0.077148
2 0.802734 0.408691 0.008789 0.034180
2 0.227539 0.454590 0.038086 0.061523
2 0.190674 0.453613 0.047363 0.067383
3 0.812500 0.391602 0.049805 0.097656