0 0.422119 0.404785 0.012207 0.047852
0 0.250488 0.399414 0.005859 0.037109
0 0.408203 0.421387 0.020508 0.069336
0 0.371582 0.404785 0.013672 0.120117
0 0.267090 0.398438 0.008789 0.039062
0 0.321289 0.393066 0.012695 0.034180
0 0.132080 0.391113 0.005371 0.018555
0 0.315918 0.405762 0.017578 0.049805
0 0.258789 0.403320 0.019531 0.037109
0 0.133789 0.423828 0.014648 0.076172
0 0.225830 0.424316 0.017090 0.081055
0 0.207275 0.421875 0.019043 0.080078
0 0.182129 0.414551 0.024414 0.055664
0 0.151123 0.413574 0.021973 0.055664
0 0.124756 0.426270 0.017090 0.081055
0 0.098877 0.396973 0.010254 0.022461
0 0.095947 0.407715 0.018066 0.043945
0 0.071777 0.401855 0.012695 0.026367
0 0.481201 0.461426 0.044434 0.274414
1 0.090088 0.456055 0.069824 0.111328
1 0.051025 0.458984 0.031738 0.099609
1 0.026855 0.625000 0.047852 0.410156
2 0.552002 0.442383 0.063965 0.078125
2 0.503662 0.449707 0.005371 0.030273
2 0.403076 0.444824 0.062988 0.083008
2 0.420410 0.444336 0.039062 0.095703
2 0.296875 0.456543 0.057617 0.051758
2 0.282715 0.448242 0.070312 0.072266
2 0.181152 0.442871 0.063477 0.083008
2 0.168945 0.459473 0.060547 0.053711
2 0.468994 0.504395 0.074707 0.231445