0 0.175781 0.394531 0.008789 0.033203
0 0.193115 0.382812 0.010254 0.021484
0 0.182861 0.393066 0.009277 0.024414
0 0.277344 0.395020 0.008789 0.034180
0 0.286621 0.390137 0.008789 0.034180
0 0.519287 0.374512 0.013184 0.040039
0 0.368652 0.398926 0.011719 0.088867
0 0.530518 0.404297 0.011230 0.083984
0 0.559082 0.382812 0.013672 0.046875
0 0.579834 0.370117 0.007324 0.037109
0 0.571289 0.373535 0.011719 0.055664
0 0.616699 0.358398 0.013672 0.019531
0 0.644287 0.360352 0.009277 0.017578
0 0.657227 0.357910 0.010742 0.034180
0 0.387939 0.439453 0.046387 0.335938
0 0.426758 0.453125 0.064453 0.335938
0 0.337402 0.432129 0.091797 0.401367
0 0.250244 0.484863 0.074707 0.358398
0 0.019531 0.480957 0.033203 0.307617
1 0.128174 0.423828 0.066895 0.070312
1 0.197754 0.422363 0.074219 0.079102
1 0.321533 0.423340 0.091309 0.081055
1 0.447510 0.414551 0.100098 0.106445
1 0.605469 0.420410 0.152344 0.102539
1 0.816162 0.404297 0.179199 0.142578
1 0.953125 0.410645 0.087891 0.139648
1 0.074951 0.433594 0.105957 0.113281
2 0.763428 0.633789 0.329590 0.410156