0 0.009277 0.347168 0.012695 0.047852
0 0.591309 0.362305 0.010742 0.027344
0 0.609131 0.364746 0.009277 0.024414
0 0.778076 0.419922 0.035645 0.183594
0 0.567871 0.363281 0.007812 0.019531
0 0.548340 0.363770 0.005859 0.020508
0 0.610596 0.363770 0.007324 0.016602
1 0.176758 0.353027 0.005859 0.014648
1 0.232666 0.375000 0.024902 0.050781
1 0.221680 0.378418 0.024414 0.055664
1 0.205811 0.381348 0.031738 0.061523
1 0.359131 0.376953 0.025879 0.044922
1 0.370605 0.381348 0.032227 0.051758
1 0.519043 0.388672 0.004883 0.056641
1 0.534180 0.387695 0.031250 0.060547
1 0.485596 0.371094 0.030762 0.037109
1 0.486084 0.395020 0.031738 0.057617
1 0.420898 0.382812 0.042969 0.044922
1 0.452637 0.400391 0.050781 0.076172
2 0.749756 0.411133 0.022949 0.062500
2 0.510254 0.424805 0.005859 0.058594
2 0.534180 0.439941 0.007812 0.077148