0 0.171631 0.332031 0.006348 0.021484
0 0.152832 0.362305 0.006836 0.037109
0 0.133057 0.349609 0.008301 0.019531
1 0.320312 0.336426 0.021484 0.012695
1 0.337891 0.336426 0.009766 0.012695
1 0.346924 0.345215 0.011230 0.010742
1 0.342041 0.359375 0.016113 0.027344
1 0.333740 0.364258 0.023926 0.033203
1 0.367188 0.367188 0.023438 0.035156
1 0.417236 0.390625 0.072754 0.052734
1 0.888428 0.545898 0.217285 0.355469
1 0.263184 0.336914 0.021484 0.013672
1 0.281494 0.364746 0.030762 0.043945
1 0.301270 0.362305 0.017578 0.029297
1 0.288574 0.379883 0.034180 0.052734
1 0.213623 0.400391 0.067871 0.103516
2 0.171387 0.366699 0.006836 0.020508