0 0.107422 0.390137 0.012695 0.083008
0 0.186035 0.415527 0.018555 0.041992
0 0.230225 0.455078 0.084473 0.443359
0 0.540039 0.471680 0.083008 0.357422
0 0.843018 0.347656 0.005371 0.013672
0 0.865234 0.364746 0.010742 0.047852
0 0.683594 0.486816 0.053711 0.344727
0 0.717285 0.481445 0.082031 0.425781
0 0.984375 0.450195 0.025391 0.042969
0 0.993408 0.677246 0.007324 0.026367
1 0.417725 0.370117 0.012207 0.009766
1 0.729248 0.380859 0.223145 0.166016
1 0.814697 0.405762 0.104980 0.104492
1 0.912354 0.403320 0.169434 0.101562
2 0.082520 0.428711 0.062500 0.072266
2 0.927002 0.595215 0.117676 0.268555
2 0.973877 0.512207 0.046387 0.096680
2 0.946777 0.637207 0.100586 0.178711