0 0.021484 0.458008 0.037109 0.191406
0 0.300293 0.416016 0.004883 0.031250
0 0.336182 0.415039 0.005371 0.031250
0 0.341553 0.412598 0.006348 0.026367
0 0.355713 0.412598 0.008301 0.022461
0 0.436035 0.387695 0.007812 0.015625
0 0.433594 0.477051 0.005859 0.034180
0 0.472412 0.447754 0.036621 0.153320
0 0.443848 0.441895 0.031250 0.165039
0 0.657715 0.451172 0.044922 0.189453
0 0.618896 0.446777 0.044434 0.202148
0 0.709961 0.439453 0.032227 0.210938
0 0.884277 0.554199 0.035156 0.059570
0 0.891846 0.373535 0.018066 0.157227
0 0.930664 0.458008 0.076172 0.373047
0 0.871826 0.451660 0.055176 0.401367
0 0.833984 0.446289 0.078125 0.445312
1 0.381592 0.429688 0.024902 0.052734
1 0.424561 0.429199 0.016113 0.069336
1 0.409424 0.435547 0.040527 0.064453
2 0.380615 0.457520 0.021973 0.075195