0 0.391602 0.444824 0.005859 0.034180
0 0.432129 0.432617 0.004883 0.017578
0 0.489258 0.432617 0.005859 0.021484
0 0.499023 0.430176 0.004883 0.024414
0 0.539307 0.441406 0.005371 0.033203
0 0.555420 0.432617 0.005371 0.017578
0 0.551025 0.448242 0.007324 0.041016
0 0.569580 0.430176 0.006348 0.018555
0 0.568848 0.462402 0.006836 0.063477
0 0.560791 0.460938 0.014160 0.070312
0 0.598389 0.463379 0.006348 0.051758
0 0.617432 0.454102 0.006348 0.072266
0 0.621094 0.445312 0.010742 0.087891
0 0.606934 0.444824 0.021484 0.090820
0 0.660156 0.475586 0.004883 0.031250
0 0.655762 0.444336 0.007812 0.093750
0 0.627930 0.432617 0.027344 0.125000
0 0.647461 0.438965 0.015625 0.116211
0 0.687500 0.438965 0.014648 0.116211
0 0.661621 0.435547 0.012695 0.117188
0 0.673096 0.431152 0.025879 0.131836
0 0.697754 0.441406 0.007812 0.113281
0 0.751709 0.441406 0.008301 0.119141
0 0.742676 0.446289 0.014648 0.107422
0 0.778320 0.442871 0.009766 0.120117
0 0.772461 0.441406 0.020508 0.128906
0 0.804688 0.441406 0.017578 0.134766
0 0.765137 0.435547 0.027344 0.136719
0 0.727783 0.430664 0.022949 0.156250
0 0.705811 0.437988 0.030762 0.139648
0 0.792725 0.438477 0.032715 0.144531
0 0.833496 0.433594 0.042969 0.222656
1 0.402588 0.442383 0.006348 0.019531
1 0.439697 0.445801 0.013184 0.020508
2 0.513672 0.480957 0.006836 0.036133
2 0.527832 0.478516 0.005859 0.044922