0 0.636963 0.377441 0.005371 0.026367
0 0.641357 0.376953 0.008301 0.019531
0 0.723877 0.362793 0.006348 0.018555
0 0.718750 0.363281 0.005859 0.017578
0 0.712646 0.367676 0.008301 0.022461
0 0.777100 0.468750 0.062012 0.359375
0 0.802734 0.468750 0.128906 0.400391
0 0.534668 0.386719 0.010742 0.013672
0 0.521729 0.455078 0.084473 0.355469
0 0.510742 0.483398 0.074219 0.339844
0 0.326172 0.413086 0.004883 0.027344
0 0.263672 0.409180 0.005859 0.042969
0 0.363770 0.462402 0.053711 0.280273
0 0.347168 0.468262 0.064453 0.293945
0 0.400146 0.455078 0.050293 0.369141
0 0.459229 0.495605 0.104980 0.416992
0 0.414795 0.517578 0.095215 0.435547
0 0.638428 0.514160 0.033691 0.129883
0 0.611084 0.457520 0.060059 0.387695
0 0.268311 0.413086 0.009277 0.042969
0 0.276855 0.411133 0.007812 0.046875
0 0.317871 0.475586 0.064453 0.300781
0 0.208252 0.466797 0.029785 0.296875
0 0.176758 0.428711 0.010742 0.060547
0 0.254639 0.468750 0.099121 0.458984
0 0.159912 0.470215 0.027832 0.245117
0 0.153076 0.508789 0.060059 0.447266
0 0.216309 0.493652 0.079102 0.290039
0 0.159912 0.577637 0.020996 0.102539
0 0.013916 0.714355 0.021973 0.090820
0 0.204590 0.504883 0.140625 0.466797
0 0.095215 0.496582 0.078125 0.456055
0 0.138428 0.525879 0.138184 0.508789
0 0.671631 0.459961 0.082520 0.318359
1 0.630371 0.388672 0.007812 0.033203
1 0.697998 0.405273 0.021973 0.054688
1 0.723877 0.409180 0.048340 0.074219
1 0.755127 0.411621 0.023926 0.088867
1 0.548340 0.395996 0.019531 0.026367
1 0.945801 0.416016 0.102539 0.166016
2 0.317383 0.433594 0.009766 0.037109
2 0.027832 0.474121 0.030273 0.075195
2 0.015381 0.474121 0.024902 0.077148