0 0.479492 0.392578 0.004883 0.015625
0 0.402100 0.383789 0.005371 0.015625
0 0.393066 0.391602 0.006836 0.029297
0 0.398926 0.384277 0.007812 0.014648
0 0.349365 0.372070 0.009277 0.013672
0 0.157959 0.481445 0.016113 0.050781
0 0.021973 0.462891 0.038086 0.162109
0 0.184082 0.416992 0.040039 0.177734
0 0.147461 0.428223 0.027344 0.180664
0 0.119629 0.421387 0.033203 0.184570
0 0.096436 0.430176 0.024902 0.176758
0 0.114990 0.439941 0.028809 0.170898
0 0.163086 0.438965 0.031250 0.165039
0 0.543457 0.422363 0.042969 0.219727
0 0.609619 0.416992 0.033691 0.169922
1 0.503906 0.398438 0.009766 0.019531
1 0.489014 0.399902 0.020996 0.028320
1 0.463135 0.401855 0.019043 0.028320
1 0.438477 0.397461 0.029297 0.048828
1 0.440918 0.409180 0.033203 0.046875
1 0.360107 0.427734 0.070801 0.097656
1 0.648682 0.394043 0.061035 0.135742
1 0.667969 0.417969 0.079102 0.154297
1 0.767822 0.453125 0.173340 0.224609
1 0.908936 0.562500 0.176270 0.501953
2 0.683105 0.449219 0.044922 0.132812
2 0.614258 0.477051 0.018555 0.118164
2 0.547119 0.485352 0.020996 0.142578