0 0.654785 0.378418 0.005859 0.014648
0 0.651123 0.376953 0.005371 0.017578
0 0.635986 0.375488 0.008301 0.018555
0 0.626465 0.374023 0.010742 0.023438
0 0.644531 0.375977 0.007812 0.017578
0 0.111572 0.416016 0.035645 0.119141
1 0.627197 0.372070 0.020020 0.025391
1 0.763916 0.409668 0.018066 0.038086
1 0.704834 0.409668 0.048340 0.045898
1 0.676270 0.409180 0.038086 0.044922
1 0.658203 0.409668 0.052734 0.049805
1 0.645020 0.412109 0.044922 0.050781
1 0.736084 0.417969 0.041504 0.052734
1 0.869141 0.430176 0.041016 0.059570
1 0.898682 0.390625 0.031738 0.031250
1 0.806152 0.449707 0.102539 0.141602
1 0.917969 0.453613 0.015625 0.110352
1 0.956543 0.451660 0.081055 0.166992