0 0.567627 0.432617 0.019043 0.085938
0 0.572998 0.436523 0.022949 0.083984
0 0.695068 0.444336 0.013184 0.083984
0 0.708740 0.440430 0.020020 0.095703
0 0.715576 0.442871 0.022949 0.090820
0 0.772461 0.442871 0.029297 0.098633
0 0.849609 0.450684 0.051758 0.399414
0 0.925049 0.482910 0.107910 0.383789
0 0.920410 0.495117 0.051758 0.449219
0 0.884277 0.473145 0.112305 0.520508
0 0.643066 0.470703 0.059570 0.361328
0 0.609619 0.462402 0.089355 0.401367
0 0.488770 0.474121 0.063477 0.323242
0 0.333252 0.415039 0.036621 0.259766
0 0.338623 0.479004 0.056152 0.395508
0 0.211182 0.455078 0.072754 0.384766
0 0.269043 0.474121 0.078125 0.375977
0 0.172119 0.472656 0.056152 0.373047
1 0.452148 0.414062 0.016602 0.023438
1 0.432861 0.416504 0.024902 0.018555
1 0.670410 0.446777 0.032227 0.041992
1 0.319580 0.418945 0.011230 0.056641
1 0.310303 0.433105 0.020996 0.081055
1 0.240723 0.419922 0.008789 0.031250
2 0.714844 0.458496 0.049805 0.063477
2 0.354736 0.561523 0.229004 0.326172