0 0.264160 0.343750 0.005859 0.029297
0 0.257812 0.336914 0.004883 0.023438
0 0.614014 0.338379 0.005371 0.034180
0 0.604248 0.336914 0.005371 0.033203
0 0.720703 0.375977 0.017578 0.082031
0 0.736816 0.378906 0.011719 0.078125
0 0.753418 0.380371 0.014648 0.075195
0 0.937500 0.416504 0.013672 0.071289
1 0.478027 0.339355 0.010742 0.016602
1 0.469727 0.340332 0.007812 0.014648
1 0.459473 0.340820 0.011719 0.017578
1 0.399170 0.365723 0.044434 0.069336
1 0.341309 0.398438 0.075195 0.099609
1 0.021973 0.383789 0.038086 0.070312
1 0.159424 0.488770 0.283691 0.395508
1 0.548584 0.358398 0.009277 0.044922
1 0.572754 0.357422 0.038086 0.082031
1 0.580078 0.367676 0.034180 0.041992
1 0.582275 0.384277 0.038574 0.067383
1 0.598877 0.393555 0.052246 0.078125
1 0.519287 0.374023 0.036621 0.054688
3 0.393799 0.441406 0.032715 0.095703