0 0.085205 0.363770 0.008301 0.032227
0 0.071777 0.370605 0.011719 0.040039
0 0.214844 0.444824 0.047852 0.352539
0 0.108643 0.434082 0.041504 0.305664
0 0.147705 0.427246 0.036621 0.303711
0 0.168213 0.430176 0.117676 0.438477
0 0.295898 0.417969 0.061523 0.308594
0 0.340332 0.420898 0.049805 0.285156
0 0.630371 0.362793 0.025391 0.098633
0 0.621826 0.366699 0.016113 0.092773
0 0.700928 0.351562 0.022949 0.123047
0 0.734375 0.358398 0.035156 0.115234
0 0.296631 0.438477 0.056152 0.263672
0 0.613525 0.367676 0.010254 0.088867
0 0.644531 0.365723 0.022461 0.092773
0 0.744385 0.357422 0.019043 0.113281
1 0.034424 0.445801 0.062988 0.096680