0 0.454590 0.419434 0.004883 0.020508
0 0.560547 0.410156 0.008789 0.054688
0 0.572266 0.411621 0.007812 0.047852
0 0.592529 0.410156 0.014160 0.060547
0 0.581055 0.409180 0.010742 0.072266
0 0.684326 0.401855 0.012207 0.122070
0 0.693604 0.429199 0.027832 0.151367
0 0.727051 0.408691 0.029297 0.163086
0 0.760254 0.434082 0.020508 0.118164
0 0.775146 0.414551 0.039551 0.186523
0 0.806396 0.416504 0.038574 0.168945
0 0.803467 0.424805 0.034668 0.185547
0 0.885742 0.413574 0.023438 0.186523
0 0.847656 0.425781 0.035156 0.171875
0 0.993164 0.410645 0.007812 0.133789
0 0.908203 0.423828 0.023438 0.171875
0 0.930664 0.440918 0.035156 0.211914
0 0.912842 0.480957 0.032715 0.165039
0 0.988281 0.483887 0.014648 0.077148
0 0.968506 0.436035 0.057129 0.239258
0 0.184082 0.418457 0.004883 0.012695
0 0.164551 0.414062 0.010742 0.023438
1 0.383301 0.419922 0.011719 0.015625
1 0.441650 0.417480 0.009277 0.014648
1 0.432861 0.423828 0.017090 0.023438
1 0.507080 0.424316 0.030762 0.071289
1 0.506348 0.431152 0.015625 0.071289
1 0.531006 0.431641 0.054199 0.082031
1 0.346191 0.427734 0.020508 0.025391
1 0.298096 0.423828 0.021973 0.017578
1 0.317627 0.430664 0.028809 0.037109
1 0.234863 0.434082 0.030273 0.040039
2 0.602051 0.445801 0.017578 0.094727
2 0.654053 0.471680 0.079590 0.087891