0 0.091309 0.381348 0.018555 0.040039
0 0.353271 0.435059 0.047363 0.161133
0 0.917725 0.414062 0.024902 0.169922
0 0.071777 0.381836 0.021484 0.052734
0 0.758789 0.343750 0.029297 0.269531
0 0.750000 0.455078 0.056641 0.308594
0 0.963135 0.375488 0.022949 0.110352
0 0.848877 0.459473 0.064941 0.385742
1 0.536133 0.408691 0.008789 0.028320
1 0.550537 0.416992 0.013184 0.031250
1 0.581787 0.409180 0.049316 0.066406
1 0.576172 0.427246 0.021484 0.053711
1 0.590820 0.425293 0.029297 0.059570
1 0.598145 0.424316 0.013672 0.049805
1 0.599365 0.435547 0.011230 0.064453
1 0.476807 0.397949 0.016113 0.016602
1 0.449219 0.403809 0.015625 0.020508
1 0.434082 0.404785 0.020508 0.026367
1 0.409912 0.401367 0.049316 0.025391
1 0.422119 0.419922 0.029785 0.046875
1 0.372070 0.400391 0.042969 0.021484
1 0.368164 0.417480 0.035156 0.045898
1 0.475342 0.430176 0.034668 0.045898
1 0.510498 0.416016 0.037598 0.060547
1 0.238525 0.400879 0.204590 0.188477
1 0.733398 0.347656 0.285156 0.476562
1 0.040527 0.528320 0.075195 0.384766
2 0.452393 0.423828 0.012207 0.031250
2 0.440918 0.418945 0.009766 0.017578
2 0.437744 0.430176 0.012207 0.034180
2 0.314209 0.457520 0.021973 0.110352
2 0.895264 0.489258 0.025879 0.064453
2 0.217529 0.460449 0.026855 0.114258
2 0.236084 0.468262 0.029785 0.110352
2 0.175293 0.435547 0.039062 0.062500
2 0.182617 0.458496 0.036133 0.118164
3 0.408447 0.478027 0.088379 0.114258
3 0.357178 0.480957 0.098145 0.135742