0 0.275146 0.466309 0.028809 0.200195
0 0.286133 0.418457 0.007812 0.012695
0 0.295166 0.418457 0.007324 0.012695
0 0.636963 0.442871 0.013184 0.061523
0 0.650879 0.420410 0.007812 0.020508
0 0.643555 0.444824 0.022461 0.061523
0 0.681641 0.493164 0.031250 0.128906
0 0.733887 0.519043 0.005859 0.032227
0 0.708252 0.452148 0.027832 0.257812
0 0.727783 0.464844 0.047363 0.273438
0 0.837402 0.489746 0.047852 0.313477
0 0.914307 0.464844 0.033691 0.312500
0 0.914551 0.496582 0.037109 0.321289
0 0.768799 0.481934 0.061035 0.350586
0 0.677246 0.459473 0.045898 0.262695
0 0.791992 0.481445 0.073242 0.398438
0 0.866211 0.501465 0.091797 0.381836
0 0.951660 0.493652 0.070312 0.375977
1 0.424561 0.435059 0.007324 0.045898
1 0.444336 0.416992 0.039062 0.050781
1 0.403320 0.431152 0.025391 0.047852
1 0.406250 0.439941 0.023438 0.032227
1 0.445801 0.446777 0.041016 0.084961
1 0.450928 0.458008 0.020996 0.080078
1 0.483887 0.414062 0.045898 0.019531
1 0.477539 0.476562 0.060547 0.132812
1 0.354980 0.433594 0.015625 0.029297
1 0.352051 0.434570 0.013672 0.029297
1 0.352539 0.437012 0.006836 0.024414
1 0.349365 0.437500 0.007324 0.027344
1 0.343262 0.438965 0.012695 0.030273
1 0.336426 0.439941 0.017578 0.032227
1 0.319092 0.444824 0.025879 0.053711
1 0.307129 0.450195 0.025391 0.052734
1 0.294922 0.453125 0.028320 0.054688
1 0.292725 0.458008 0.023926 0.058594
1 0.284668 0.462891 0.013672 0.062500
1 0.991455 0.580078 0.011230 0.085938
2 0.659424 0.486328 0.013184 0.048828
2 0.601807 0.496094 0.125488 0.177734