0 0.282715 0.414062 0.006836 0.048828
0 0.019287 0.418945 0.022949 0.089844
0 0.349609 0.412109 0.011719 0.082031
0 0.336670 0.410156 0.023926 0.085938
1 0.924805 0.385742 0.047852 0.033203
1 0.888428 0.384277 0.021973 0.034180
1 0.957764 0.368164 0.019043 0.060547
1 0.851074 0.373047 0.064453 0.072266
1 0.159912 0.423340 0.012207 0.026367
1 0.177490 0.423340 0.031738 0.032227
1 0.197266 0.419922 0.009766 0.037109
1 0.261475 0.419434 0.020996 0.030273
1 0.289062 0.411621 0.037109 0.036133
1 0.356689 0.411621 0.048340 0.057617
1 0.586670 0.412109 0.072754 0.117188