0 0.470459 0.453613 0.007324 0.026367
0 0.038818 0.451172 0.012207 0.019531
0 0.532471 0.473145 0.019043 0.108398
0 0.494141 0.451172 0.020508 0.076172
0 0.445801 0.457031 0.013672 0.042969
0 0.478516 0.463867 0.017578 0.072266
0 0.420654 0.466797 0.013184 0.078125
0 0.296875 0.470703 0.029297 0.111328
0 0.148193 0.462402 0.023926 0.100586
0 0.049072 0.453125 0.009277 0.025391
0 0.028564 0.438477 0.032715 0.064453
0 0.010498 0.444336 0.015137 0.101562
1 0.676514 0.470215 0.011230 0.016602
1 0.671631 0.480469 0.021973 0.031250
1 0.693359 0.474609 0.020508 0.035156
1 0.769287 0.472168 0.021973 0.036133
1 0.842529 0.425781 0.017090 0.031250
1 0.798096 0.451172 0.038574 0.078125
1 0.849121 0.468262 0.020508 0.051758
1 0.815186 0.470703 0.060059 0.083984
1 0.645264 0.482422 0.032715 0.050781
1 0.552734 0.446289 0.107422 0.107422
1 0.540283 0.473145 0.062012 0.057617
1 0.600586 0.485352 0.074219 0.060547
1 0.713623 0.473145 0.024902 0.043945
1 0.017578 0.623535 0.029297 0.256836
2 0.859131 0.428711 0.020996 0.041016
2 0.528320 0.489746 0.034180 0.036133
2 0.485840 0.496582 0.012695 0.026367
2 0.277832 0.481934 0.019531 0.053711
2 0.037842 0.536133 0.067871 0.146484
3 0.693115 0.484863 0.006348 0.014648