0 0.515137 0.420898 0.010742 0.031250
0 0.478760 0.391602 0.017090 0.052734
0 0.493896 0.405273 0.014160 0.076172
0 0.883301 0.433594 0.055664 0.248047
0 0.650879 0.413574 0.029297 0.200195
0 0.683594 0.419922 0.025391 0.175781
0 0.726562 0.401855 0.041992 0.225586
0 0.704102 0.417969 0.050781 0.214844
1 0.382324 0.409668 0.006836 0.010742
1 0.392578 0.390625 0.006836 0.013672
1 0.392822 0.404297 0.013184 0.025391
1 0.394775 0.405762 0.005371 0.020508
1 0.397949 0.407715 0.004883 0.020508
1 0.410400 0.400879 0.023926 0.030273
1 0.417480 0.403809 0.035156 0.028320
1 0.582275 0.459961 0.134277 0.183594
1 0.372803 0.410156 0.011230 0.015625
1 0.356201 0.409180 0.006348 0.013672
1 0.343018 0.406250 0.023926 0.019531
1 0.344482 0.409180 0.011230 0.013672
1 0.322754 0.406250 0.011719 0.013672
1 0.316406 0.408691 0.016602 0.016602
1 0.312500 0.411133 0.016602 0.015625
1 0.298340 0.411133 0.025391 0.017578
2 0.450439 0.419434 0.019043 0.045898
2 0.462646 0.420898 0.008301 0.039062
2 0.477539 0.422852 0.014648 0.060547
2 0.468262 0.425781 0.014648 0.056641