0 0.845703 0.345215 0.017578 0.020508
0 0.812500 0.360352 0.013672 0.035156
0 0.794434 0.355957 0.011719 0.032227
0 0.785889 0.354004 0.007324 0.026367
0 0.754639 0.354980 0.014160 0.049805
0 0.771484 0.355957 0.017578 0.041992
0 0.743164 0.357422 0.015625 0.050781
0 0.735352 0.362793 0.007812 0.043945
0 0.713135 0.347168 0.005371 0.012695
0 0.723877 0.351074 0.017090 0.069336
0 0.382324 0.405273 0.025391 0.160156
0 0.391846 0.413086 0.037598 0.150391
0 0.257568 0.421387 0.027832 0.157227
0 0.269531 0.422852 0.030273 0.136719
0 0.545166 0.421875 0.017090 0.232422
0 0.531738 0.419922 0.022461 0.263672
0 0.567627 0.438477 0.045410 0.250000
0 0.197266 0.486328 0.014648 0.041016
0 0.218506 0.430664 0.060059 0.269531
0 0.137939 0.322754 0.015137 0.038086
0 0.109619 0.427734 0.054199 0.300781
0 0.156250 0.449219 0.068359 0.328125
0 0.026611 0.459473 0.047363 0.323242
1 0.886719 0.368164 0.045898 0.076172
1 0.842529 0.410645 0.109863 0.108398
1 0.973145 0.373535 0.047852 0.102539
2 0.554443 0.460449 0.125488 0.141602
2 0.319092 0.510254 0.130371 0.237305