0 0.250000 0.389160 0.007812 0.010742
0 0.259521 0.393066 0.006348 0.024414
0 0.270996 0.425781 0.005859 0.064453
0 0.264893 0.418457 0.011230 0.075195
0 0.273193 0.432129 0.009277 0.069336
0 0.290771 0.388672 0.008301 0.015625
0 0.300293 0.392578 0.007812 0.023438
0 0.311035 0.384277 0.008789 0.022461
0 0.317383 0.386230 0.006836 0.010742
0 0.418457 0.384277 0.006836 0.012695
0 0.408936 0.390137 0.007324 0.020508
0 0.625977 0.369141 0.011719 0.019531
0 0.610352 0.370605 0.016602 0.018555
0 0.509277 0.373047 0.005859 0.011719
0 0.752441 0.352051 0.010742 0.012695
0 0.771973 0.350098 0.009766 0.020508
0 0.916748 0.375000 0.008301 0.068359
0 0.928711 0.370117 0.014648 0.037109
0 0.990723 0.625488 0.012695 0.028320
0 0.157715 0.446289 0.042969 0.287109
0 0.035645 0.458496 0.065430 0.256836
0 0.186279 0.472168 0.031738 0.293945
0 0.174316 0.464355 0.057617 0.336914
0 0.130859 0.461426 0.078125 0.448242
0 0.074707 0.478027 0.066406 0.434570
0 0.488525 0.501953 0.097168 0.419922
1 0.322510 0.430664 0.099121 0.078125
1 0.415283 0.416504 0.067871 0.086914
1 0.598877 0.430176 0.118652 0.100586
1 0.469971 0.432129 0.169434 0.118164
1 0.827148 0.393066 0.109375 0.081055
1 0.955078 0.423828 0.083984 0.138672
1 0.712646 0.437012 0.172363 0.161133
1 0.230225 0.429688 0.066895 0.076172
1 0.010498 0.434570 0.015137 0.060547
2 0.895020 0.457031 0.042969 0.058594
2 0.822754 0.483398 0.128906 0.158203
2 0.826904 0.496094 0.119629 0.208984