0 0.756836 0.372070 0.004883 0.021484
0 0.791504 0.378418 0.010742 0.026367
0 0.762695 0.373535 0.005859 0.024414
0 0.775879 0.375488 0.004883 0.028320
0 0.769531 0.372559 0.008789 0.034180
0 0.823730 0.363770 0.021484 0.077148
0 0.864502 0.375977 0.016113 0.125000
0 0.853760 0.375977 0.017090 0.128906
0 0.841797 0.389648 0.027344 0.144531
0 0.881348 0.373047 0.031250 0.169922
1 0.705322 0.358887 0.031738 0.034180
1 0.439209 0.364746 0.015137 0.016602
1 0.397217 0.368164 0.036621 0.021484
1 0.516602 0.376465 0.014648 0.014648
1 0.509766 0.404297 0.030273 0.070312
1 0.485107 0.402344 0.062988 0.070312
1 0.349854 0.394043 0.020020 0.030273
1 0.307861 0.424316 0.076660 0.151367
1 0.196045 0.440918 0.198730 0.239258
1 0.088867 0.461426 0.100586 0.231445
1 0.066650 0.534180 0.127441 0.525391
1 0.673096 0.380859 0.016113 0.023438
1 0.664062 0.388184 0.013672 0.032227
1 0.676514 0.379395 0.012207 0.024414
1 0.657715 0.405273 0.012695 0.068359
2 0.439697 0.422363 0.037598 0.088867
2 0.403809 0.432129 0.061523 0.096680
2 0.466553 0.427734 0.025879 0.093750
2 0.492432 0.422363 0.033691 0.075195