0 0.316895 0.411133 0.019531 0.056641
0 0.621094 0.362305 0.007812 0.027344
0 0.638916 0.374023 0.005371 0.037109
0 0.651123 0.386719 0.006348 0.068359
0 0.641357 0.385254 0.008301 0.059570
0 0.597412 0.358887 0.007324 0.010742
0 0.528320 0.365723 0.004883 0.012695
0 0.708496 0.407227 0.009766 0.107422
0 0.701660 0.405273 0.018555 0.121094
0 0.716797 0.400879 0.024414 0.133789
0 0.722412 0.411133 0.020020 0.126953
0 0.737549 0.402832 0.016113 0.114258
0 0.752197 0.405762 0.025879 0.129883
1 0.507812 0.377930 0.015625 0.035156
1 0.498779 0.382324 0.020996 0.036133
1 0.489258 0.384766 0.020508 0.037109
1 0.457275 0.393555 0.059082 0.048828
1 0.391602 0.437500 0.093750 0.130859
1 0.567627 0.368652 0.020996 0.012695
1 0.566406 0.386230 0.023438 0.034180
1 0.576172 0.405762 0.016602 0.063477
1 0.598389 0.403809 0.042480 0.075195
1 0.612305 0.423340 0.066406 0.094727
1 0.530762 0.407715 0.045898 0.069336
2 0.260986 0.465332 0.026855 0.100586
2 0.686768 0.425293 0.010254 0.090820