0 0.585938 0.383789 0.007812 0.042969
0 0.592773 0.382324 0.006836 0.041992
0 0.604736 0.384277 0.005371 0.043945
0 0.599121 0.384277 0.008789 0.053711
0 0.611572 0.381836 0.008301 0.052734
0 0.641602 0.365723 0.006836 0.034180
0 0.633301 0.387207 0.018555 0.081055
0 0.649658 0.381836 0.009277 0.074219
0 0.655273 0.381348 0.012695 0.088867
0 0.695312 0.362305 0.008789 0.031250
0 0.794678 0.344238 0.021973 0.038086
0 0.722168 0.385742 0.013672 0.109375
0 0.710449 0.392578 0.030273 0.121094
0 0.734619 0.394531 0.023926 0.109375
0 0.777344 0.380371 0.015625 0.110352
0 0.762695 0.385742 0.023438 0.107422
0 0.875732 0.401367 0.007324 0.033203
0 0.864258 0.384766 0.033203 0.158203
0 0.836426 0.386230 0.034180 0.159180
0 0.882080 0.402344 0.005371 0.011719
0 0.895264 0.388184 0.035645 0.159180
0 0.931885 0.375000 0.037598 0.177734
0 0.221191 0.400391 0.004883 0.009766
0 0.285889 0.401855 0.006348 0.028320
1 0.483887 0.384277 0.018555 0.010742
1 0.453125 0.394531 0.023438 0.046875
1 0.480957 0.405273 0.030273 0.044922
1 0.505859 0.398438 0.004883 0.027344
1 0.513916 0.396484 0.013184 0.046875
1 0.528809 0.396973 0.030273 0.053711
1 0.553711 0.405762 0.044922 0.065430
1 0.363281 0.397461 0.022461 0.017578
1 0.315430 0.400391 0.034180 0.031250
1 0.235596 0.395996 0.027832 0.022461
1 0.125000 0.405273 0.089844 0.058594
1 0.420898 0.405762 0.041992 0.069336