0 0.420166 0.412598 0.006348 0.047852
0 0.016846 0.464844 0.015137 0.060547
0 0.434570 0.408691 0.007812 0.047852
0 0.427979 0.411621 0.010254 0.053711
0 0.406494 0.414551 0.010254 0.045898
0 0.350342 0.417480 0.005371 0.057617
0 0.355713 0.414551 0.008301 0.069336
0 0.345215 0.414062 0.009766 0.068359
0 0.331055 0.415527 0.006836 0.055664
0 0.335938 0.398926 0.005859 0.014648
0 0.276855 0.413086 0.006836 0.056641
0 0.203369 0.436523 0.006348 0.048828
0 0.195068 0.430176 0.009277 0.061523
0 0.177490 0.427246 0.012207 0.073242
0 0.165039 0.433105 0.005859 0.065430
0 0.169678 0.430664 0.014160 0.070312
0 0.108643 0.425293 0.008301 0.079102
0 0.091797 0.438965 0.014648 0.075195
0 0.102051 0.432129 0.021484 0.088867
0 0.364746 0.420410 0.010742 0.061523
0 0.069580 0.410645 0.007324 0.010742
0 0.061279 0.438965 0.010254 0.086914
0 0.028076 0.458008 0.012207 0.056641
0 0.015137 0.458008 0.012695 0.062500
0 0.537109 0.409668 0.011719 0.065430
0 0.669678 0.384277 0.007324 0.024414
0 0.675781 0.426758 0.004883 0.015625
0 0.677734 0.406738 0.013672 0.059570
0 0.581543 0.412109 0.010742 0.062500
0 0.589600 0.407715 0.017090 0.071289
0 0.692627 0.399902 0.011230 0.065430
0 0.691406 0.400391 0.010742 0.068359
0 0.699707 0.408691 0.008789 0.053711
0 0.718018 0.387207 0.006348 0.030273
0 0.714111 0.391602 0.010254 0.025391
0 0.741943 0.393066 0.006348 0.049805
0 0.733887 0.397949 0.013672 0.081055
0 0.755127 0.377441 0.007324 0.047852
0 0.747803 0.400391 0.014160 0.072266
0 0.761230 0.394043 0.008789 0.069336
0 0.768555 0.391113 0.008789 0.073242
0 0.781494 0.394043 0.009277 0.059570
0 0.795166 0.391602 0.014160 0.066406
0 0.803711 0.390137 0.007812 0.059570
0 0.806152 0.375977 0.004883 0.035156
0 0.809570 0.392578 0.007812 0.068359
0 0.812012 0.392090 0.006836 0.063477
0 0.861084 0.363770 0.006348 0.030273
0 0.854492 0.376953 0.008789 0.044922
0 0.884521 0.381836 0.011230 0.062500
0 0.907227 0.375977 0.011719 0.060547
1 0.466797 0.421387 0.037109 0.043945
1 0.645264 0.417480 0.056152 0.081055
1 0.749512 0.369141 0.022461 0.009766
1 0.720215 0.400391 0.021484 0.033203
2 0.300781 0.435059 0.017578 0.028320