0 0.104980 0.459961 0.007812 0.052734
0 0.128418 0.444824 0.008789 0.016602
0 0.091797 0.451172 0.007812 0.019531
0 0.078369 0.463379 0.011230 0.053711
0 0.063232 0.468750 0.031738 0.181641
0 0.022949 0.474121 0.032227 0.176758
0 0.030029 0.511719 0.054199 0.447266
0 0.523193 0.427246 0.014160 0.088867
0 0.341553 0.459961 0.051270 0.285156
0 0.257568 0.465820 0.021973 0.171875
0 0.283447 0.501465 0.076660 0.219727
0 0.179199 0.458008 0.015625 0.136719
0 0.164795 0.452637 0.024902 0.168945
0 0.196533 0.464844 0.035645 0.197266
0 0.223145 0.481934 0.067383 0.305664
0 0.873047 0.421387 0.011719 0.030273
0 0.944580 0.429199 0.043457 0.233398
0 0.964355 0.437012 0.045898 0.237305
0 0.984375 0.434082 0.025391 0.254883
0 0.906006 0.387207 0.010254 0.061523
0 0.889160 0.451660 0.039062 0.250977
0 0.935547 0.436035 0.082031 0.293945
0 0.776367 0.419434 0.008789 0.032227
0 0.766357 0.403320 0.007324 0.017578
0 0.770752 0.421387 0.010254 0.030273
0 0.712891 0.404785 0.011719 0.073242
0 0.730225 0.420898 0.019043 0.085938
0 0.787109 0.435547 0.042969 0.183594
0 0.784180 0.442383 0.041992 0.185547
0 0.817383 0.450195 0.053711 0.318359
0 0.846924 0.462891 0.053223 0.314453
0 0.535156 0.426758 0.012695 0.082031
0 0.551270 0.444824 0.036133 0.215820
0 0.615234 0.349609 0.005859 0.025391
0 0.557861 0.450195 0.035645 0.226562
0 0.567627 0.451660 0.035645 0.233398
0 0.634521 0.458984 0.020020 0.142578
0 0.657471 0.449219 0.052246 0.175781
0 0.667969 0.451172 0.029297 0.197266
0 0.671143 0.444824 0.048340 0.213867
0 0.639160 0.444336 0.046875 0.236328
0 0.597900 0.459473 0.080566 0.309570
0 0.597168 0.479004 0.108398 0.401367
0 0.511963 0.430664 0.007324 0.083984
0 0.516357 0.467285 0.026855 0.180664
0 0.481934 0.450195 0.026367 0.232422
0 0.496582 0.455078 0.039062 0.230469
0 0.452148 0.614258 0.063477 0.078125
0 0.469727 0.462891 0.074219 0.382812
0 0.472900 0.598145 0.029785 0.081055
0 0.389160 0.491211 0.073242 0.363281
0 0.440918 0.498047 0.098633 0.429688
0 0.428955 0.498047 0.121582 0.458984
0 0.311523 0.472168 0.108398 0.458008
0 0.708008 0.431641 0.047852 0.195312
1 0.109619 0.466797 0.005371 0.031250
1 0.192627 0.451172 0.118652 0.115234
1 0.269775 0.442383 0.007324 0.033203
1 0.360840 0.443359 0.014648 0.058594
1 0.527588 0.428223 0.027832 0.069336
1 0.069092 0.478516 0.038574 0.033203
1 0.685303 0.424316 0.017090 0.092773
3 0.089355 0.473145 0.006836 0.022461