0 0.439453 0.385742 0.005859 0.009766
0 0.527344 0.392578 0.009766 0.031250
0 0.632812 0.389160 0.007812 0.028320
0 0.563232 0.410645 0.010254 0.075195
0 0.585938 0.412598 0.014648 0.071289
0 0.667969 0.385254 0.006836 0.032227
0 0.760742 0.400391 0.024414 0.082031
0 0.867676 0.422363 0.041016 0.168945
0 0.817139 0.416992 0.035645 0.191406
0 0.214111 0.389648 0.011230 0.029297
0 0.226562 0.386230 0.014648 0.028320
1 0.458252 0.389160 0.010254 0.010742
1 0.468750 0.390137 0.016602 0.026367
1 0.490234 0.393066 0.011719 0.024414
1 0.478760 0.395996 0.019043 0.030273
1 0.510254 0.392090 0.008789 0.016602
1 0.520508 0.391602 0.011719 0.023438
1 0.551758 0.393555 0.007812 0.019531
1 0.556641 0.395508 0.004883 0.025391
1 0.600342 0.414062 0.069824 0.078125
1 0.708008 0.446777 0.123047 0.159180
1 0.431396 0.412598 0.010254 0.043945
1 0.426025 0.413086 0.015137 0.044922
1 0.400635 0.409180 0.038574 0.072266
1 0.369873 0.418457 0.045410 0.081055
1 0.351807 0.429199 0.027832 0.071289
1 0.325928 0.437012 0.055176 0.090820
1 0.283936 0.446289 0.055176 0.101562
1 0.236084 0.457520 0.077637 0.116211
1 0.168213 0.475586 0.089355 0.148438
1 0.067383 0.469727 0.128906 0.259766