0 0.353760 0.413086 0.009277 0.050781
0 0.342529 0.416016 0.007324 0.044922
0 0.280762 0.413574 0.004883 0.026367
0 0.502441 0.397461 0.005859 0.009766
0 0.666992 0.378418 0.027344 0.098633
0 0.698486 0.446777 0.036621 0.221680
0 0.916504 0.475586 0.048828 0.250000
0 0.890869 0.473145 0.053223 0.274414
1 0.389648 0.420898 0.027344 0.074219
1 0.394531 0.426270 0.026367 0.083008
1 0.430176 0.429199 0.070312 0.118164
1 0.454346 0.447754 0.086426 0.127930
1 0.263184 0.412598 0.035156 0.086914
1 0.236816 0.412109 0.042969 0.107422
1 0.244629 0.429199 0.014648 0.088867
1 0.223389 0.423340 0.041504 0.127930
1 0.175293 0.433105 0.096680 0.141602
2 0.574463 0.453613 0.040527 0.114258
2 0.727783 0.453613 0.031738 0.094727