0 0.464355 0.295898 0.004883 0.009766
0 0.013916 0.308594 0.021973 0.042969
0 0.413574 0.385254 0.005859 0.034180
0 0.455811 0.380859 0.005371 0.019531
0 0.464600 0.393555 0.009277 0.041016
0 0.513184 0.386719 0.004883 0.033203
0 0.518799 0.387207 0.005371 0.032227
0 0.704346 0.435547 0.046387 0.228516
0 0.770264 0.417969 0.049316 0.265625
1 0.472656 0.380859 0.007812 0.017578
1 0.489502 0.384277 0.020020 0.022461
1 0.711182 0.407715 0.074707 0.086914
1 0.495361 0.388184 0.005371 0.010742
1 0.521729 0.385742 0.036621 0.031250
1 0.523438 0.388184 0.015625 0.024414
1 0.582275 0.378418 0.085449 0.061523
1 0.592041 0.389648 0.034668 0.039062
1 0.597656 0.394531 0.028320 0.033203
1 0.633301 0.411133 0.078125 0.062500
1 0.762207 0.423828 0.155273 0.113281
1 0.781738 0.414551 0.112305 0.098633
1 0.820801 0.386719 0.031250 0.029297
1 0.800049 0.425781 0.135254 0.123047
1 0.885010 0.436035 0.224121 0.180664
1 0.904297 0.471680 0.185547 0.210938
1 0.944336 0.435547 0.105469 0.226562
1 0.955078 0.550293 0.083984 0.192383
1 0.368896 0.377930 0.071777 0.083984
1 0.374023 0.403320 0.021484 0.039062
1 0.361328 0.395020 0.016602 0.065430
1 0.346191 0.388184 0.034180 0.081055
1 0.343018 0.414551 0.020020 0.047852
1 0.277588 0.391602 0.113770 0.126953
1 0.236816 0.397949 0.097656 0.108398
1 0.214844 0.404785 0.085938 0.118164
1 0.138916 0.394531 0.091309 0.154297
1 0.102783 0.403320 0.110840 0.164062
1 0.057129 0.410156 0.108398 0.167969
1 0.032471 0.431152 0.059082 0.166992
1 0.425293 0.390137 0.025391 0.043945