0 0.554932 0.438965 0.058105 0.243164
0 0.538330 0.441895 0.066895 0.258789
1 0.499023 0.399902 0.027344 0.038086
1 0.506836 0.404297 0.010742 0.027344
1 0.504395 0.406738 0.007812 0.032227
1 0.501221 0.405762 0.009277 0.030273
1 0.496338 0.409180 0.014160 0.046875
1 0.494873 0.410156 0.007324 0.037109
1 0.490967 0.411621 0.011230 0.051758
1 0.440918 0.409180 0.095703 0.101562
1 0.428955 0.425293 0.050293 0.086914
1 0.423340 0.429199 0.046875 0.084961
1 0.253662 0.489258 0.234863 0.335938
1 0.141357 0.565430 0.276855 0.517578
1 0.590332 0.375000 0.054688 0.021484
1 0.576904 0.399902 0.025879 0.028320
1 0.582520 0.409668 0.028320 0.045898
1 0.595215 0.415039 0.022461 0.064453
1 0.604980 0.410645 0.022461 0.057617
1 0.617676 0.427246 0.034180 0.098633
1 0.673096 0.421387 0.076660 0.155273
1 0.683350 0.435547 0.069824 0.132812
1 0.732422 0.438965 0.087891 0.165039
1 0.882324 0.414551 0.229492 0.362305
1 0.943604 0.464844 0.106934 0.384766
1 0.958984 0.624023 0.076172 0.291016