0 0.751709 0.395508 0.011230 0.015625
0 0.767578 0.394043 0.006836 0.012695
0 0.779297 0.398438 0.007812 0.019531
0 0.818604 0.388672 0.009277 0.060547
0 0.810547 0.391113 0.011719 0.057617
0 0.828125 0.382324 0.010742 0.063477
0 0.846191 0.378906 0.010742 0.091797
0 0.833496 0.385254 0.014648 0.083008
0 0.864258 0.356445 0.008789 0.046875
0 0.857910 0.401855 0.026367 0.129883
0 0.875000 0.376953 0.007812 0.068359
0 0.892090 0.357422 0.004883 0.013672
0 0.896973 0.378906 0.010742 0.070312
0 0.879639 0.356934 0.009277 0.032227
0 0.905518 0.379883 0.010254 0.074219
0 0.915039 0.375977 0.016602 0.097656
0 0.924805 0.381348 0.016602 0.092773
0 0.946045 0.377441 0.010254 0.094727
0 0.935059 0.384277 0.018555 0.102539
0 0.953369 0.378906 0.011230 0.091797
0 0.961182 0.374023 0.006348 0.089844
0 0.961670 0.383301 0.020996 0.108398
0 0.950439 0.388184 0.022949 0.110352
0 0.994385 0.359375 0.005371 0.048828
0 0.988037 0.358398 0.010254 0.046875
0 0.966797 0.376465 0.012695 0.083008
0 0.979248 0.368652 0.022949 0.086914
0 0.887939 0.406738 0.023926 0.122070
0 0.697266 0.399414 0.006836 0.044922
0 0.650146 0.402344 0.008301 0.039062
0 0.627686 0.400879 0.007324 0.041992
0 0.621582 0.399414 0.006836 0.044922
0 0.608398 0.402344 0.006836 0.039062
0 0.601807 0.401367 0.007324 0.035156
0 0.587646 0.403809 0.008301 0.041992
0 0.593018 0.406250 0.008301 0.031250
0 0.596436 0.409180 0.006348 0.025391
0 0.348877 0.421387 0.006348 0.028320
0 0.341797 0.426270 0.009766 0.014648
0 0.342285 0.422363 0.006836 0.030273
0 0.325928 0.427734 0.005371 0.019531
0 0.318604 0.419434 0.009277 0.036133
0 0.295654 0.420898 0.006348 0.033203
0 0.300537 0.408691 0.010254 0.057617
0 0.310059 0.419922 0.007812 0.035156
0 0.286377 0.423340 0.009277 0.034180
0 0.277832 0.413086 0.010742 0.050781
0 0.223389 0.423340 0.007324 0.038086
0 0.229980 0.415527 0.012695 0.049805
0 0.241211 0.411621 0.013672 0.057617
0 0.212402 0.417969 0.010742 0.048828
0 0.197754 0.416992 0.006836 0.050781
0 0.186523 0.416992 0.015625 0.083984
0 0.173096 0.415527 0.013184 0.086914
0 0.163818 0.439941 0.020020 0.129883
0 0.150879 0.438965 0.017578 0.137695
0 0.135010 0.440430 0.011230 0.076172
0 0.060059 0.415039 0.011719 0.062500
0 0.091553 0.390137 0.013184 0.040039
0 0.114502 0.425293 0.012207 0.104492
0 0.106934 0.450684 0.012695 0.155273
0 0.096680 0.453613 0.029297 0.161133
0 0.073486 0.452637 0.020020 0.161133
0 0.037842 0.415527 0.014160 0.096680
0 0.041992 0.423340 0.019531 0.096680
0 0.006592 0.421387 0.007324 0.075195
0 0.017334 0.420410 0.020996 0.094727
1 0.977295 0.451172 0.039551 0.158203
1 0.657715 0.403809 0.008789 0.030273
1 0.570068 0.404297 0.016113 0.052734
1 0.457764 0.407715 0.034668 0.059570
1 0.504639 0.410156 0.014160 0.035156
1 0.536621 0.387695 0.054688 0.115234
1 0.215332 0.434570 0.013672 0.011719
1 0.213135 0.420898 0.009277 0.039062