0 0.242432 0.427734 0.012207 0.050781
0 0.499756 0.448730 0.011230 0.092773
0 0.521973 0.448242 0.012695 0.097656
0 0.486572 0.448242 0.020020 0.101562
0 0.471924 0.445801 0.017090 0.108398
0 0.683838 0.418457 0.011230 0.051758
0 0.710693 0.416504 0.008301 0.045898
0 0.718018 0.416016 0.008301 0.046875
0 0.703125 0.415039 0.006836 0.044922
0 0.696533 0.418457 0.010254 0.055664
0 0.744873 0.415039 0.008301 0.039062
0 0.791504 0.398438 0.004883 0.009766
1 0.201416 0.431641 0.009277 0.019531
1 0.190186 0.429199 0.015137 0.022461
1 0.157471 0.432617 0.008301 0.013672
1 0.153320 0.432617 0.009766 0.013672
1 0.137939 0.434082 0.012207 0.016602
1 0.850098 0.412109 0.011719 0.031250
1 0.842041 0.416992 0.015137 0.029297
1 0.837891 0.417969 0.005859 0.025391
1 0.827393 0.419434 0.021973 0.032227
1 0.866699 0.407715 0.041016 0.059570
1 0.782959 0.443359 0.065918 0.078125
1 0.877197 0.587402 0.239746 0.495117