0 0.341797 0.370605 0.018555 0.022461
0 0.613770 0.374023 0.010742 0.017578
0 0.696045 0.382324 0.013184 0.055664
0 0.685547 0.362305 0.013672 0.033203
0 0.709473 0.407227 0.015625 0.103516
0 0.723389 0.408691 0.024902 0.118164
1 0.156982 0.497070 0.234863 0.294922
1 0.427979 0.389648 0.065918 0.103516
1 0.432129 0.416992 0.018555 0.062500
1 0.427246 0.422363 0.017578 0.067383
1 0.409668 0.426270 0.035156 0.075195
1 0.384521 0.437012 0.038574 0.098633
1 0.332764 0.450195 0.091309 0.140625
1 0.885498 0.535156 0.223145 0.400391
1 0.937256 0.627930 0.119629 0.435547
1 0.569580 0.399902 0.042480 0.075195
1 0.573242 0.410645 0.037109 0.067383
1 0.580322 0.415527 0.031738 0.067383
1 0.579834 0.420898 0.020020 0.074219
1 0.588867 0.430176 0.032227 0.094727
1 0.605957 0.437012 0.035156 0.108398
1 0.655273 0.441406 0.105469 0.144531