0 0.266113 0.383789 0.014648 0.054688
0 0.248779 0.381836 0.012207 0.095703
0 0.415527 0.418945 0.070312 0.283203
0 0.391602 0.412598 0.080078 0.321289
1 0.489014 0.386719 0.010254 0.015625
1 0.473877 0.385742 0.014160 0.025391
1 0.358154 0.384277 0.058105 0.129883
1 0.344482 0.414062 0.048340 0.082031
1 0.127686 0.499512 0.249512 0.641602
1 0.526611 0.382812 0.027832 0.048828
1 0.549561 0.401855 0.026855 0.065430
1 0.560791 0.406250 0.031738 0.070312
2 0.333496 0.416504 0.020508 0.081055
2 0.318848 0.420898 0.033203 0.078125
2 0.672119 0.417969 0.029785 0.082031
2 0.822510 0.531250 0.088379 0.177734
2 0.885986 0.524414 0.209473 0.306641
2 0.934326 0.524902 0.113770 0.340820