0 0.593506 0.415039 0.010254 0.052734
0 0.757812 0.402832 0.005859 0.049805
0 0.763672 0.394531 0.007812 0.064453
0 0.519531 0.416992 0.013672 0.058594
0 0.318848 0.430664 0.005859 0.054688
0 0.323242 0.426270 0.007812 0.063477
0 0.201416 0.450195 0.058105 0.277344
0 0.484375 0.441406 0.074219 0.238281
1 0.729980 0.408203 0.008789 0.011719
1 0.739258 0.412109 0.035156 0.035156
1 0.660889 0.393555 0.129395 0.091797
1 0.840576 0.389648 0.149902 0.085938
1 0.356445 0.421387 0.060547 0.067383
1 0.443604 0.406738 0.139160 0.096680
1 0.141846 0.402344 0.166504 0.136719
2 0.558105 0.431641 0.016602 0.023438
2 0.526123 0.432129 0.020020 0.028320