0 0.113037 0.426758 0.021973 0.107422
0 0.143799 0.432129 0.019043 0.106445
0 0.164307 0.433105 0.017090 0.102539
0 0.307861 0.407227 0.008301 0.027344
1 0.556885 0.413086 0.013184 0.042969
1 0.902588 0.429688 0.089355 0.064453
1 0.565674 0.419922 0.013184 0.037109
1 0.456299 0.401367 0.016113 0.011719
1 0.447266 0.415039 0.016602 0.029297
1 0.441406 0.416992 0.009766 0.027344
1 0.464111 0.413574 0.019043 0.028320
1 0.480957 0.413574 0.013672 0.020508
1 0.520752 0.445801 0.078613 0.120117
2 0.605225 0.429199 0.023926 0.030273
2 0.305176 0.436035 0.004883 0.028320
2 0.593262 0.433105 0.028320 0.028320