0 0.140137 0.428711 0.025391 0.054688
0 0.200928 0.411133 0.013184 0.076172
0 0.251465 0.410645 0.004883 0.053711
0 0.245117 0.409180 0.010742 0.062500
0 0.255127 0.407715 0.008301 0.061523
0 0.281494 0.407715 0.012207 0.061523
0 0.324951 0.402344 0.005371 0.042969
0 0.738525 0.352539 0.007324 0.009766
1 0.538086 0.397949 0.006836 0.014648
1 0.531982 0.396973 0.007324 0.016602
1 0.526855 0.397949 0.006836 0.014648
1 0.522461 0.397949 0.004883 0.014648
1 0.513916 0.395020 0.012207 0.022461
1 0.510742 0.398438 0.007812 0.015625
1 0.501465 0.397949 0.013672 0.020508
1 0.488281 0.397949 0.014648 0.020508
1 0.480957 0.399902 0.008789 0.018555
1 0.472412 0.399902 0.012207 0.022461
1 0.459473 0.398438 0.012695 0.025391
1 0.452637 0.401367 0.009766 0.025391
1 0.445068 0.402344 0.014160 0.029297
1 0.439941 0.403320 0.005859 0.031250
1 0.436279 0.404297 0.008301 0.033203
1 0.431396 0.404785 0.009277 0.038086
1 0.414062 0.402832 0.028320 0.049805
1 0.414307 0.410156 0.011230 0.039062
1 0.403809 0.411621 0.024414 0.045898
1 0.385010 0.415527 0.025879 0.055664
1 0.363037 0.420898 0.045410 0.060547
1 0.543213 0.399902 0.006348 0.028320
1 0.550293 0.400391 0.015625 0.033203
1 0.552979 0.402344 0.013184 0.033203
1 0.555420 0.404785 0.010254 0.038086
1 0.561035 0.404785 0.013672 0.043945
1 0.572266 0.405273 0.027344 0.044922
1 0.583008 0.409180 0.039062 0.050781
1 0.624023 0.423340 0.038086 0.086914
1 0.638184 0.425293 0.034180 0.094727
1 0.662842 0.431641 0.054199 0.123047
1 0.709961 0.434082 0.090820 0.172852
1 0.797607 0.456543 0.177246 0.227539
1 0.918945 0.492676 0.156250 0.346680
2 0.188477 0.446777 0.016602 0.045898
2 0.214844 0.437012 0.009766 0.049805