0 0.444824 0.366211 0.005859 0.037109
0 0.524902 0.365234 0.010742 0.058594
0 0.415039 0.369141 0.004883 0.035156
0 0.289062 0.391113 0.013672 0.057617
0 0.253906 0.369141 0.004883 0.009766
0 0.283203 0.388184 0.020508 0.067383
0 0.217529 0.395020 0.014160 0.065430
0 0.056396 0.396973 0.005371 0.065430
0 0.061523 0.396484 0.014648 0.068359
0 0.045898 0.397949 0.014648 0.063477
0 0.029785 0.404785 0.011719 0.049805
1 0.563477 0.364746 0.058594 0.028320
1 0.472656 0.391602 0.051758 0.082031
1 0.247070 0.383301 0.033203 0.034180
2 0.512695 0.399902 0.030273 0.049805
2 0.143555 0.410645 0.032227 0.034180
3 0.606445 0.365723 0.016602 0.022461