0 0.099121 0.428711 0.008789 0.046875
0 0.130127 0.439941 0.009277 0.032227
0 0.146484 0.454102 0.006836 0.054688
0 0.152344 0.449219 0.015625 0.066406
0 0.187256 0.446289 0.017090 0.072266
0 0.173584 0.449707 0.009277 0.065430
0 0.201416 0.437500 0.007324 0.046875
0 0.212158 0.446777 0.009277 0.053711
0 0.234375 0.432617 0.007812 0.039062
0 0.419189 0.406738 0.009277 0.075195
0 0.404297 0.408203 0.008789 0.041016
0 0.375732 0.413086 0.008301 0.035156
0 0.365479 0.418945 0.007324 0.042969
0 0.359375 0.419434 0.008789 0.043945
0 0.343262 0.418945 0.006836 0.037109
0 0.348633 0.417480 0.006836 0.041992
0 0.279297 0.428711 0.005859 0.042969
0 0.270264 0.433105 0.007324 0.040039
0 0.274658 0.430664 0.009277 0.041016
0 0.310303 0.430664 0.014160 0.050781
0 0.295410 0.436523 0.014648 0.048828
0 0.855469 0.375488 0.048828 0.221680
0 0.856201 0.365723 0.046387 0.252930
0 0.556152 0.347656 0.008789 0.072266
0 0.562744 0.380859 0.022949 0.185547
0 0.548828 0.392090 0.017578 0.157227
0 0.527100 0.423340 0.063965 0.291992
0 0.588379 0.425781 0.054688 0.289062
0 0.644287 0.367676 0.033691 0.245117
0 0.691162 0.372559 0.024902 0.254883
0 0.723877 0.288574 0.038574 0.102539
0 0.719238 0.377930 0.049805 0.255859
0 0.674072 0.392578 0.041504 0.312500
0 0.654785 0.414062 0.048828 0.326172
0 0.767578 0.369141 0.048828 0.240234
0 0.789062 0.358887 0.051758 0.282227
0 0.758545 0.380371 0.041504 0.270508
1 0.114258 0.455566 0.025391 0.057617
1 0.976562 0.361816 0.041016 0.295898
1 0.406006 0.409668 0.020996 0.036133
1 0.389893 0.435059 0.031738 0.053711
2 0.225586 0.450195 0.008789 0.029297
2 0.242432 0.448730 0.006348 0.032227