0 0.657227 0.373047 0.004883 0.044922
0 0.652588 0.374023 0.007324 0.048828
0 0.628418 0.375000 0.005859 0.052734
0 0.626465 0.377441 0.004883 0.047852
0 0.622559 0.373535 0.006836 0.051758
0 0.566895 0.345703 0.005859 0.023438
0 0.561523 0.347656 0.006836 0.033203
0 0.567871 0.366211 0.005859 0.037109
0 0.567871 0.395020 0.005859 0.022461
0 0.528809 0.349609 0.007812 0.033203
0 0.493164 0.347656 0.004883 0.033203
0 0.514648 0.347656 0.004883 0.042969
0 0.507324 0.354492 0.006836 0.039062
0 0.499756 0.343262 0.009277 0.028320
0 0.460449 0.343750 0.008789 0.044922
0 0.467041 0.345215 0.006348 0.038086
0 0.473877 0.343262 0.009277 0.045898
0 0.480469 0.348145 0.007812 0.036133
0 0.411621 0.341309 0.004883 0.034180
0 0.406738 0.336914 0.005859 0.039062
0 0.399658 0.344238 0.006348 0.041992
0 0.405273 0.342773 0.009766 0.037109
0 0.423828 0.342773 0.006836 0.027344
0 0.416504 0.340332 0.009766 0.038086
0 0.432373 0.346680 0.005371 0.041016
0 0.445801 0.324219 0.005859 0.009766
0 0.450928 0.344238 0.007324 0.041992
0 0.436523 0.344727 0.006836 0.033203
0 0.443604 0.348633 0.008301 0.048828
0 0.369385 0.328125 0.012207 0.037109
0 0.350342 0.348633 0.005371 0.037109
0 0.358154 0.339844 0.011230 0.054688
0 0.368408 0.342773 0.010254 0.048828
0 0.465576 0.381836 0.010254 0.046875
0 0.474121 0.387695 0.010742 0.056641
0 0.416992 0.362793 0.004883 0.016602
0 0.421387 0.370117 0.007812 0.027344
0 0.437012 0.366211 0.006836 0.013672
0 0.427490 0.364258 0.012207 0.019531
0 0.449951 0.365723 0.009277 0.016602
0 0.407227 0.395508 0.007812 0.056641
0 0.413574 0.387695 0.007812 0.058594
0 0.342285 0.339355 0.007812 0.028320
0 0.325684 0.343262 0.004883 0.047852
0 0.338135 0.348633 0.012207 0.037109
0 0.320557 0.340332 0.014160 0.053711
0 0.181641 0.332031 0.012695 0.072266
0 0.215820 0.346191 0.008789 0.045898
0 0.209473 0.346680 0.005859 0.042969
0 0.246582 0.348145 0.004883 0.040039
0 0.267822 0.347168 0.007324 0.043945
0 0.250977 0.345703 0.009766 0.044922
0 0.260010 0.342773 0.010254 0.052734
0 0.224365 0.346191 0.007324 0.043945
0 0.231934 0.343262 0.009766 0.051758
0 0.241455 0.344238 0.009277 0.049805
0 0.201416 0.343750 0.011230 0.050781
0 0.195557 0.357910 0.011230 0.018555
0 0.189453 0.338379 0.014648 0.059570
0 0.151855 0.339355 0.006836 0.055664
0 0.143799 0.334473 0.014160 0.063477
0 0.090332 0.338379 0.012695 0.049805
0 0.063965 0.329590 0.014648 0.057617
0 0.076172 0.344727 0.007812 0.025391
0 0.048584 0.324707 0.008301 0.069336
0 0.032471 0.328125 0.005371 0.037109
0 0.038330 0.325195 0.021973 0.068359
0 0.009766 0.321777 0.011719 0.063477
0 0.018066 0.320801 0.011719 0.071289
0 0.024658 0.324219 0.013184 0.070312
0 0.573486 0.373047 0.006348 0.035156
0 0.556152 0.367188 0.008789 0.035156
0 0.064697 0.402832 0.007324 0.083008
0 0.071533 0.398438 0.014160 0.095703
1 0.817139 0.344727 0.034668 0.021484
1 0.822754 0.358398 0.034180 0.027344
1 0.775635 0.367676 0.014160 0.038086
1 0.802246 0.373047 0.023438 0.033203
1 0.917725 0.367188 0.014160 0.044922
1 0.897705 0.375977 0.038574 0.064453
1 0.759766 0.367676 0.014648 0.038086
1 0.739258 0.367188 0.026367 0.044922
1 0.725342 0.377930 0.025879 0.037109
1 0.347168 0.401367 0.071289 0.058594
1 0.532959 0.395508 0.056152 0.056641
1 0.438965 0.431152 0.073242 0.118164
2 0.400879 0.400879 0.015625 0.038086
2 0.218018 0.409180 0.015137 0.046875
2 0.130127 0.407227 0.020020 0.048828
2 0.142334 0.432129 0.013184 0.010742
2 0.055176 0.416016 0.016602 0.056641
3 0.510010 0.454102 0.090332 0.126953