0 0.274414 0.418457 0.005859 0.055664
0 0.652344 0.399414 0.008789 0.042969
0 0.148193 0.433105 0.022949 0.143555
0 0.092285 0.406738 0.012695 0.022461
0 0.077881 0.400391 0.017090 0.060547
0 0.113525 0.387207 0.017090 0.057617
0 0.020020 0.416016 0.012695 0.029297
0 0.035400 0.423828 0.017090 0.060547
0 0.244629 0.416016 0.004883 0.033203
0 0.283936 0.394531 0.006348 0.017578
0 0.289551 0.395996 0.004883 0.014648
0 0.294189 0.392090 0.009277 0.022461
0 0.452881 0.414551 0.006348 0.026367
0 0.468262 0.433594 0.018555 0.035156
0 0.478760 0.416992 0.005371 0.019531
0 0.505127 0.406738 0.005371 0.026367
0 0.501221 0.407715 0.005371 0.028320
0 0.490967 0.407715 0.005371 0.038086
0 0.488525 0.408691 0.014160 0.084961
0 0.538086 0.396484 0.006836 0.015625
0 0.533203 0.402832 0.004883 0.028320
0 0.571777 0.390625 0.005859 0.019531
0 0.607422 0.387207 0.007812 0.014648
0 0.640381 0.388184 0.006348 0.016602
0 0.640625 0.406250 0.007812 0.029297
0 0.659668 0.398926 0.008789 0.038086
0 0.423828 0.414062 0.006836 0.031250
1 0.783691 0.475098 0.178711 0.249023
1 0.908203 0.516602 0.177734 0.406250
1 0.309570 0.417480 0.008789 0.026367
1 0.325439 0.411621 0.030762 0.041992
1 0.345947 0.418457 0.017090 0.022461
1 0.402588 0.414062 0.039551 0.031250
1 0.444580 0.414062 0.034668 0.025391
1 0.582275 0.415527 0.036621 0.040039
1 0.612061 0.414062 0.046387 0.046875
1 0.368164 0.415039 0.029297 0.039062
2 0.217041 0.453613 0.045410 0.079102
2 0.200439 0.450684 0.053223 0.086914
2 0.181396 0.420898 0.020996 0.027344
2 0.176514 0.457031 0.035645 0.078125
2 0.161865 0.460938 0.035645 0.093750
2 0.108643 0.465332 0.080566 0.100586
2 0.626709 0.442871 0.012207 0.057617
3 0.665527 0.466309 0.006836 0.012695