0 0.406494 0.409180 0.019043 0.132812
0 0.376465 0.410156 0.011719 0.128906
0 0.427734 0.405273 0.026367 0.146484
0 0.452148 0.410645 0.026367 0.133789
0 0.363281 0.416992 0.035156 0.146484
0 0.390869 0.405762 0.028809 0.168945
0 0.164307 0.414062 0.009277 0.015625
0 0.551025 0.403320 0.011230 0.058594
0 0.542480 0.402832 0.015625 0.086914
0 0.607178 0.410156 0.009277 0.037109
0 0.597900 0.404297 0.009277 0.046875
0 0.736816 0.392090 0.013672 0.055664
0 0.651855 0.406738 0.009766 0.053711
0 0.561768 0.399414 0.021973 0.097656
0 0.046875 0.404297 0.014648 0.046875
0 0.059814 0.403320 0.008301 0.025391
1 0.342041 0.415039 0.011230 0.050781
1 0.350342 0.429688 0.015137 0.025391
1 0.819580 0.402344 0.104004 0.080078
1 0.933350 0.394531 0.127441 0.097656
1 0.067383 0.621582 0.128906 0.514648
2 0.216553 0.460938 0.031738 0.058594
2 0.272949 0.441895 0.029297 0.086914
2 0.494141 0.422363 0.022461 0.053711
2 0.479248 0.423340 0.020020 0.049805
2 0.086914 0.428711 0.073242 0.054688
3 0.553223 0.421875 0.029297 0.031250