0 0.954834 0.354004 0.008301 0.012695
0 0.967041 0.351074 0.014160 0.018555
0 0.768066 0.355469 0.007812 0.031250
0 0.904053 0.376953 0.009277 0.070312
0 0.891357 0.379395 0.018066 0.073242
0 0.936279 0.352539 0.011230 0.013672
0 0.865967 0.371582 0.014160 0.067383
0 0.670410 0.375488 0.005859 0.065430
0 0.676025 0.375488 0.010254 0.063477
0 0.849854 0.371582 0.009277 0.069336
0 0.706055 0.378906 0.012695 0.068359
0 0.798828 0.475098 0.059570 0.407227
0 0.414551 0.352051 0.005859 0.034180
0 0.419189 0.352051 0.007324 0.034180
1 0.961182 0.351562 0.034668 0.015625
1 0.968506 0.355469 0.020020 0.009766
1 0.838867 0.366699 0.020508 0.041992
1 0.834473 0.372070 0.012695 0.025391
1 0.782227 0.365723 0.011719 0.024414
1 0.730713 0.358887 0.038574 0.028320
1 0.666748 0.363770 0.054199 0.036133
2 0.754395 0.388184 0.027344 0.040039
2 0.727051 0.388672 0.032227 0.041016
2 0.708252 0.392090 0.035645 0.041992
2 0.430176 0.359863 0.011719 0.020508
2 0.602051 0.425781 0.005859 0.015625
2 0.556152 0.406738 0.005859 0.047852
2 0.601807 0.406250 0.010254 0.056641