0 0.624268 0.382324 0.006348 0.036133
0 0.573975 0.388672 0.005371 0.029297
0 0.578125 0.385742 0.005859 0.033203
0 0.581543 0.385254 0.005859 0.038086
0 0.601807 0.386230 0.008301 0.032227
0 0.562500 0.389160 0.006836 0.036133
0 0.568604 0.386719 0.007324 0.037109
0 0.436279 0.397461 0.006348 0.015625
0 0.407715 0.402344 0.005859 0.011719
0 0.442627 0.398438 0.007324 0.015625
0 0.469238 0.394043 0.004883 0.016602
0 0.464355 0.391602 0.007812 0.021484
0 0.510254 0.389160 0.004883 0.020508
0 0.982666 0.319336 0.005371 0.011719
0 0.917725 0.332520 0.007324 0.018555
0 0.871826 0.365234 0.009277 0.074219
0 0.894531 0.368164 0.014648 0.060547
0 0.679443 0.396973 0.013184 0.059570
0 0.668213 0.394531 0.014160 0.068359
0 0.903564 0.348633 0.010254 0.037109
1 0.554199 0.392578 0.023438 0.021484
1 0.602539 0.385742 0.020508 0.027344
1 0.623535 0.382324 0.017578 0.028320
1 0.681885 0.363281 0.010254 0.009766
1 0.655029 0.380371 0.050293 0.043945
1 0.683838 0.393066 0.023926 0.069336
2 0.588623 0.394043 0.015137 0.020508
2 0.864990 0.416992 0.007324 0.062500