0 0.158691 0.375977 0.006836 0.050781
0 0.008057 0.365723 0.010254 0.059570
0 0.951172 0.054688 0.019531 0.058594
0 0.989502 0.049316 0.015137 0.041992
0 0.974609 0.049316 0.022461 0.045898
0 0.574707 0.271484 0.004883 0.011719
0 0.861572 0.104004 0.010254 0.022461
0 0.833984 0.095215 0.010742 0.022461
0 0.890869 0.066406 0.018066 0.046875
0 0.904785 0.062012 0.019531 0.043945
0 0.977783 0.357422 0.038574 0.236328
0 0.804443 0.104004 0.013184 0.059570
0 0.818604 0.102051 0.020020 0.055664
0 0.793457 0.110352 0.011719 0.054688
0 0.886230 0.298340 0.016602 0.022461
0 0.786621 0.387207 0.051758 0.194336
0 0.735107 0.441406 0.065918 0.269531
0 0.670166 0.434570 0.065918 0.267578
0 0.062744 0.366699 0.022949 0.084961
0 0.039062 0.356934 0.043945 0.108398
0 0.183838 0.370605 0.032715 0.096680
0 0.200684 0.368652 0.032227 0.096680
0 0.109619 0.454102 0.039551 0.259766
0 0.351074 0.422363 0.053711 0.282227
0 0.356934 0.442383 0.038086 0.263672
0 0.362305 0.235352 0.004883 0.017578
0 0.442871 0.426270 0.053711 0.305664
0 0.504639 0.448730 0.069824 0.252930
1 0.530762 0.369141 0.010742 0.015625
1 0.481201 0.395996 0.006348 0.026367
1 0.553467 0.367188 0.006348 0.011719
1 0.486572 0.369629 0.013184 0.016602
1 0.486572 0.395996 0.012207 0.038086
1 0.522705 0.402832 0.013184 0.043945
2 0.873779 0.427734 0.043457 0.087891
2 0.841309 0.484863 0.164062 0.213867
2 0.897949 0.500977 0.187500 0.224609