0 0.331787 0.395020 0.013184 0.053711
0 0.477295 0.413086 0.005371 0.042969
0 0.374268 0.397461 0.017090 0.048828
0 0.497314 0.407227 0.013184 0.031250
1 0.472900 0.414551 0.007324 0.045898
1 0.459717 0.411621 0.026855 0.055664
1 0.449707 0.419434 0.016602 0.061523
1 0.433838 0.422852 0.048340 0.068359
1 0.557373 0.405762 0.032715 0.061523
1 0.595459 0.450195 0.102051 0.162109
1 0.786621 0.431152 0.313477 0.264648
2 0.281494 0.467773 0.095215 0.099609
3 0.928955 0.485840 0.070801 0.225586
3 0.731934 0.500488 0.112305 0.219727
3 0.785400 0.494629 0.127441 0.270508