0 0.031006 0.052734 0.007324 0.019531
0 0.122070 0.195312 0.008789 0.025391
0 0.652832 0.385742 0.004883 0.023438
0 0.697510 0.404297 0.010254 0.042969
0 0.457031 0.401855 0.006836 0.032227
0 0.160889 0.316895 0.007324 0.040039
0 0.208496 0.274414 0.007812 0.031250
0 0.220947 0.263672 0.009277 0.021484
0 0.239014 0.265625 0.008301 0.011719
0 0.247314 0.263672 0.006348 0.017578
0 0.212402 0.275879 0.007812 0.034180
0 0.218506 0.274414 0.005371 0.015625
0 0.203369 0.292969 0.009277 0.023438
0 0.192627 0.296387 0.005371 0.018555
0 0.704834 0.246094 0.006348 0.011719
0 0.709961 0.245117 0.005859 0.013672
0 0.629883 0.246094 0.005859 0.015625
0 0.597168 0.248047 0.006836 0.015625
0 0.575684 0.248047 0.006836 0.015625
0 0.517090 0.252441 0.005859 0.010742
0 0.487061 0.253906 0.005371 0.011719
0 0.490967 0.253418 0.006348 0.012695
0 0.504150 0.253418 0.005371 0.010742
0 0.348145 0.264648 0.008789 0.015625
0 0.369385 0.264648 0.006348 0.011719
0 0.728271 0.246094 0.006348 0.009766
0 0.442383 0.256836 0.007812 0.013672
0 0.322510 0.387695 0.020996 0.070312
0 0.747070 0.382812 0.006836 0.033203
0 0.750732 0.393066 0.005371 0.047852
0 0.710938 0.427734 0.015625 0.109375
0 0.718506 0.428223 0.012207 0.104492
0 0.892822 0.372559 0.010254 0.020508
0 0.896240 0.404297 0.012207 0.064453
0 0.803711 0.416016 0.012695 0.080078
0 0.826904 0.408203 0.006348 0.080078
0 0.820312 0.411621 0.012695 0.083008
0 0.811523 0.424316 0.014648 0.079102
0 0.838867 0.398438 0.005859 0.039062
0 0.830566 0.419922 0.010742 0.085938
0 0.836670 0.443848 0.009277 0.055664
0 0.887939 0.428711 0.033691 0.140625
0 0.859131 0.420410 0.012207 0.102539
0 0.862549 0.425781 0.025879 0.152344
0 0.770508 0.430176 0.028320 0.145508
0 0.757812 0.435547 0.028320 0.136719
1 0.662354 0.400879 0.008301 0.016602
1 0.647217 0.401367 0.015137 0.023438
1 0.633301 0.405273 0.020508 0.025391
1 0.679932 0.401855 0.027832 0.059570
1 0.548828 0.402832 0.021484 0.030273
1 0.516113 0.404785 0.024414 0.041992
1 0.484131 0.408203 0.016113 0.023438
1 0.474609 0.408203 0.010742 0.025391
1 0.466309 0.409668 0.011719 0.028320
1 0.448486 0.412109 0.009277 0.025391
1 0.438721 0.413574 0.020020 0.028320
1 0.409668 0.418945 0.049805 0.048828
1 0.123535 0.400879 0.032227 0.063477
1 0.059814 0.466797 0.113770 0.224609
1 0.230469 0.447754 0.246094 0.389648
1 0.703125 0.409668 0.008789 0.041992
1 0.734863 0.432617 0.032227 0.068359
2 0.705566 0.438477 0.009766 0.064453