0 0.223145 0.418945 0.006836 0.031250
0 0.230225 0.432129 0.011230 0.047852
0 0.217773 0.437012 0.014648 0.063477
0 0.203125 0.437012 0.007812 0.049805
0 0.196533 0.438477 0.006348 0.046875
0 0.188232 0.440430 0.009277 0.054688
0 0.190674 0.438965 0.009277 0.057617
0 0.162598 0.434082 0.011719 0.055664
0 0.153809 0.437012 0.009766 0.049805
0 0.120605 0.436035 0.009766 0.051758
0 0.095459 0.436035 0.006348 0.055664
0 0.843750 0.408691 0.005859 0.014648
0 0.829346 0.426758 0.009277 0.042969
0 0.395996 0.416016 0.004883 0.031250
0 0.401855 0.414551 0.006836 0.034180
1 0.179443 0.427734 0.032715 0.041016
1 0.316895 0.430176 0.035156 0.028320
1 0.287354 0.433594 0.057129 0.042969
1 0.130859 0.439941 0.056641 0.032227
1 0.374512 0.402344 0.013672 0.023438
1 0.383545 0.399414 0.013184 0.019531
1 0.417236 0.403809 0.014160 0.022461
1 0.430908 0.414551 0.015137 0.026367
1 0.465088 0.405762 0.014160 0.018555
1 0.455078 0.415039 0.016602 0.023438
1 0.520264 0.441406 0.020020 0.050781
1 0.503174 0.444336 0.041504 0.058594
1 0.693604 0.440918 0.033691 0.049805
2 0.845215 0.436035 0.007812 0.024414