0 0.994385 0.402344 0.005371 0.029297
0 0.758789 0.402832 0.004883 0.026367
0 0.763184 0.403809 0.007812 0.026367
0 0.791504 0.395020 0.014648 0.065430
0 0.463623 0.344727 0.011230 0.042969
0 0.515137 0.380371 0.015625 0.088867
0 0.537109 0.390625 0.016602 0.087891
0 0.474609 0.370117 0.021484 0.050781
0 0.497070 0.369629 0.022461 0.053711
0 0.447754 0.422363 0.038086 0.264648
0 0.423340 0.434570 0.041016 0.246094
0 0.016357 0.416992 0.026855 0.171875
0 0.006348 0.446777 0.006836 0.122070
0 0.105713 0.411621 0.009277 0.122070
0 0.098389 0.408691 0.020020 0.135742
0 0.119873 0.417480 0.032715 0.155273
0 0.090088 0.418457 0.045410 0.161133
0 0.193604 0.407715 0.027832 0.141602
0 0.218018 0.410645 0.030762 0.135742
0 0.294189 0.436035 0.030762 0.225586
0 0.271240 0.428711 0.050293 0.253906
0 0.648682 0.449707 0.103027 0.338867
0 0.595215 0.445801 0.081055 0.366211
1 0.885010 0.417969 0.144043 0.121094
2 0.343506 0.433105 0.056152 0.083008
2 0.042236 0.437988 0.035645 0.075195
2 0.093262 0.450684 0.059570 0.047852
2 0.155762 0.424316 0.045898 0.088867
3 0.962158 0.421875 0.017090 0.060547