0 0.562012 0.404297 0.004883 0.031250
0 0.556641 0.405762 0.004883 0.030273
0 0.700928 0.364258 0.010254 0.013672
0 0.744629 0.365234 0.010742 0.019531
0 0.489258 0.411621 0.012695 0.071289
0 0.449219 0.416016 0.011719 0.072266
0 0.440430 0.416504 0.013672 0.075195
1 0.525146 0.402344 0.010254 0.013672
1 0.533691 0.400879 0.005859 0.010742
1 0.546143 0.398438 0.014160 0.017578
1 0.546387 0.399902 0.005859 0.016602
1 0.553955 0.398926 0.012207 0.016602
1 0.570557 0.403320 0.012207 0.021484
1 0.586914 0.421875 0.031250 0.072266
1 0.630127 0.348633 0.055176 0.083984
1 0.598633 0.436035 0.022461 0.088867
1 0.630371 0.421875 0.069336 0.150391
1 0.652100 0.450684 0.058105 0.135742
1 0.708984 0.460449 0.103516 0.180664
1 0.757080 0.492188 0.125488 0.220703
1 0.869629 0.552246 0.254883 0.399414
1 0.511719 0.402832 0.004883 0.014648
1 0.389893 0.437012 0.028809 0.071289
1 0.370361 0.437012 0.025879 0.086914
1 0.336182 0.440430 0.055176 0.109375
1 0.327881 0.456055 0.041504 0.105469
1 0.276855 0.459473 0.087891 0.153320
1 0.209473 0.476074 0.090820 0.206055
1 0.124512 0.500488 0.144531 0.260742
1 0.062256 0.537598 0.118652 0.305664