0 0.031738 0.386719 0.005859 0.013672
0 0.071289 0.408691 0.006836 0.057617
0 0.048340 0.389160 0.004883 0.016602
0 0.042236 0.402344 0.012207 0.044922
0 0.095215 0.407715 0.006836 0.061523
0 0.089600 0.407227 0.010254 0.064453
0 0.080566 0.427734 0.017578 0.101562
0 0.099609 0.411621 0.007812 0.063477
0 0.113770 0.408203 0.006836 0.054688
0 0.108398 0.419922 0.012695 0.068359
0 0.118408 0.413086 0.008301 0.058594
0 0.125000 0.413574 0.007812 0.049805
0 0.138184 0.422852 0.006836 0.068359
0 0.146240 0.417480 0.010254 0.067383
0 0.133301 0.435547 0.018555 0.083984
0 0.161133 0.429688 0.013672 0.091797
0 0.177002 0.429688 0.013184 0.091797
0 0.172363 0.430176 0.019531 0.088867
0 0.321777 0.416992 0.010742 0.037109
0 0.218750 0.426758 0.005859 0.097656
0 0.397949 0.433105 0.010742 0.067383
0 0.227539 0.432129 0.018555 0.096680
0 0.461670 0.438965 0.026855 0.110352
0 0.479248 0.397949 0.008301 0.051758
0 0.484863 0.434082 0.026367 0.135742
0 0.491455 0.432129 0.032715 0.139648
0 0.867676 0.415039 0.005859 0.031250
0 0.877441 0.408691 0.009766 0.028320
0 0.864990 0.433594 0.012207 0.062500
0 0.547119 0.466309 0.023926 0.081055
0 0.823730 0.436523 0.030273 0.156250
0 0.803223 0.435059 0.031250 0.161133
0 0.514404 0.431152 0.015137 0.139648
0 0.518799 0.437988 0.009277 0.141602
0 0.532471 0.433594 0.035645 0.179688
0 0.566406 0.428711 0.027344 0.140625
0 0.539551 0.441895 0.040039 0.182617
0 0.629150 0.438477 0.020020 0.121094
0 0.589600 0.439941 0.022949 0.135742
0 0.662842 0.428711 0.020020 0.140625
0 0.677490 0.434082 0.027832 0.129883
0 0.642822 0.432129 0.020020 0.139648
0 0.656982 0.429688 0.023926 0.134766
0 0.658203 0.438965 0.024414 0.153320
0 0.702393 0.429199 0.037598 0.166992
0 0.723877 0.446289 0.026855 0.158203
0 0.765381 0.440918 0.032715 0.211914
0 0.740234 0.457520 0.036133 0.182617
0 0.255127 0.423828 0.020996 0.041016
0 0.254395 0.430176 0.014648 0.104492
0 0.275879 0.427734 0.023438 0.111328
0 0.289062 0.432617 0.022461 0.099609
1 0.985840 0.411133 0.022461 0.025391
1 0.969238 0.452148 0.050781 0.089844
1 0.915771 0.451172 0.094238 0.105469
1 0.040039 0.530762 0.074219 0.329102
2 0.588867 0.465332 0.026367 0.041992
2 0.788574 0.452148 0.012695 0.052734
3 0.623047 0.452637 0.044922 0.071289