0 0.666504 0.374023 0.004883 0.009766
0 0.673828 0.371582 0.008789 0.016602
0 0.881104 0.397461 0.031738 0.123047
0 0.706787 0.452637 0.042480 0.291992
0 0.763428 0.447266 0.059082 0.345703
1 0.460693 0.395508 0.012207 0.027344
1 0.444580 0.407227 0.029785 0.095703
1 0.438965 0.431641 0.017578 0.085938
1 0.382080 0.424316 0.116699 0.139648
1 0.402344 0.449219 0.034180 0.080078
1 0.337402 0.445312 0.136719 0.162109
1 0.296387 0.473633 0.191406 0.154297
1 0.468994 0.393555 0.017090 0.009766
1 0.469727 0.408691 0.023438 0.036133
1 0.501953 0.406738 0.018555 0.030273
1 0.520264 0.405273 0.018066 0.033203
1 0.531250 0.401855 0.013672 0.041992
1 0.565186 0.419922 0.019043 0.058594
1 0.569092 0.424316 0.014160 0.065430
1 0.589844 0.421387 0.047852 0.096680
1 0.600098 0.438965 0.051758 0.114258
1 0.649658 0.451660 0.091309 0.145508
2 0.486328 0.431152 0.017578 0.055664
2 0.719971 0.471680 0.104004 0.113281