0 0.358643 0.398926 0.010254 0.022461
0 0.163086 0.425293 0.013672 0.083008
0 0.105957 0.425293 0.023438 0.081055
0 0.516602 0.394531 0.006836 0.037109
0 0.483887 0.394531 0.007812 0.037109
0 0.510742 0.393555 0.005859 0.031250
0 0.146973 0.422363 0.013672 0.067383
0 0.523682 0.393555 0.009277 0.041016
1 0.412842 0.405273 0.082520 0.046875
1 0.434082 0.410156 0.015625 0.050781
1 0.424805 0.415039 0.026367 0.058594
1 0.419678 0.414062 0.019043 0.060547
1 0.394287 0.412109 0.045410 0.072266
1 0.278809 0.438965 0.068359 0.110352
1 0.479980 0.399414 0.009766 0.013672
1 0.554932 0.402832 0.017090 0.040039
1 0.580322 0.376465 0.042480 0.041992
1 0.576660 0.409180 0.035156 0.064453
1 0.582764 0.414551 0.020996 0.071289
1 0.602295 0.420410 0.038574 0.120117
1 0.610107 0.417480 0.020996 0.096680
1 0.648438 0.423340 0.074219 0.153320
1 0.734131 0.394531 0.142090 0.265625
1 0.493164 0.397461 0.011719 0.017578
1 0.805176 0.461914 0.184570 0.267578
1 0.903076 0.525879 0.187988 0.473633
2 0.385498 0.422363 0.021973 0.053711
2 0.272949 0.486816 0.045898 0.143555
2 0.321533 0.468262 0.024902 0.131836