0 0.622070 0.385742 0.006836 0.050781
0 0.668701 0.369629 0.013184 0.040039
0 0.657715 0.387207 0.010742 0.077148
0 0.671631 0.385742 0.015137 0.070312
0 0.690186 0.383789 0.013184 0.060547
0 0.715820 0.383789 0.007812 0.070312
0 0.709961 0.389160 0.007812 0.084961
0 0.724121 0.381836 0.017578 0.082031
0 0.781006 0.380859 0.014160 0.087891
0 0.834229 0.378418 0.020996 0.131836
0 0.883057 0.432129 0.028809 0.020508
0 0.923584 0.391113 0.029785 0.163086
0 0.755859 0.351562 0.032227 0.083984
0 0.754883 0.416016 0.024414 0.183594
0 0.735107 0.432129 0.015137 0.139648
0 0.746582 0.438477 0.018555 0.140625
0 0.981934 0.418945 0.030273 0.236328
0 0.247070 0.397949 0.012695 0.028320
0 0.158691 0.407227 0.009766 0.025391
0 0.703857 0.402832 0.014160 0.153320
1 0.541992 0.395508 0.027344 0.048828
1 0.304443 0.397461 0.022949 0.017578
1 0.274170 0.409668 0.038574 0.036133
1 0.207031 0.409668 0.009766 0.043945
1 0.318848 0.419434 0.048828 0.061523
1 0.507080 0.414062 0.058105 0.095703
1 0.412842 0.422363 0.063965 0.083008
1 0.108398 0.554199 0.210938 0.444336
2 0.680908 0.391602 0.010254 0.027344
2 0.594238 0.441406 0.009766 0.070312
2 0.569092 0.455566 0.028809 0.090820
3 0.174072 0.429199 0.025879 0.018555