0 0.484131 0.388184 0.008301 0.020508
0 0.449707 0.385254 0.006836 0.024414
0 0.423584 0.384766 0.006348 0.023438
0 0.401855 0.382812 0.008789 0.025391
0 0.395264 0.383789 0.006348 0.033203
0 0.408936 0.381348 0.011230 0.040039
0 0.826416 0.383789 0.020020 0.060547
0 0.131836 0.332031 0.013672 0.021484
0 0.871826 0.380859 0.012207 0.080078
0 0.851318 0.376465 0.020996 0.073242
1 0.545166 0.409180 0.012207 0.035156
1 0.541260 0.411133 0.008301 0.031250
1 0.532715 0.409180 0.014648 0.035156
1 0.522461 0.407715 0.008789 0.038086
1 0.513916 0.403320 0.014160 0.046875
1 0.378662 0.404785 0.021973 0.071289
1 0.315430 0.378418 0.070312 0.069336
1 0.342285 0.437012 0.012695 0.053711
1 0.288574 0.408203 0.109375 0.119141
1 0.283447 0.419922 0.081543 0.109375
1 0.197754 0.395020 0.119141 0.114258
1 0.098145 0.341309 0.093750 0.032227
1 0.052490 0.347656 0.099121 0.009766
1 0.159912 0.652832 0.313965 0.604492
1 0.679688 0.302246 0.274414 0.581055
2 0.358398 0.440918 0.030273 0.122070