0 0.314209 0.388184 0.006348 0.018555
0 0.309570 0.396973 0.004883 0.020508
1 0.717529 0.362793 0.022949 0.018555
1 0.587646 0.406738 0.028809 0.081055
1 0.594727 0.413086 0.039062 0.093750
1 0.608643 0.422363 0.038574 0.114258
1 0.665527 0.413086 0.111328 0.152344
1 0.551270 0.385254 0.031250 0.018555
1 0.519043 0.385742 0.006836 0.023438
1 0.482666 0.395508 0.069824 0.146484
1 0.341553 0.397949 0.015137 0.028320
1 0.259766 0.397949 0.061523 0.059570
1 0.250244 0.411133 0.038574 0.039062
1 0.248779 0.419434 0.029785 0.045898
1 0.234375 0.420410 0.016602 0.047852
1 0.226318 0.416992 0.013184 0.041016
1 0.160400 0.405762 0.088379 0.073242
1 0.198486 0.427246 0.061035 0.083008
1 0.287354 0.418457 0.034668 0.045898
1 0.058838 0.381836 0.111816 0.089844
1 0.087402 0.443848 0.073242 0.096680
1 0.023926 0.484863 0.041992 0.186523
1 0.358887 0.402832 0.009766 0.028320
1 0.377930 0.402832 0.036133 0.057617
2 0.827393 0.381836 0.009277 0.066406
2 0.314453 0.409180 0.004883 0.021484