0 0.391602 0.395508 0.005859 0.037109
0 0.437256 0.399414 0.005371 0.033203
0 0.477295 0.398438 0.005371 0.031250
0 0.453369 0.398438 0.007324 0.031250
0 0.427979 0.393066 0.005371 0.020508
0 0.419678 0.394043 0.009277 0.043945
0 0.513672 0.396973 0.006836 0.032227
0 0.483398 0.402832 0.006836 0.028320
0 0.526611 0.399414 0.008301 0.033203
0 0.551758 0.391602 0.015625 0.066406
0 0.570557 0.395508 0.020996 0.058594
0 0.567871 0.392578 0.013672 0.068359
0 0.675537 0.389160 0.020996 0.106445
0 0.726074 0.394043 0.037109 0.204102
0 0.765137 0.395020 0.038086 0.198242
0 0.374268 0.391602 0.007324 0.033203
0 0.297363 0.387207 0.006836 0.024414
0 0.287109 0.402344 0.005859 0.039062
0 0.281982 0.401367 0.005371 0.046875
0 0.278076 0.398438 0.005371 0.046875
0 0.271973 0.399902 0.009766 0.040039
0 0.259521 0.399414 0.008301 0.039062
0 0.256104 0.402344 0.011230 0.044922
0 0.241211 0.384277 0.004883 0.018555
0 0.234863 0.386230 0.008789 0.016602
0 0.225586 0.386230 0.005859 0.018555
0 0.221680 0.387695 0.005859 0.019531
0 0.141113 0.405273 0.007812 0.050781
0 0.182373 0.403809 0.011230 0.051758
0 0.197021 0.398926 0.010254 0.057617
0 0.152100 0.413086 0.007324 0.033203
0 0.123047 0.396484 0.008789 0.025391
1 0.335205 0.436523 0.095215 0.156250
1 0.159668 0.408203 0.012695 0.035156
1 0.125732 0.413574 0.025879 0.034180
1 0.043457 0.420898 0.034180 0.060547
1 0.017578 0.405762 0.029297 0.094727
2 0.896484 0.406738 0.020508 0.067383
3 0.748047 0.403809 0.016602 0.051758