0 0.094238 0.358398 0.009766 0.044922
0 0.070801 0.395996 0.021484 0.069336
0 0.265137 0.361328 0.006836 0.009766
0 0.123535 0.392578 0.012695 0.072266
0 0.134766 0.393066 0.012695 0.071289
0 0.139160 0.403320 0.020508 0.074219
0 0.157227 0.393555 0.009766 0.068359
0 0.170898 0.390625 0.010742 0.066406
0 0.181641 0.390625 0.013672 0.070312
0 0.164551 0.408691 0.020508 0.075195
0 0.950928 0.459473 0.092285 0.514648
0 0.484375 0.406250 0.024414 0.125000
0 0.521484 0.405762 0.015625 0.131836
0 0.507568 0.403809 0.023926 0.124023
0 0.488525 0.431152 0.020996 0.083008
0 0.554443 0.440918 0.057129 0.327148
0 0.540283 0.444824 0.072754 0.372070
0 0.602539 0.477051 0.076172 0.536133
0 0.673096 0.485352 0.087402 0.542969
0 0.457275 0.378906 0.006348 0.066406
0 0.299316 0.401367 0.018555 0.095703
0 0.396484 0.524414 0.132812 0.720703
0 0.390381 0.552246 0.175293 0.729492
2 0.721436 0.462402 0.023926 0.088867
2 0.595215 0.499512 0.073242 0.092773
2 0.320312 0.496582 0.056641 0.155273