0 0.278564 0.400391 0.006348 0.011719
0 0.134766 0.398926 0.010742 0.020508
0 0.579102 0.403320 0.008789 0.019531
0 0.587158 0.397461 0.006348 0.019531
0 0.764648 0.384277 0.015625 0.036133
0 0.788086 0.427734 0.026367 0.111328
0 0.858398 0.415527 0.022461 0.102539
0 0.886230 0.408203 0.022461 0.109375
0 0.780518 0.428711 0.025879 0.123047
1 0.307129 0.429688 0.029297 0.041016
1 0.250488 0.435547 0.025391 0.052734
1 0.218506 0.433594 0.043457 0.068359
1 0.173096 0.436523 0.058105 0.083984
1 0.119629 0.447266 0.065430 0.078125
1 0.043945 0.450195 0.082031 0.107422
1 0.606689 0.424805 0.063965 0.068359
1 0.526123 0.425781 0.041504 0.070312
1 0.739258 0.434082 0.086914 0.110352
1 0.278076 0.430664 0.036621 0.048828