0 0.029053 0.436523 0.007324 0.019531
1 0.656982 0.388184 0.022949 0.030273
1 0.659180 0.435547 0.023438 0.066406
1 0.696533 0.434570 0.081543 0.078125
1 0.816406 0.380371 0.160156 0.131836
1 0.776855 0.441895 0.079102 0.120117
1 0.854736 0.442383 0.137207 0.146484
1 0.947021 0.452637 0.100098 0.172852
1 0.558350 0.403320 0.015137 0.025391
1 0.532471 0.434082 0.013184 0.036133
1 0.547852 0.435547 0.033203 0.048828
1 0.604004 0.412109 0.091797 0.160156
1 0.491699 0.429199 0.021484 0.045898
1 0.500000 0.434082 0.030273 0.040039
1 0.428467 0.424805 0.014160 0.017578
1 0.437500 0.426270 0.008789 0.016602
1 0.456055 0.423340 0.028320 0.053711
1 0.394043 0.418945 0.014648 0.025391
1 0.351807 0.431152 0.012207 0.020508
1 0.338135 0.430176 0.015137 0.022461
1 0.276611 0.428223 0.015137 0.018555
1 0.262939 0.430664 0.011230 0.013672
1 0.285889 0.443359 0.014160 0.021484
1 0.253662 0.439453 0.020020 0.021484
1 0.257324 0.441406 0.007812 0.017578
1 0.241455 0.441406 0.029785 0.017578
1 0.212158 0.454590 0.031738 0.047852
1 0.183350 0.460938 0.026855 0.046875
1 0.162842 0.463867 0.025879 0.050781
1 0.137451 0.463379 0.036621 0.061523
1 0.098389 0.468750 0.055176 0.070312
1 0.043457 0.473633 0.061523 0.080078