1 0.537842 0.397949 0.009277 0.024414
1 0.507568 0.402832 0.049316 0.038086
1 0.562256 0.389160 0.043457 0.100586
1 0.565430 0.399414 0.024414 0.066406
1 0.573242 0.416016 0.028320 0.082031
1 0.643066 0.387695 0.120117 0.236328
1 0.848145 0.459961 0.297852 0.509766
1 0.934326 0.655762 0.125488 0.459961
1 0.463623 0.389160 0.040527 0.100586
1 0.464600 0.416504 0.011230 0.061523
1 0.461914 0.420410 0.016602 0.069336
1 0.451904 0.420898 0.024902 0.078125
1 0.412598 0.412109 0.073242 0.140625
1 0.415283 0.437988 0.032715 0.114258
1 0.396729 0.448730 0.053223 0.159180