0 0.272949 0.322754 0.016602 0.028320
0 0.799316 0.374512 0.010742 0.069336
0 0.569092 0.370605 0.006348 0.018555
0 0.574219 0.367676 0.005859 0.014648
0 0.562500 0.375000 0.007812 0.027344
0 0.555664 0.375000 0.007812 0.031250
0 0.785889 0.361328 0.028809 0.085938
0 0.818604 0.372070 0.030762 0.080078
0 0.708496 0.371582 0.013672 0.036133
0 0.694580 0.371094 0.012207 0.042969
1 0.402100 0.380371 0.026855 0.041992
1 0.384766 0.360352 0.017578 0.035156
1 0.298584 0.333008 0.153809 0.060547
1 0.356689 0.426758 0.141113 0.158203
1 0.228027 0.406250 0.154297 0.207031
1 0.174316 0.427734 0.130859 0.207031
1 0.096191 0.444336 0.186523 0.267578
1 0.570801 0.403809 0.069336 0.061523
1 0.608887 0.406250 0.022461 0.103516
1 0.651123 0.402344 0.080566 0.130859
2 0.422852 0.410156 0.012695 0.042969
2 0.593018 0.424316 0.005371 0.030273
2 0.750977 0.457031 0.072266 0.132812
2 0.803223 0.462402 0.122070 0.141602
3 0.683350 0.423340 0.071777 0.122070