0 0.332764 0.393066 0.011230 0.038086
0 0.348877 0.403320 0.007324 0.058594
0 0.363525 0.405762 0.010254 0.063477
0 0.379639 0.404785 0.005371 0.061523
0 0.382080 0.403809 0.009277 0.061523
0 0.668213 0.404297 0.028809 0.144531
0 0.649414 0.407227 0.014648 0.138672
0 0.693848 0.409180 0.019531 0.080078
0 0.800781 0.413574 0.006836 0.041992
0 0.848633 0.414551 0.004883 0.022461
0 0.886963 0.396484 0.008301 0.017578
0 0.938721 0.416016 0.007324 0.033203
0 0.951172 0.418945 0.006836 0.035156
1 0.093262 0.416016 0.016602 0.027344
1 0.198730 0.422852 0.009766 0.054688
1 0.215820 0.427734 0.018555 0.064453
1 0.242676 0.422852 0.057617 0.103516
1 0.164062 0.416504 0.021484 0.053711
1 0.130859 0.418457 0.059570 0.114258
1 0.285645 0.458496 0.122070 0.155273
1 0.970459 0.420410 0.030762 0.032227
1 0.920166 0.425781 0.019043 0.021484
1 0.992188 0.416016 0.009766 0.023438
2 0.617432 0.436523 0.053223 0.087891
2 0.784668 0.424316 0.010742 0.034180
2 0.823242 0.426270 0.008789 0.034180
2 0.964600 0.427734 0.026855 0.025391
3 0.180664 0.416992 0.011719 0.029297