0 0.200928 0.397949 0.011230 0.043945
0 0.610352 0.398438 0.022461 0.156250
0 0.621338 0.413574 0.021973 0.147461
0 0.607178 0.412598 0.019043 0.141602
0 0.638428 0.411621 0.021973 0.161133
0 0.659180 0.405762 0.025391 0.112305
0 0.683594 0.397461 0.025391 0.126953
1 0.293945 0.400391 0.012695 0.021484
1 0.286377 0.400879 0.011230 0.022461
1 0.279785 0.400879 0.006836 0.022461
1 0.273682 0.401367 0.009277 0.023438
1 0.262939 0.400391 0.013184 0.025391
1 0.255859 0.400879 0.008789 0.024414
1 0.244629 0.400879 0.019531 0.030273
1 0.167480 0.400879 0.020508 0.040039
1 0.164795 0.402344 0.012207 0.037109
1 0.151123 0.403809 0.020996 0.045898
1 0.122559 0.408691 0.031250 0.059570
1 0.106445 0.409668 0.032227 0.059570
1 0.085693 0.417969 0.033691 0.080078
1 0.038330 0.403809 0.070801 0.127930
1 0.323242 0.401367 0.011719 0.035156
1 0.333984 0.409180 0.012695 0.037109
1 0.343262 0.407715 0.016602 0.043945
1 0.350098 0.409180 0.014648 0.046875
1 0.360840 0.423828 0.017578 0.021484
1 0.389404 0.410645 0.018066 0.063477
1 0.407959 0.408203 0.032715 0.078125
1 0.416016 0.415039 0.021484 0.074219
1 0.460693 0.393066 0.073730 0.133789
2 0.190918 0.403809 0.011719 0.024414
2 0.472168 0.358887 0.051758 0.071289
2 0.708252 0.453125 0.023926 0.087891