0 0.657227 0.431641 0.034180 0.234375
0 0.714600 0.430664 0.058105 0.246094
1 0.557373 0.404785 0.038574 0.043945
1 0.626709 0.381836 0.026855 0.025391
1 0.623779 0.400879 0.033691 0.030273
1 0.525635 0.403320 0.029785 0.123047
1 0.455078 0.405273 0.113281 0.154297
1 0.439453 0.424316 0.119141 0.153320
1 0.404541 0.454102 0.066895 0.175781
1 0.307861 0.474121 0.198730 0.254883
1 0.219482 0.533203 0.329590 0.330078
1 0.090820 0.604004 0.175781 0.491211
1 0.682373 0.419922 0.027832 0.085938
1 0.726074 0.405273 0.091797 0.125000
1 0.750977 0.444336 0.058594 0.156250
1 0.780029 0.447266 0.056152 0.189453
1 0.888672 0.437500 0.216797 0.275391
1 0.922119 0.488281 0.149902 0.267578
1 0.968506 0.565430 0.057129 0.349609