0 0.670654 0.329590 0.007324 0.036133
0 0.654053 0.338379 0.009277 0.057617
0 0.663086 0.342285 0.014648 0.065430
0 0.748535 0.371582 0.021484 0.108398
0 0.720215 0.371094 0.019531 0.115234
0 0.904785 0.302734 0.013672 0.027344
0 0.873535 0.375488 0.016602 0.100586
0 0.607422 0.313477 0.006836 0.017578
0 0.612305 0.313477 0.005859 0.015625
0 0.617188 0.312988 0.005859 0.014648
0 0.623535 0.309570 0.007812 0.019531
0 0.630859 0.323242 0.008789 0.031250
0 0.637939 0.330078 0.007324 0.058594
0 0.639893 0.328125 0.009277 0.042969
0 0.643799 0.340332 0.011230 0.055664
0 0.547607 0.319824 0.007324 0.026367
0 0.578857 0.321777 0.006348 0.024414
0 0.572510 0.322266 0.006348 0.021484
0 0.562744 0.320312 0.010254 0.023438
0 0.541016 0.322754 0.005859 0.024414
0 0.536621 0.321289 0.004883 0.027344
0 0.484619 0.319824 0.007324 0.026367
0 0.457031 0.311035 0.006836 0.012695
0 0.443848 0.314941 0.005859 0.020508
0 0.437256 0.315430 0.009277 0.025391
0 0.429443 0.316895 0.006348 0.022461
0 0.415527 0.317383 0.005859 0.021484
0 0.419189 0.328613 0.005371 0.014648
0 0.415039 0.337891 0.004883 0.033203
0 0.434570 0.355957 0.008789 0.073242
0 0.432129 0.360840 0.015625 0.071289
0 0.626953 0.367676 0.020508 0.083008
0 0.525635 0.413574 0.044434 0.170898
0 0.366943 0.359863 0.007324 0.061523
0 0.335938 0.368652 0.013672 0.098633
0 0.327881 0.385742 0.023926 0.109375
0 0.358398 0.421387 0.071289 0.247070
0 0.223145 0.391602 0.016602 0.132812
0 0.245850 0.391602 0.027832 0.125000
0 0.216064 0.393066 0.042480 0.141602
0 0.204590 0.395508 0.028320 0.150391
0 0.180420 0.360352 0.020020 0.080078
0 0.180420 0.359863 0.016113 0.081055
0 0.133301 0.341797 0.011719 0.037109
0 0.095703 0.384277 0.020508 0.096680
0 0.139893 0.385254 0.025879 0.124023
0 0.113281 0.379883 0.034180 0.134766
0 0.072021 0.382812 0.032715 0.089844
0 0.060303 0.391602 0.045410 0.138672
1 0.930176 0.441406 0.133789 0.308594
1 0.945801 0.511230 0.102539 0.360352
1 0.591797 0.312500 0.018555 0.011719
1 0.553223 0.320312 0.015625 0.025391
1 0.592529 0.333984 0.025879 0.035156
1 0.619629 0.356934 0.036133 0.073242
1 0.495850 0.332031 0.018066 0.035156
1 0.470947 0.325684 0.009277 0.016602
1 0.519531 0.331055 0.036133 0.056641
1 0.457520 0.328125 0.025391 0.021484
1 0.450928 0.347656 0.020020 0.042969
1 0.432373 0.359375 0.038574 0.060547
1 0.476807 0.374023 0.053223 0.082031
1 0.563477 0.392578 0.067383 0.119141
2 0.598389 0.393066 0.009277 0.045898
2 0.644775 0.386719 0.036621 0.066406
2 0.660156 0.394531 0.010742 0.048828
2 0.175293 0.483398 0.076172 0.150391
2 0.131592 0.479980 0.081543 0.155273
2 0.045410 0.426270 0.066406 0.069336
2 0.011475 0.453613 0.017090 0.026367
2 0.105957 0.500977 0.089844 0.175781
2 0.015137 0.431641 0.024414 0.070312
2 0.033447 0.543945 0.037598 0.115234
2 0.104980 0.546875 0.046875 0.119141
2 0.052246 0.517090 0.098633 0.192383
3 0.663574 0.395508 0.052734 0.060547
3 0.171143 0.431641 0.039551 0.062500