0 0.904297 0.414551 0.032227 0.153320
0 0.550049 0.431641 0.015137 0.109375
0 0.563721 0.436523 0.028809 0.119141
0 0.761475 0.402344 0.014160 0.037109
0 0.805176 0.399902 0.022461 0.077148
0 0.841797 0.395508 0.023438 0.074219
0 0.670898 0.382812 0.025391 0.140625
0 0.658447 0.438477 0.031738 0.167969
0 0.695557 0.437500 0.026855 0.166016
1 0.505371 0.417480 0.012695 0.010742
1 0.489746 0.427246 0.007812 0.014648
1 0.500488 0.430176 0.009766 0.014648
1 0.480225 0.422852 0.013184 0.015625
1 0.509766 0.440918 0.026367 0.036133
1 0.580322 0.427734 0.028809 0.042969
1 0.591553 0.442383 0.013184 0.042969
1 0.538330 0.434570 0.018066 0.066406
1 0.660889 0.386230 0.141113 0.256836
1 0.464111 0.418945 0.011230 0.009766
1 0.441162 0.416992 0.034668 0.015625
1 0.429932 0.433594 0.033691 0.046875
1 0.433838 0.439941 0.013184 0.040039
1 0.430664 0.441895 0.018555 0.045898
1 0.421143 0.440430 0.016113 0.046875
1 0.418701 0.440918 0.011230 0.045898
1 0.459717 0.442871 0.031738 0.049805
1 0.353027 0.414062 0.120117 0.128906
1 0.297363 0.471191 0.102539 0.190430
1 0.174072 0.502930 0.188965 0.304688
1 0.053955 0.512695 0.102051 0.457031
2 0.961182 0.457520 0.071777 0.153320
2 0.824951 0.460938 0.057129 0.134766
2 0.850830 0.458496 0.040527 0.118164
2 0.407227 0.458008 0.023438 0.076172
3 0.373535 0.461426 0.040039 0.088867