0 0.084473 0.383301 0.016602 0.108398
0 0.243408 0.410645 0.026855 0.100586
0 0.207764 0.397461 0.020996 0.136719
0 0.228027 0.369629 0.027344 0.110352
0 0.572754 0.383789 0.004883 0.021484
0 0.086426 0.397949 0.028320 0.151367
0 0.024658 0.409180 0.015137 0.105469
0 0.057861 0.390137 0.033691 0.067383
0 0.352295 0.405273 0.032715 0.115234
0 0.384277 0.411621 0.030273 0.108398
0 0.414062 0.395996 0.038086 0.141602
0 0.451416 0.469727 0.119629 0.447266
0 0.528320 0.381348 0.004883 0.014648
0 0.948242 0.415527 0.077148 0.182617
0 0.956787 0.436523 0.080566 0.138672
0 0.882324 0.381836 0.041016 0.255859
0 0.052734 0.411133 0.027344 0.105469
0 0.017334 0.410156 0.028809 0.111328
0 0.407471 0.417969 0.020996 0.097656
0 0.578125 0.382812 0.004883 0.023438
1 0.474609 0.416016 0.105469 0.076172
1 0.697754 0.385742 0.096680 0.076172
1 0.986816 0.352051 0.020508 0.057617
1 0.516602 0.402344 0.013672 0.048828
1 0.509521 0.404785 0.015137 0.053711
1 0.505371 0.414062 0.008789 0.056641
1 0.689697 0.389160 0.039551 0.079102
1 0.610352 0.374512 0.008789 0.014648
1 0.695312 0.393555 0.025391 0.074219
1 0.723633 0.398926 0.072266 0.090820
1 0.610596 0.383789 0.016113 0.033203
1 0.620605 0.384766 0.024414 0.031250
1 0.636719 0.385254 0.024414 0.032227