0 0.539551 0.375977 0.006836 0.039062
0 0.448975 0.379395 0.006348 0.028320
0 0.462646 0.384766 0.006348 0.044922
0 0.455566 0.385742 0.008789 0.046875
0 0.288330 0.353516 0.019043 0.060547
0 0.272217 0.342773 0.011230 0.048828
0 0.244385 0.356934 0.010254 0.034180
0 0.215332 0.348633 0.018555 0.078125
0 0.176270 0.367188 0.029297 0.171875
0 0.051270 0.376953 0.053711 0.220703
0 0.007080 0.338867 0.008301 0.105469
0 0.358643 0.395508 0.023926 0.177734
0 0.330811 0.391602 0.039551 0.189453
0 0.576416 0.372070 0.005371 0.021484
0 0.647461 0.413086 0.036133 0.169922
0 0.426514 0.380859 0.006348 0.044922
1 0.519531 0.371582 0.034180 0.084961
1 0.389893 0.393555 0.032715 0.070312
1 0.362061 0.398438 0.042480 0.087891
1 0.016846 0.496094 0.027832 0.255859
1 0.865479 0.501465 0.263184 0.334961
1 0.562256 0.398438 0.028809 0.054688
1 0.598633 0.390625 0.046875 0.109375
1 0.664551 0.381348 0.115234 0.221680
1 0.473145 0.383301 0.016602 0.024414
2 0.563965 0.432129 0.006836 0.055664
2 0.221924 0.418945 0.083496 0.105469