1 0.697754 0.392090 0.060547 0.034180
1 0.594238 0.430176 0.119141 0.131836
1 0.180664 0.402344 0.018555 0.033203
1 0.156006 0.406250 0.041504 0.048828
1 0.277832 0.397461 0.018555 0.017578
1 0.239258 0.425293 0.068359 0.081055
1 0.340820 0.387695 0.010742 0.015625
1 0.358643 0.390137 0.011230 0.016602
1 0.392090 0.385742 0.006836 0.009766
1 0.458008 0.390625 0.012695 0.023438
1 0.450439 0.391602 0.012207 0.023438
1 0.443848 0.396973 0.015625 0.024414
1 0.417480 0.395996 0.015625 0.024414
2 0.625732 0.453613 0.056152 0.118164
2 0.666992 0.481445 0.083984 0.097656
2 0.031006 0.411133 0.007324 0.023438