0 0.545410 0.445801 0.017578 0.102539
0 0.562744 0.429199 0.019043 0.133789
0 0.574219 0.445801 0.014648 0.100586
0 0.444092 0.448242 0.027832 0.203125
0 0.415771 0.443848 0.044434 0.219727
1 0.483643 0.405762 0.013184 0.034180
1 0.498535 0.399902 0.021484 0.053711
1 0.501221 0.412109 0.015137 0.031250
1 0.509277 0.414551 0.022461 0.034180
1 0.390381 0.409180 0.013184 0.042969
1 0.391113 0.417969 0.006836 0.052734
1 0.373779 0.419922 0.042480 0.064453
1 0.245361 0.395996 0.088379 0.063477
1 0.229980 0.434082 0.154297 0.112305
1 0.243652 0.447266 0.110352 0.113281
1 0.030029 0.443848 0.054199 0.124023
1 0.157715 0.458496 0.236328 0.159180
1 0.620850 0.392578 0.083496 0.050781
1 0.598389 0.415527 0.043457 0.151367
1 0.629395 0.446289 0.061523 0.138672
1 0.665283 0.453613 0.079590 0.161133
1 0.704590 0.437500 0.044922 0.154297
1 0.746094 0.465820 0.108398 0.240234
1 0.878174 0.461426 0.237793 0.350586
1 0.922363 0.515625 0.149414 0.333984