0 0.153564 0.357910 0.005371 0.020508
0 0.923340 0.054688 0.008789 0.058594
0 0.169434 0.353516 0.009766 0.027344
0 0.183105 0.357910 0.007812 0.020508
0 0.914307 0.408691 0.021973 0.141602
0 0.630371 0.383789 0.004883 0.033203
0 0.623779 0.379395 0.014160 0.041992
0 0.623779 0.381836 0.013184 0.039062
0 0.765381 0.381836 0.006348 0.027344
0 0.639648 0.420898 0.018555 0.144531
0 0.668213 0.417969 0.009277 0.097656
0 0.658447 0.432617 0.023926 0.126953
0 0.676270 0.421387 0.025391 0.155273
0 0.161133 0.352539 0.007812 0.029297
0 0.018311 0.405273 0.030762 0.072266
0 0.279541 0.378418 0.005371 0.018555
0 0.267334 0.378906 0.009277 0.017578
0 0.274902 0.378418 0.006836 0.018555
0 0.256104 0.376465 0.006348 0.016602
0 0.540039 0.400391 0.004883 0.035156
0 0.737305 0.415039 0.008789 0.125000
0 0.705566 0.412598 0.020508 0.129883
0 0.727295 0.395996 0.026855 0.122070
0 0.751709 0.413086 0.024902 0.152344
0 0.725342 0.422363 0.022949 0.157227
0 0.746582 0.431152 0.019531 0.168945
0 0.792236 0.372070 0.020996 0.046875
0 0.790527 0.374512 0.014648 0.041992
0 0.769287 0.418457 0.036621 0.178711
0 0.843262 0.386230 0.006836 0.020508
0 0.854736 0.373047 0.016113 0.046875
0 0.853516 0.420410 0.016602 0.131836
0 0.869385 0.421387 0.031738 0.135742
0 0.880371 0.416992 0.038086 0.150391
0 0.812500 0.416016 0.015625 0.162109
0 0.825439 0.416504 0.043457 0.196289
0 0.820312 0.422852 0.030273 0.193359
0 0.919678 0.060547 0.010254 0.058594
0 0.914062 0.086914 0.009766 0.025391
1 0.170898 0.393066 0.032227 0.051758
1 0.112305 0.399902 0.085938 0.086914
1 0.225342 0.389648 0.047363 0.039062
2 0.553711 0.432129 0.011719 0.057617