0 0.133057 0.334473 0.009277 0.024414
0 0.226562 0.359375 0.009766 0.023438
0 0.452393 0.386719 0.005371 0.031250
0 0.588379 0.350586 0.005859 0.011719
0 0.664307 0.431152 0.029785 0.223633
0 0.709961 0.335938 0.022461 0.072266
0 0.687256 0.372070 0.033691 0.126953
0 0.377197 0.396484 0.007324 0.039062
0 0.234863 0.360840 0.010742 0.020508
1 0.423096 0.385254 0.013184 0.012695
1 0.428223 0.387207 0.011719 0.014648
1 0.375732 0.395020 0.014160 0.034180
1 0.350830 0.394531 0.037598 0.080078
1 0.348389 0.403320 0.026855 0.066406
1 0.345215 0.410645 0.019531 0.067383
1 0.127930 0.364746 0.030273 0.053711
1 0.438232 0.387207 0.008301 0.014648
1 0.458496 0.387207 0.007812 0.036133
1 0.470215 0.387695 0.023438 0.042969
1 0.482910 0.394531 0.012695 0.041016
1 0.311035 0.402832 0.052734 0.112305
1 0.488525 0.395996 0.013184 0.043945
1 0.497803 0.395020 0.021973 0.045898
1 0.509033 0.399414 0.019043 0.054688
1 0.284424 0.426758 0.062012 0.105469
1 0.523926 0.400391 0.032227 0.060547
1 0.542480 0.404297 0.027344 0.070312
1 0.563721 0.405762 0.040527 0.098633
1 0.590088 0.411133 0.059082 0.111328
1 0.620605 0.423828 0.049805 0.144531
1 0.698730 0.405273 0.139648 0.236328
1 0.726807 0.458984 0.111816 0.261719
1 0.862549 0.500488 0.269043 0.493164
1 0.975098 0.500000 0.043945 0.046875
1 0.245850 0.436035 0.063965 0.129883
1 0.082764 0.472656 0.159668 0.251953
2 0.399170 0.411621 0.005371 0.036133