0 0.853027 0.344727 0.023438 0.029297
0 0.456055 0.389648 0.010742 0.023438
0 0.245850 0.407227 0.032715 0.164062
1 0.511230 0.395508 0.005859 0.013672
1 0.530273 0.399902 0.033203 0.024414
1 0.515625 0.398438 0.006836 0.021484
1 0.541016 0.400879 0.011719 0.016602
1 0.613281 0.438477 0.037109 0.105469
1 0.645752 0.437988 0.062988 0.145508
1 0.692627 0.437988 0.089355 0.209961
1 0.760742 0.488770 0.138672 0.237305
1 0.883301 0.522461 0.227539 0.462891
1 0.963379 0.676270 0.067383 0.354492
1 0.495117 0.400391 0.004883 0.017578
1 0.489990 0.400879 0.009277 0.030273
1 0.482422 0.401855 0.011719 0.036133
1 0.480225 0.404785 0.009277 0.038086
1 0.465820 0.406250 0.029297 0.041016
1 0.522217 0.399902 0.016113 0.022461
2 0.150879 0.458984 0.094727 0.199219
3 0.599609 0.429199 0.018555 0.077148