0 0.541260 0.385742 0.011230 0.023438
0 0.630127 0.401367 0.013184 0.058594
0 0.558105 0.387207 0.005859 0.018555
0 0.550537 0.386230 0.008301 0.020508
0 0.564209 0.388184 0.008301 0.016602
0 0.555176 0.388672 0.010742 0.015625
0 0.596436 0.407227 0.010254 0.062500
0 0.658691 0.398438 0.009766 0.078125
0 0.689453 0.400391 0.016602 0.076172
0 0.672363 0.389648 0.025391 0.093750
0 0.646240 0.393066 0.019043 0.077148
0 0.729248 0.402832 0.013184 0.135742
0 0.710693 0.396484 0.033691 0.113281
0 0.829834 0.390137 0.023926 0.100586
0 0.806396 0.388184 0.029785 0.102539
0 0.772705 0.402832 0.030762 0.182617
0 0.945312 0.354492 0.025391 0.068359
0 0.948730 0.401855 0.021484 0.079102
0 0.989746 0.366211 0.010742 0.021484
1 0.333984 0.414062 0.005859 0.017578
1 0.369873 0.426270 0.024902 0.045898
1 0.354736 0.436035 0.039551 0.057617
1 0.421387 0.426270 0.017578 0.049805
1 0.428711 0.428223 0.016602 0.049805
1 0.440674 0.429688 0.025879 0.056641
1 0.445557 0.434082 0.014160 0.057617
1 0.470947 0.425781 0.048340 0.089844
1 0.476562 0.437988 0.026367 0.077148
1 0.510986 0.436035 0.059082 0.106445
1 0.556152 0.451172 0.085938 0.109375
1 0.322021 0.428223 0.024902 0.045898
2 0.781982 0.453613 0.028809 0.047852
2 0.761475 0.512695 0.005371 0.042969
2 0.774170 0.516602 0.053223 0.205078
2 0.812988 0.524902 0.091797 0.215820
2 0.840332 0.534180 0.112305 0.234375
2 0.867920 0.543945 0.095215 0.250000
2 0.934814 0.568848 0.124512 0.307617
2 0.939209 0.580566 0.115723 0.317383
2 0.593750 0.473145 0.042969 0.102539
2 0.625488 0.479980 0.049805 0.102539
2 0.631592 0.475098 0.035645 0.112305
2 0.632812 0.496582 0.024414 0.069336
2 0.658936 0.488281 0.063965 0.140625
2 0.681885 0.491211 0.083496 0.142578
2 0.692139 0.492676 0.081543 0.153320
2 0.695312 0.502930 0.083984 0.144531