0 0.765625 0.346680 0.005859 0.027344
0 0.770508 0.347656 0.004883 0.025391
0 0.497559 0.340820 0.005859 0.021484
0 0.502686 0.338867 0.007324 0.025391
0 0.509521 0.341309 0.008301 0.030273
0 0.555420 0.337891 0.005371 0.046875
0 0.552002 0.339355 0.008301 0.057617
0 0.533691 0.340332 0.007812 0.053711
0 0.543457 0.339355 0.010742 0.055664
0 0.530762 0.347656 0.004883 0.044922
0 0.368896 0.333984 0.006348 0.009766
0 0.360840 0.343750 0.011719 0.089844
0 0.352051 0.309570 0.011719 0.037109
0 0.315674 0.282227 0.012207 0.042969
0 0.306885 0.281738 0.014160 0.043945
0 0.276855 0.282227 0.017578 0.042969
0 0.239990 0.272461 0.010254 0.039062
0 0.388916 0.356934 0.020020 0.088867
0 0.229004 0.285645 0.019531 0.114258
0 0.099609 0.378418 0.031250 0.135742
0 0.110840 0.382812 0.024414 0.128906
0 0.096191 0.380859 0.030273 0.134766
0 0.410889 0.374512 0.023926 0.110352
0 0.912109 0.342773 0.004883 0.041016
0 0.872803 0.378418 0.016113 0.036133
0 0.845459 0.371582 0.014160 0.053711
0 0.986572 0.371094 0.017090 0.050781
0 0.966064 0.370117 0.017090 0.046875
0 0.738770 0.383301 0.024414 0.104492
0 0.756836 0.375488 0.018555 0.124023
0 0.562012 0.397461 0.019531 0.126953
0 0.591553 0.396484 0.025879 0.136719
0 0.641113 0.406250 0.030273 0.136719
0 0.659668 0.417969 0.018555 0.142578
1 0.271729 0.480957 0.268066 0.344727