0 0.567383 0.384277 0.006836 0.022461
0 0.795166 0.340332 0.010254 0.065430
0 0.760254 0.363770 0.019531 0.090820
0 0.740723 0.366211 0.019531 0.089844
0 0.807129 0.361816 0.014648 0.081055
0 0.824219 0.362305 0.017578 0.074219
1 0.452881 0.398438 0.007324 0.013672
1 0.440918 0.395996 0.019531 0.022461
1 0.220215 0.416992 0.023438 0.054688
1 0.208740 0.419434 0.014160 0.059570
1 0.171387 0.422852 0.076172 0.087891
1 0.057617 0.433594 0.058594 0.064453
1 0.093262 0.431152 0.058594 0.061523
1 0.319580 0.392090 0.178223 0.168945
1 0.939209 0.365234 0.057129 0.080078
1 0.966553 0.367676 0.061035 0.075195
2 0.590332 0.398926 0.035156 0.049805
2 0.662109 0.372070 0.025391 0.033203