0 0.487549 0.387207 0.022949 0.073242
0 0.455811 0.393066 0.007324 0.096680
0 0.447266 0.388184 0.014648 0.100586
0 0.470459 0.354492 0.013184 0.066406
0 0.528564 0.380859 0.014160 0.095703
0 0.545898 0.340820 0.014648 0.031250
0 0.573486 0.381836 0.010254 0.058594
0 0.563721 0.363770 0.013184 0.055664
0 0.612793 0.368652 0.021484 0.108398
0 0.654297 0.386719 0.019531 0.123047
0 0.702148 0.386230 0.022461 0.124023
0 0.716553 0.401855 0.016113 0.094727
0 0.874268 0.389160 0.027832 0.145508
0 0.775146 0.411621 0.023926 0.153320
0 0.008301 0.375000 0.010742 0.080078
0 0.088135 0.375977 0.006348 0.054688
0 0.081055 0.374023 0.009766 0.058594
0 0.874023 0.392090 0.044922 0.149414
0 0.734131 0.382324 0.021973 0.129883
1 0.490234 0.384766 0.027344 0.064453
1 0.123779 0.380371 0.054199 0.067383
1 0.175537 0.412109 0.088379 0.173828
1 0.285645 0.433594 0.186523 0.310547
2 0.622314 0.419434 0.058105 0.092773
2 0.468262 0.409668 0.031250 0.073242