0 0.630371 0.390625 0.005859 0.025391
0 0.948730 0.352539 0.004883 0.013672
0 0.006592 0.431152 0.007324 0.036133
1 0.689697 0.396484 0.014160 0.011719
1 0.416992 0.376953 0.030273 0.041016
1 0.396240 0.433105 0.054199 0.159180
1 0.153809 0.416504 0.011719 0.026367
1 0.165039 0.427246 0.012695 0.041992
1 0.177246 0.426758 0.022461 0.044922
1 0.185059 0.430176 0.020508 0.045898
1 0.106445 0.425781 0.008789 0.023438
1 0.289307 0.417480 0.192871 0.305664
1 0.079102 0.427734 0.004883 0.015625
1 0.516113 0.322266 0.094727 0.021484
1 0.521729 0.532227 0.288574 0.404297
1 0.730713 0.365723 0.020020 0.030273
1 0.708740 0.393555 0.022949 0.039062
1 0.850098 0.385742 0.008789 0.027344
1 0.835449 0.389160 0.028320 0.053711
1 0.770264 0.430664 0.145020 0.164062
1 0.915771 0.424316 0.132324 0.131836