0 0.517334 0.400879 0.009277 0.053711
0 0.622070 0.371582 0.004883 0.012695
0 0.734131 0.380371 0.019043 0.098633
0 0.759033 0.383789 0.020996 0.087891
0 0.376709 0.398438 0.006348 0.031250
0 0.495117 0.398926 0.005859 0.038086
0 0.488770 0.400391 0.005859 0.037109
1 0.523682 0.398926 0.005371 0.018555
1 0.569092 0.404785 0.027832 0.047852
1 0.598633 0.411133 0.044922 0.082031
1 0.655029 0.425293 0.092285 0.133789
1 0.441406 0.394531 0.009766 0.019531
1 0.433594 0.395508 0.012695 0.019531
1 0.424805 0.397461 0.018555 0.019531
1 0.400146 0.397461 0.016113 0.023438
1 0.382324 0.400879 0.026367 0.024414
1 0.336182 0.399902 0.006348 0.026367
1 0.321045 0.398438 0.026855 0.041016
1 0.353760 0.402832 0.029785 0.043945
1 0.319336 0.403809 0.012695 0.032227
1 0.306152 0.399902 0.019531 0.040039
1 0.309082 0.404297 0.008789 0.037109
1 0.278076 0.403320 0.040527 0.046875
1 0.274902 0.407227 0.025391 0.039062
1 0.263428 0.408691 0.035645 0.040039
1 0.229980 0.400391 0.053711 0.064453
1 0.202881 0.405273 0.037598 0.062500
1 0.171387 0.409180 0.057617 0.062500
1 0.128174 0.416504 0.033691 0.063477
1 0.106445 0.414551 0.026367 0.073242
1 0.080322 0.415039 0.051270 0.076172
1 0.044922 0.417480 0.077148 0.081055
1 0.025879 0.421387 0.045898 0.081055
1 0.006348 0.427734 0.006836 0.041016
2 0.544434 0.417969 0.004883 0.035156