0 0.048096 0.409180 0.010254 0.050781
0 0.787109 0.363770 0.009766 0.063477
0 0.782959 0.362305 0.016113 0.074219
0 0.748291 0.367676 0.005371 0.053711
0 0.767578 0.367676 0.012695 0.055664
0 0.728027 0.372070 0.011719 0.056641
0 0.753906 0.363281 0.014648 0.058594
0 0.740967 0.361816 0.017090 0.067383
1 0.220215 0.408691 0.035156 0.047852
1 0.460449 0.399414 0.025391 0.041016
1 0.474854 0.409668 0.009277 0.057617
1 0.388672 0.423340 0.038086 0.094727
1 0.424561 0.425293 0.072754 0.104492
1 0.237549 0.416504 0.029785 0.069336
1 0.311768 0.446777 0.164551 0.249023