0 0.706787 0.369141 0.007324 0.019531
0 0.713135 0.367188 0.005371 0.015625
0 0.719482 0.363281 0.005371 0.017578
0 0.722656 0.364258 0.008789 0.015625
0 0.792236 0.463379 0.018066 0.415039
0 0.817383 0.473145 0.065430 0.452148
0 0.981201 0.470215 0.031738 0.397461
0 0.961182 0.504395 0.071777 0.430664
0 0.665039 0.443359 0.080078 0.404297
0 0.655762 0.476562 0.061523 0.412109
0 0.038086 0.411133 0.016602 0.029297
0 0.572754 0.395508 0.005859 0.029297
0 0.585693 0.401855 0.012207 0.053711
0 0.491455 0.407715 0.014160 0.053711
0 0.559326 0.513184 0.048340 0.217773
0 0.488770 0.408691 0.009766 0.051758
0 0.466797 0.409180 0.013672 0.058594
0 0.531494 0.441895 0.102051 0.395508
0 0.552246 0.458008 0.099609 0.394531
0 0.624512 0.483398 0.125977 0.457031
0 0.174805 0.412598 0.006836 0.034180
0 0.441406 0.407227 0.005859 0.023438
0 0.416016 0.414062 0.007812 0.052734
0 0.405518 0.405273 0.005371 0.033203
0 0.381836 0.405273 0.005859 0.033203
0 0.388916 0.418457 0.012207 0.059570
0 0.358398 0.393066 0.005859 0.018555
0 0.346436 0.398926 0.008301 0.030273
0 0.354980 0.418457 0.015625 0.061523
0 0.204590 0.396484 0.007812 0.011719
0 0.285645 0.558105 0.071289 0.147461
0 0.246826 0.494629 0.086426 0.307617
0 0.318604 0.454590 0.069824 0.284180
0 0.312256 0.488770 0.112793 0.418945
0 0.065918 0.499512 0.043945 0.280273
0 0.078857 0.484863 0.060059 0.348633
0 0.162109 0.485840 0.075195 0.372070
0 0.114746 0.518066 0.077148 0.340820
0 0.019531 0.512207 0.033203 0.291992
0 0.242920 0.498535 0.064941 0.469727
1 0.699951 0.410645 0.015137 0.065430
1 0.723389 0.409180 0.050293 0.074219
1 0.766113 0.411621 0.045898 0.094727
2 0.035889 0.487305 0.014160 0.044922
2 0.360840 0.419434 0.009766 0.026367
2 0.342285 0.430176 0.028320 0.038086
2 0.024170 0.491211 0.005371 0.029297
3 0.910889 0.413086 0.048340 0.117188