0 0.220703 0.385742 0.007812 0.023438
0 0.416016 0.393555 0.004883 0.035156
0 0.795654 0.402344 0.015137 0.109375
0 0.817871 0.382324 0.022461 0.147461
0 0.839355 0.386719 0.023438 0.138672
1 0.562744 0.374512 0.015137 0.022461
1 0.620117 0.382324 0.015625 0.028320
1 0.545898 0.392578 0.006836 0.025391
1 0.556885 0.390625 0.016113 0.027344
1 0.620850 0.397949 0.011230 0.049805
1 0.627197 0.394531 0.010254 0.068359
1 0.641357 0.393555 0.028809 0.074219
1 0.662109 0.393555 0.042969 0.078125
1 0.588623 0.395508 0.056152 0.097656
1 0.947754 0.345215 0.098633 0.387695
2 0.249023 0.432129 0.013672 0.061523