0 0.126465 0.444824 0.004883 0.016602
0 0.191406 0.433594 0.006836 0.025391
0 0.205566 0.438477 0.005859 0.015625
0 0.200195 0.439453 0.005859 0.013672
0 0.221924 0.435547 0.005371 0.019531
0 0.227295 0.431152 0.006348 0.018555
0 0.282471 0.421875 0.010254 0.029297
0 0.523926 0.426758 0.013672 0.089844
0 0.534424 0.406250 0.009277 0.041016
0 0.707275 0.415527 0.014160 0.094727
0 0.874512 0.401367 0.006836 0.031250
0 0.872803 0.420898 0.006348 0.027344
0 0.878906 0.417480 0.009766 0.069336
0 0.937012 0.430664 0.033203 0.203125
0 0.953125 0.423828 0.030273 0.212891
0 0.963379 0.460449 0.048828 0.202148
0 0.958740 0.452148 0.063965 0.324219
0 0.988281 0.571289 0.017578 0.117188
0 0.977051 0.462402 0.040039 0.389648
0 0.919189 0.432617 0.025879 0.222656
0 0.906250 0.443359 0.054688 0.224609
0 0.728271 0.444824 0.037598 0.276367
0 0.808838 0.445801 0.057129 0.229492
0 0.871094 0.446777 0.043945 0.241211
0 0.792969 0.450684 0.053711 0.291992
0 0.764648 0.467285 0.030273 0.250977
0 0.727539 0.447266 0.057617 0.312500
0 0.741699 0.460938 0.063477 0.316406
0 0.806152 0.474609 0.097656 0.410156
0 0.852539 0.544434 0.087891 0.405273
0 0.587402 0.446289 0.022461 0.179688
0 0.613281 0.447266 0.035156 0.255859
0 0.638428 0.448730 0.034668 0.282227
0 0.538330 0.459473 0.025879 0.178711
0 0.497314 0.473145 0.078613 0.272461
0 0.501709 0.460938 0.086426 0.320312
0 0.579102 0.483398 0.112305 0.416016
0 0.618652 0.566406 0.065430 0.339844
0 0.330566 0.462891 0.053711 0.207031
0 0.400635 0.477051 0.065918 0.260742
0 0.409180 0.452148 0.042969 0.326172
0 0.264893 0.472168 0.057129 0.219727
0 0.035889 0.465820 0.012207 0.050781
0 0.023193 0.465820 0.010254 0.058594
0 0.033447 0.462402 0.016113 0.059570
0 0.043945 0.464844 0.007812 0.052734
0 0.090088 0.467773 0.020996 0.150391
0 0.073486 0.466797 0.027832 0.158203
0 0.180664 0.458984 0.018555 0.136719
0 0.165283 0.452148 0.023926 0.167969
1 0.560059 0.435547 0.085938 0.080078
1 0.451904 0.435547 0.048340 0.066406
1 0.346436 0.445801 0.078613 0.063477
1 0.245605 0.454590 0.078125 0.061523
1 0.010742 0.469727 0.013672 0.064453
3 0.296387 0.462402 0.035156 0.049805