0 0.794434 0.400391 0.019531 0.230469
0 0.791260 0.405273 0.030762 0.236328
0 0.744141 0.406738 0.022461 0.225586
0 0.761475 0.403809 0.048340 0.249023
0 0.883545 0.396973 0.024902 0.129883
0 0.944336 0.400391 0.024414 0.097656
0 0.965576 0.381836 0.025879 0.128906
0 0.966064 0.416016 0.017090 0.093750
0 0.842529 0.376953 0.008301 0.044922
1 0.354248 0.394043 0.026855 0.030273
1 0.299561 0.375977 0.013184 0.013672
1 0.329102 0.393066 0.052734 0.049805
1 0.266357 0.409180 0.066895 0.085938
1 0.175049 0.411621 0.051270 0.055664
1 0.462158 0.365723 0.009277 0.014648
1 0.670898 0.364746 0.016602 0.040039
1 0.677246 0.372070 0.025391 0.035156
1 0.684326 0.389648 0.014160 0.046875
1 0.699707 0.376953 0.020508 0.060547
1 0.613770 0.365723 0.020508 0.014648
1 0.564697 0.359375 0.013184 0.015625
1 0.552490 0.408691 0.061035 0.090820
1 0.521484 0.374512 0.018555 0.041992
1 0.510742 0.384766 0.028320 0.050781
1 0.452637 0.367188 0.013672 0.015625
1 0.420410 0.376953 0.031250 0.031250
1 0.444336 0.376465 0.017578 0.026367
1 0.418213 0.397461 0.034668 0.048828
2 0.702148 0.393555 0.015625 0.023438
2 0.583740 0.406250 0.006348 0.041016
2 0.494629 0.378418 0.005859 0.014648