0 0.327881 0.442871 0.009277 0.034180
0 0.009033 0.437500 0.008301 0.041016
0 0.017090 0.437500 0.012695 0.041016
0 0.050781 0.435547 0.030273 0.132812
0 0.125732 0.440918 0.033691 0.135742
0 0.092041 0.434570 0.034668 0.152344
0 0.636475 0.442871 0.006348 0.036133
0 0.648926 0.445312 0.006836 0.031250
0 0.827148 0.421875 0.015625 0.066406
0 0.886475 0.425781 0.006348 0.099609
0 0.908447 0.420898 0.009277 0.039062
0 0.874268 0.427246 0.021973 0.098633
0 0.945557 0.419922 0.014160 0.097656
0 0.976074 0.417969 0.020508 0.115234
0 0.927246 0.395020 0.012695 0.065430
1 0.237549 0.452637 0.044434 0.018555
1 0.568115 0.445312 0.020996 0.025391
1 0.675049 0.439941 0.023926 0.040039
1 0.712891 0.435059 0.048828 0.057617
2 0.924805 0.447266 0.033203 0.125000
3 0.657959 0.450195 0.010254 0.021484
3 0.802979 0.433594 0.032715 0.041016