0 0.804199 0.371582 0.008789 0.063477
0 0.795654 0.358887 0.015137 0.049805
0 0.773926 0.394043 0.008789 0.051758
0 0.830566 0.377930 0.006836 0.099609
0 0.203613 0.366699 0.005859 0.026367
0 0.084229 0.364258 0.005371 0.050781
0 0.080078 0.358398 0.012695 0.062500
0 0.185547 0.366211 0.007812 0.033203
0 0.097168 0.381836 0.016602 0.095703
0 0.115723 0.363281 0.010742 0.052734
0 0.175049 0.368164 0.011230 0.029297
0 0.046631 0.364746 0.020996 0.049805
0 0.007812 0.394531 0.009766 0.117188
0 0.312500 0.375977 0.006836 0.029297
0 0.485596 0.384277 0.008301 0.032227
0 0.476807 0.382812 0.007324 0.033203
0 0.455811 0.383301 0.008301 0.034180
0 0.468018 0.381836 0.007324 0.035156
0 0.462402 0.381836 0.005859 0.035156
0 0.629395 0.366211 0.005859 0.019531
0 0.641602 0.353516 0.004883 0.009766
0 0.752197 0.402344 0.010254 0.078125
0 0.761719 0.375977 0.008789 0.029297
0 0.852051 0.387207 0.023438 0.100586
0 0.330811 0.445312 0.054199 0.375000
0 0.444580 0.460938 0.090332 0.525391
1 0.495605 0.369629 0.018555 0.026367
1 0.297852 0.392578 0.016602 0.039062
1 0.281982 0.390625 0.020020 0.042969
1 0.281006 0.394043 0.020020 0.045898
1 0.278076 0.398438 0.015137 0.042969
1 0.247314 0.374512 0.047363 0.106445
1 0.452637 0.372070 0.012695 0.035156
1 0.484863 0.380371 0.009766 0.018555
1 0.470947 0.368652 0.019043 0.030273
1 0.494141 0.385254 0.008789 0.018555
1 0.530762 0.383301 0.017578 0.051758
1 0.546875 0.381836 0.034180 0.054688
1 0.606934 0.395020 0.045898 0.063477
1 0.647949 0.399414 0.048828 0.080078
1 0.704834 0.399414 0.090332 0.121094
2 0.098633 0.444336 0.015625 0.039062
2 0.927002 0.459961 0.049316 0.142578