0 0.535400 0.448730 0.011230 0.057617
0 0.548828 0.446289 0.012695 0.058594
0 0.561523 0.447266 0.008789 0.056641
0 0.735352 0.479492 0.038086 0.150391
0 0.766357 0.473633 0.033691 0.166016
1 0.067383 0.419922 0.010742 0.013672
1 0.177734 0.427734 0.014648 0.019531
1 0.137695 0.422852 0.033203 0.017578
1 0.293945 0.434570 0.026367 0.039062
1 0.229004 0.423828 0.009766 0.017578
1 0.244873 0.421387 0.018066 0.034180
1 0.213623 0.425781 0.015137 0.017578
1 0.224365 0.428223 0.015137 0.020508
1 0.200928 0.427734 0.014160 0.019531