0 0.957031 0.433105 0.080078 0.434570
0 0.844727 0.422852 0.024414 0.193359
0 0.810547 0.437988 0.028320 0.315430
0 0.741699 0.346680 0.013672 0.031250
0 0.745361 0.396484 0.024902 0.123047
0 0.753418 0.461914 0.027344 0.125000
0 0.731689 0.453125 0.022949 0.146484
0 0.791748 0.338379 0.007324 0.024414
0 0.776123 0.418457 0.027832 0.208008
0 0.803223 0.441406 0.075195 0.337891
0 0.881836 0.458984 0.086914 0.326172
0 0.228760 0.389160 0.016113 0.079102
0 0.238525 0.396973 0.008301 0.069336
0 0.251221 0.395020 0.017090 0.073242
0 0.685059 0.414062 0.036133 0.146484
0 0.658203 0.415039 0.028320 0.148438
0 0.652100 0.414062 0.030762 0.167969
0 0.628906 0.420410 0.030273 0.159180
0 0.119629 0.356934 0.005859 0.016602
0 0.110596 0.364746 0.006348 0.034180
0 0.005371 0.400391 0.004883 0.072266
0 0.031250 0.398926 0.010742 0.073242
0 0.054199 0.393555 0.006836 0.076172
0 0.031738 0.397461 0.020508 0.080078
0 0.021973 0.403809 0.027344 0.092773
0 0.057129 0.403809 0.011719 0.090820
0 0.045654 0.402344 0.019043 0.095703
0 0.123291 0.404785 0.010254 0.096680
0 0.113525 0.405762 0.018066 0.092773
1 0.012451 0.395508 0.019043 0.058594
1 0.144287 0.397461 0.087402 0.054688