0 0.651855 0.373047 0.007812 0.054688
0 0.658691 0.376465 0.008789 0.049805
0 0.669189 0.362793 0.007324 0.053711
0 0.665039 0.370117 0.010742 0.060547
0 0.603271 0.368164 0.012207 0.070312
0 0.569092 0.367676 0.007324 0.071289
0 0.553467 0.388184 0.031738 0.190430
0 0.585205 0.385254 0.034668 0.215820
0 0.617676 0.389160 0.028320 0.192383
0 0.688721 0.373535 0.053223 0.192383
0 0.715332 0.375488 0.060547 0.198242
0 0.863525 0.375977 0.024902 0.199219
0 0.881348 0.380859 0.049805 0.199219
0 0.455322 0.379883 0.014160 0.136719
0 0.442627 0.371582 0.019043 0.153320
0 0.431152 0.379883 0.037109 0.152344
0 0.459229 0.368164 0.036621 0.171875
0 0.378174 0.379395 0.019043 0.147461
0 0.399658 0.373535 0.030762 0.155273
0 0.170654 0.387207 0.009277 0.045898
0 0.182861 0.389160 0.012207 0.059570
0 0.320557 0.382324 0.008301 0.030273
0 0.067139 0.392090 0.009277 0.055664
0 0.031494 0.396973 0.008301 0.055664
0 0.039307 0.396973 0.012207 0.053711
1 0.872803 0.374512 0.065918 0.069336
1 0.792480 0.381836 0.129883 0.105469
1 0.409180 0.401367 0.043945 0.064453
2 0.199951 0.397461 0.035645 0.044922
2 0.075195 0.405762 0.016602 0.036133
2 0.084473 0.457031 0.035156 0.152344
2 0.024902 0.488281 0.043945 0.107422