0 0.366455 0.388672 0.008301 0.025391
0 0.387207 0.395020 0.009766 0.038086
0 0.280762 0.414062 0.005859 0.023438
0 0.320312 0.386230 0.010742 0.014648
0 0.313721 0.390137 0.008301 0.012695
0 0.739990 0.379883 0.007324 0.041016
0 0.747559 0.402344 0.016602 0.091797
0 0.757812 0.351074 0.007812 0.026367
0 0.773438 0.356934 0.006836 0.016602
0 0.760010 0.406738 0.026855 0.147461
0 0.784180 0.403809 0.029297 0.151367
0 0.832764 0.387207 0.020020 0.131836
0 0.821045 0.383301 0.023926 0.145508
0 0.877441 0.346191 0.041016 0.098633
0 0.903564 0.344238 0.008301 0.016602
0 0.913818 0.336914 0.014160 0.015625
0 0.974609 0.316406 0.013672 0.011719
0 0.848877 0.385254 0.044434 0.129883
0 0.089355 0.429199 0.008789 0.030273
0 0.093018 0.439941 0.010254 0.041992
0 0.103516 0.447754 0.019531 0.077148
0 0.225830 0.408691 0.010254 0.022461
0 0.231934 0.413086 0.005859 0.011719
0 0.240234 0.412109 0.007812 0.015625
0 0.252686 0.396484 0.008301 0.017578
0 0.247314 0.412109 0.007324 0.019531
0 0.260254 0.419922 0.006836 0.027344
0 0.266846 0.415527 0.010254 0.030273
0 0.252197 0.421875 0.012207 0.039062
0 0.184814 0.416992 0.009277 0.031250
0 0.192383 0.418457 0.006836 0.030273
0 0.198242 0.418457 0.011719 0.028320
0 0.206299 0.424316 0.007324 0.040039
0 0.173584 0.419434 0.011230 0.028320
0 0.187988 0.436035 0.023438 0.061523
0 0.212402 0.441895 0.023438 0.077148
0 0.129639 0.433105 0.043457 0.280273
1 0.494629 0.404297 0.006836 0.025391
1 0.488525 0.405273 0.012207 0.027344
1 0.513428 0.405273 0.018066 0.029297
1 0.537598 0.388672 0.010742 0.009766
1 0.538086 0.402344 0.013672 0.021484
1 0.463379 0.407715 0.024414 0.045898
1 0.469482 0.415039 0.006348 0.039062
1 0.460449 0.413086 0.019531 0.046875
1 0.459229 0.417480 0.014160 0.043945
1 0.442627 0.414551 0.028809 0.065430
1 0.424805 0.418945 0.046875 0.070312
1 0.554199 0.393555 0.014648 0.029297
1 0.553955 0.399902 0.013184 0.030273
1 0.556885 0.403809 0.009277 0.028320
1 0.571777 0.404297 0.011719 0.042969
1 0.578125 0.408203 0.015625 0.054688
1 0.585938 0.409668 0.016602 0.059570
1 0.609375 0.409180 0.048828 0.082031
1 0.641357 0.430176 0.036621 0.120117
1 0.695312 0.436523 0.117188 0.164062
1 0.896729 0.557129 0.200684 0.471680
1 0.044922 0.448242 0.083984 0.119141
1 0.320068 0.442383 0.153809 0.099609
2 0.168213 0.467285 0.056152 0.155273