0 0.539551 0.369629 0.006836 0.016602
0 0.525879 0.369629 0.008789 0.014648
0 0.493896 0.361328 0.009277 0.015625
0 0.474365 0.357910 0.007324 0.012695
0 0.341309 0.394531 0.015625 0.125000
0 0.356689 0.406738 0.023926 0.147461
0 0.308350 0.357910 0.019043 0.049805
0 0.294434 0.418457 0.027344 0.165039
0 0.267090 0.372070 0.026367 0.121094
0 0.227783 0.420410 0.028809 0.174805
0 0.212158 0.413086 0.043457 0.212891
0 0.224121 0.473145 0.019531 0.100586
0 0.629639 0.416016 0.033691 0.208984
0 0.761719 0.387207 0.025391 0.073242
0 0.934814 0.311523 0.028809 0.070312
1 0.645996 0.397949 0.006836 0.030273
1 0.608154 0.403809 0.015137 0.040039
1 0.731201 0.412598 0.029785 0.063477
1 0.684814 0.402832 0.073730 0.133789
1 0.590088 0.399902 0.024902 0.049805
1 0.563477 0.399414 0.035156 0.060547
1 0.559570 0.406250 0.022461 0.052734
1 0.538818 0.406250 0.030762 0.058594
1 0.520508 0.408691 0.022461 0.067383
1 0.501465 0.407227 0.024414 0.076172
1 0.487305 0.407715 0.023438 0.086914
1 0.463623 0.406738 0.026855 0.106445
1 0.408203 0.398438 0.092773 0.154297
1 0.050781 0.469727 0.095703 0.314453
1 0.930176 0.523438 0.133789 0.476562
2 0.298340 0.448730 0.043945 0.088867
2 0.743652 0.443848 0.058594 0.084961
2 0.814941 0.474609 0.077148 0.177734
3 0.814209 0.453125 0.073730 0.119141