0 0.694336 0.380371 0.011719 0.026367
0 0.714111 0.385742 0.012207 0.025391
0 0.737305 0.372070 0.009766 0.025391
0 0.746826 0.366211 0.012207 0.033203
0 0.815430 0.357910 0.018555 0.047852
0 0.768555 0.353027 0.036133 0.157227
0 0.806396 0.389160 0.077637 0.213867
0 0.195557 0.399902 0.005371 0.022461
0 0.371826 0.400879 0.006348 0.024414
0 0.309570 0.405762 0.004883 0.030273
0 0.193604 0.403320 0.008301 0.019531
0 0.200684 0.400879 0.006836 0.022461
0 0.182617 0.422852 0.012695 0.076172
0 0.150635 0.414062 0.015137 0.041016
0 0.133789 0.427246 0.017578 0.073242
0 0.092285 0.424316 0.010742 0.061523
0 0.086426 0.426758 0.016602 0.068359
0 0.046631 0.419434 0.011230 0.047852
1 0.538086 0.385254 0.005859 0.014648
1 0.534424 0.378906 0.007324 0.011719
1 0.550781 0.386719 0.020508 0.033203
1 0.552490 0.413574 0.017090 0.038086
1 0.498291 0.401367 0.010254 0.015625
1 0.488037 0.410645 0.020020 0.038086
1 0.485596 0.415527 0.014160 0.040039
1 0.335449 0.420898 0.033203 0.052734
1 0.339600 0.427734 0.036621 0.060547
1 0.464111 0.410156 0.037598 0.074219
1 0.411621 0.430176 0.081055 0.129883
1 0.522949 0.432617 0.058594 0.082031
1 0.010742 0.428223 0.015625 0.211914
1 0.250000 0.410645 0.093750 0.155273
2 0.569580 0.420898 0.017090 0.039062
2 0.557617 0.423340 0.007812 0.036133
2 0.843262 0.426270 0.007812 0.036133
2 0.846680 0.463867 0.014648 0.023438
2 0.887207 0.525391 0.085938 0.285156
2 0.959717 0.526855 0.074707 0.325195
2 0.142090 0.445312 0.035156 0.039062
2 0.114746 0.437500 0.007812 0.037109
2 0.062744 0.448730 0.046387 0.053711