1 0.652588 0.417480 0.103027 0.141602
1 0.376465 0.375488 0.009766 0.016602
1 0.368164 0.381836 0.010742 0.017578
1 0.395264 0.369629 0.007324 0.014648
1 0.398438 0.377441 0.009766 0.014648
1 0.418701 0.365723 0.008301 0.010742
1 0.445801 0.365234 0.007812 0.009766
1 0.455811 0.375000 0.013184 0.009766
1 0.449463 0.388672 0.012207 0.025391
1 0.437012 0.394531 0.021484 0.033203
1 0.414795 0.395508 0.029785 0.044922
1 0.470215 0.379883 0.014648 0.042969
1 0.463623 0.396973 0.023926 0.034180
1 0.510498 0.364746 0.073730 0.178711
1 0.064209 0.420410 0.122559 0.235352
1 0.158936 0.487793 0.260254 0.333008
3 0.389893 0.409180 0.013184 0.035156