0 0.816162 0.394531 0.026855 0.099609
0 0.694580 0.397461 0.060059 0.160156
0 0.366699 0.433105 0.019531 0.112305
0 0.461182 0.429199 0.025879 0.102539
0 0.413818 0.411133 0.089355 0.244141
0 0.505127 0.416504 0.028809 0.116211
1 0.098633 0.460938 0.191406 0.181641
1 0.907227 0.407715 0.138672 0.114258
1 0.662842 0.412109 0.016113 0.031250
1 0.415771 0.401855 0.072754 0.141602
1 0.556641 0.403320 0.006836 0.009766
1 0.606445 0.400391 0.010742 0.011719
1 0.592529 0.403809 0.020020 0.020508
1 0.568848 0.403320 0.009766 0.015625
1 0.538818 0.392578 0.018066 0.025391
1 0.543701 0.416504 0.029785 0.045898
2 0.698486 0.468750 0.070801 0.107422
2 0.419678 0.500488 0.132324 0.215820