0 0.132812 0.426758 0.005859 0.035156
0 0.106689 0.433594 0.012207 0.054688
0 0.066162 0.439453 0.020020 0.095703
0 0.320801 0.415039 0.005859 0.035156
0 0.394287 0.423828 0.008301 0.033203
0 0.654785 0.392578 0.006836 0.056641
1 0.236084 0.434082 0.037598 0.073242
1 0.245605 0.454102 0.005859 0.044922
1 0.238281 0.442871 0.021484 0.067383
1 0.208008 0.446289 0.059570 0.078125
1 0.303467 0.414551 0.040527 0.030273
1 0.303223 0.420410 0.026367 0.032227
1 0.346436 0.422852 0.027832 0.019531
1 0.386963 0.399414 0.045410 0.042969
1 0.403809 0.415039 0.034180 0.048828
1 0.424561 0.422363 0.024902 0.040039
1 0.438965 0.421875 0.022461 0.044922
1 0.445312 0.424316 0.014648 0.043945
1 0.482910 0.414551 0.068359 0.069336
1 0.478760 0.423340 0.015137 0.053711
1 0.487305 0.423340 0.020508 0.055664
1 0.518555 0.403809 0.058594 0.026367
1 0.519043 0.424316 0.068359 0.059570
2 0.142822 0.451172 0.020996 0.070312