1 0.343994 0.390625 0.010254 0.017578
1 0.404541 0.404785 0.019043 0.057617
1 0.395264 0.408203 0.016113 0.070312
1 0.367188 0.410156 0.056641 0.083984
1 0.479004 0.395508 0.030273 0.048828
1 0.437500 0.405762 0.057617 0.094727
1 0.489502 0.402344 0.025879 0.037109
1 0.224121 0.455566 0.136719 0.157227
1 0.511719 0.400879 0.030273 0.047852
1 0.526611 0.402832 0.026855 0.047852
1 0.552979 0.399414 0.043457 0.058594
1 0.593018 0.411621 0.028809 0.100586
1 0.624023 0.419434 0.077148 0.131836
1 0.695557 0.410645 0.129395 0.245117
1 0.795410 0.462891 0.234375 0.259766
1 0.087402 0.486328 0.168945 0.333984
3 0.625732 0.457031 0.025879 0.087891