0 0.255371 0.432617 0.017578 0.091797
0 0.273438 0.419434 0.022461 0.067383
0 0.238037 0.430664 0.016113 0.083984
0 0.221924 0.433594 0.024902 0.105469
0 0.061768 0.445801 0.041504 0.188477
0 0.826904 0.431152 0.044434 0.245117
1 0.567871 0.402832 0.045898 0.038086
1 0.558838 0.420410 0.007324 0.016602
1 0.572754 0.411133 0.031250 0.037109
1 0.578125 0.415039 0.026367 0.037109
1 0.590088 0.416504 0.040527 0.051758
1 0.598877 0.405762 0.024902 0.026367
1 0.595703 0.426758 0.022461 0.041016
1 0.598877 0.436035 0.012207 0.036133
1 0.612305 0.421387 0.018555 0.071289
1 0.682861 0.356934 0.071777 0.024414
1 0.696533 0.411621 0.158691 0.112305
1 0.680176 0.428711 0.148438 0.105469
1 0.961182 0.388184 0.046387 0.083008
1 0.494141 0.416504 0.019531 0.024414
1 0.455078 0.405273 0.042969 0.017578
1 0.466797 0.424316 0.028320 0.043945
1 0.456299 0.428223 0.045410 0.041992
1 0.401367 0.437988 0.047852 0.081055
1 0.378418 0.438477 0.066406 0.082031
1 0.357666 0.445801 0.083496 0.081055
1 0.523193 0.424805 0.043457 0.076172
2 0.294678 0.465332 0.077637 0.094727