0 0.609131 0.389648 0.007324 0.023438
0 0.603027 0.398438 0.008789 0.035156
0 0.591797 0.397949 0.007812 0.028320
0 0.801025 0.366211 0.028809 0.083984
0 0.820557 0.401367 0.028809 0.078125
1 0.464844 0.406738 0.005859 0.014648
1 0.564453 0.410645 0.034180 0.057617
1 0.664795 0.440430 0.086426 0.169922
1 0.731934 0.467773 0.172852 0.224609
1 0.895264 0.584961 0.203613 0.556641
1 0.488037 0.423828 0.010254 0.089844
1 0.518555 0.422363 0.065430 0.112305
1 0.224854 0.439941 0.025879 0.063477
1 0.200928 0.429199 0.047363 0.084961
1 0.198242 0.432129 0.041992 0.086914
1 0.188477 0.455078 0.018555 0.050781
1 0.092529 0.443359 0.179199 0.400391
2 0.562744 0.448242 0.061035 0.095703