0 0.673584 0.396973 0.009277 0.081055
0 0.664307 0.399902 0.015137 0.088867
0 0.403320 0.375000 0.005859 0.009766
0 0.384766 0.383301 0.010742 0.030273
0 0.374268 0.379395 0.011230 0.038086
0 0.346924 0.380859 0.009277 0.027344
0 0.240234 0.390625 0.012695 0.033203
0 0.228271 0.389648 0.018066 0.044922
0 0.167236 0.416504 0.013184 0.086914
0 0.177734 0.416016 0.021484 0.089844
0 0.641602 0.402832 0.006836 0.071289
0 0.645996 0.399902 0.014648 0.083008
1 0.597900 0.412598 0.032715 0.071289
1 0.826172 0.421875 0.292969 0.326172
1 0.916992 0.489746 0.160156 0.346680
1 0.405273 0.431152 0.086914 0.118164
1 0.515869 0.470215 0.181152 0.321289
1 0.273438 0.423828 0.151367 0.087891
1 0.069824 0.429688 0.133789 0.410156
2 0.300049 0.473145 0.030762 0.120117