0 0.837891 0.394531 0.031250 0.103516
0 0.407227 0.388184 0.005859 0.014648
0 0.362061 0.398438 0.010254 0.031250
0 0.167969 0.400391 0.010742 0.011719
0 0.471924 0.441895 0.037598 0.122070
0 0.662598 0.376953 0.005859 0.017578
1 0.462646 0.386230 0.042480 0.040039
1 0.428467 0.387695 0.035645 0.017578
1 0.445801 0.406738 0.036133 0.036133
1 0.440430 0.412598 0.037109 0.041992
1 0.415771 0.421387 0.080566 0.051758
1 0.376953 0.443848 0.136719 0.092773
1 0.093018 0.447754 0.047363 0.083008
1 0.126709 0.444336 0.025879 0.056641
1 0.173584 0.493652 0.136230 0.182617
1 0.566162 0.397461 0.024902 0.031250
1 0.587891 0.398438 0.064453 0.056641
1 0.598633 0.399902 0.038086 0.059570
1 0.606934 0.398926 0.030273 0.055664
1 0.652588 0.396484 0.079590 0.046875
1 0.652832 0.413574 0.078125 0.051758
1 0.770752 0.458496 0.167480 0.282227
2 0.252441 0.440430 0.017578 0.052734
2 0.054199 0.515137 0.065430 0.125977
2 0.481201 0.422852 0.010254 0.035156
2 0.604248 0.463379 0.016113 0.071289