0 0.483887 0.415527 0.010742 0.061523
0 0.460693 0.415039 0.018066 0.078125
0 0.422363 0.415039 0.014648 0.068359
0 0.309570 0.422852 0.008789 0.078125
0 0.302002 0.425781 0.020020 0.097656
0 0.188721 0.409668 0.011230 0.053711
1 0.600586 0.392578 0.022461 0.037109
1 0.573730 0.406738 0.032227 0.049805
1 0.537109 0.419434 0.028320 0.047852
1 0.506104 0.422363 0.049316 0.053711
1 0.628418 0.398438 0.009766 0.015625
1 0.610596 0.400391 0.025879 0.041016
1 0.634033 0.398438 0.008301 0.013672
1 0.660400 0.397461 0.014160 0.015625
1 0.671143 0.397949 0.008301 0.016602
1 0.681396 0.395996 0.017090 0.022461
1 0.726318 0.433594 0.045410 0.144531
1 0.788574 0.463867 0.153320 0.208984
1 0.919922 0.545898 0.154297 0.410156
2 0.861572 0.405273 0.028809 0.048828
3 0.557373 0.419922 0.019043 0.035156
3 0.136230 0.487793 0.078125 0.147461
3 0.080566 0.494629 0.103516 0.153320
3 0.045410 0.502441 0.084961 0.166992
3 0.025879 0.535645 0.045898 0.118164