0 0.776123 0.375000 0.016113 0.052734
0 0.794434 0.371094 0.015625 0.035156
0 0.812256 0.365234 0.018066 0.048828
0 0.922852 0.390137 0.004883 0.067383
0 0.530029 0.384277 0.006348 0.012695
0 0.543945 0.387207 0.008789 0.014648
0 0.576660 0.406250 0.030273 0.099609
0 0.625732 0.413086 0.022949 0.103516
0 0.767822 0.412598 0.014160 0.124023
0 0.752441 0.405762 0.024414 0.161133
0 0.955811 0.379395 0.015137 0.067383
0 0.972412 0.399902 0.024902 0.104492
0 0.449707 0.417480 0.013672 0.073242
0 0.463379 0.413574 0.025391 0.081055
0 0.322754 0.385742 0.006836 0.017578
0 0.324951 0.406738 0.008301 0.045898
0 0.349121 0.416016 0.011719 0.064453
0 0.358643 0.414551 0.009277 0.057617
0 0.386963 0.408691 0.015137 0.073242
0 0.378906 0.416016 0.018555 0.082031
0 0.396240 0.424805 0.028809 0.132812
0 0.419189 0.440918 0.005371 0.016602
0 0.429443 0.413574 0.028809 0.139648
0 0.304443 0.425293 0.019043 0.083008
0 0.287842 0.446777 0.014160 0.018555
0 0.288574 0.425293 0.020508 0.069336
0 0.303711 0.422363 0.017578 0.098633
0 0.335449 0.419922 0.022461 0.089844
1 0.693359 0.423340 0.110352 0.161133
2 0.940674 0.386230 0.020996 0.047852
2 0.870850 0.432129 0.061035 0.118164
2 0.950195 0.428711 0.062500 0.113281
2 0.899658 0.434570 0.092285 0.140625
2 0.365967 0.421875 0.014160 0.052734
2 0.428955 0.447754 0.021973 0.096680