0 0.878662 0.424805 0.006348 0.050781
0 0.888916 0.420898 0.016113 0.060547
0 0.907959 0.421875 0.008301 0.048828
0 0.161133 0.369629 0.014648 0.051758
1 0.785156 0.416016 0.022461 0.025391
1 0.877197 0.421387 0.053223 0.040039
1 0.824707 0.423828 0.089844 0.048828
1 0.418701 0.388672 0.051270 0.035156
1 0.949951 0.429199 0.057129 0.051758
1 0.981934 0.431641 0.024414 0.054688
1 0.651611 0.399414 0.046387 0.074219
1 0.714355 0.447754 0.125977 0.170898
1 0.593750 0.401367 0.038086 0.056641
1 0.520752 0.429199 0.093262 0.147461
1 0.343262 0.379395 0.017578 0.030273
1 0.325684 0.380859 0.029297 0.037109
1 0.259033 0.375977 0.033691 0.039062
1 0.290771 0.384766 0.046387 0.064453
1 0.099121 0.365234 0.056641 0.039062
2 0.229736 0.377930 0.006348 0.021484