0 0.523682 0.379883 0.007324 0.025391
0 0.464600 0.399414 0.010254 0.056641
0 0.609131 0.375488 0.005371 0.030273
0 0.613770 0.382324 0.007812 0.036133
0 0.620361 0.377930 0.007324 0.031250
1 0.557373 0.371582 0.012207 0.018555
1 0.578125 0.372070 0.011719 0.023438
1 0.603027 0.370605 0.011719 0.022461
1 0.123291 0.436523 0.214355 0.173828
1 0.085449 0.448242 0.114258 0.171875
1 0.031494 0.449707 0.057129 0.186523
2 0.599121 0.397461 0.006836 0.019531
2 0.607910 0.411133 0.009766 0.031250
2 0.628174 0.451660 0.005371 0.040039
2 0.638916 0.464844 0.007324 0.064453
2 0.845215 0.415527 0.013672 0.026367
2 0.871094 0.412598 0.040039 0.047852
2 0.814941 0.443848 0.061523 0.108398
2 0.856445 0.461914 0.061523 0.107422
2 0.872314 0.467773 0.041504 0.111328
2 0.920654 0.470215 0.082520 0.129883
2 0.934326 0.473633 0.091309 0.152344
2 0.975098 0.494629 0.043945 0.157227