0 0.618652 0.399414 0.008789 0.078125
0 0.438232 0.364258 0.014160 0.041016
0 0.456055 0.391602 0.011719 0.064453
0 0.437744 0.394531 0.014160 0.066406
0 0.449707 0.397949 0.016602 0.084961
0 0.417969 0.390625 0.025391 0.091797
0 0.483887 0.381836 0.005859 0.068359
0 0.478516 0.392090 0.012695 0.088867
0 0.362549 0.404297 0.017090 0.064453
0 0.381836 0.394043 0.018555 0.043945
0 0.244629 0.356934 0.008789 0.036133
0 0.335938 0.408203 0.037109 0.171875
0 0.273682 0.347168 0.017090 0.067383
0 0.259033 0.357422 0.008301 0.023438
0 0.251221 0.360352 0.006348 0.009766
0 0.257812 0.386230 0.007812 0.040039
0 0.221924 0.365723 0.006348 0.014648
0 0.250732 0.393066 0.022949 0.063477
0 0.199707 0.367188 0.014648 0.021484
0 0.171387 0.374023 0.009766 0.066406
0 0.178223 0.385742 0.018555 0.058594
0 0.559570 0.404297 0.022461 0.150391
0 0.587158 0.404785 0.015137 0.112305
0 0.567627 0.414062 0.034668 0.152344
1 0.711914 0.442383 0.122070 0.285156
1 0.859863 0.490723 0.274414 0.502930
1 0.929688 0.614746 0.134766 0.579102
2 0.609375 0.421875 0.017578 0.058594
2 0.628174 0.426758 0.021973 0.070312
2 0.427734 0.418457 0.038086 0.073242
2 0.505859 0.415039 0.048828 0.066406
2 0.498535 0.417969 0.024414 0.074219
2 0.319580 0.409180 0.027832 0.060547
2 0.369873 0.422852 0.032715 0.056641
3 0.268799 0.484375 0.083496 0.250000
3 0.066162 0.358887 0.087402 0.061523
3 0.072266 0.428711 0.080078 0.214844
3 0.129395 0.437500 0.076172 0.236328
3 0.199463 0.465332 0.082520 0.233398