0 0.958252 0.408691 0.007324 0.032227
0 0.947754 0.411133 0.005859 0.023438
1 0.840576 0.408691 0.005371 0.010742
1 0.844482 0.412598 0.008301 0.020508
1 0.855713 0.411621 0.018066 0.022461
1 0.886963 0.416504 0.028809 0.040039
1 0.924805 0.426270 0.047852 0.063477
1 0.753662 0.412598 0.006348 0.024414
1 0.651611 0.410645 0.007324 0.028320
1 0.623047 0.412109 0.030273 0.039062
1 0.739990 0.409668 0.021973 0.041992
1 0.732910 0.417480 0.008789 0.036133
1 0.479980 0.416992 0.036133 0.072266
1 0.430420 0.362793 0.049316 0.030273
1 0.387207 0.386230 0.040039 0.041992
1 0.374512 0.391602 0.026367 0.041016
1 0.330322 0.420898 0.109863 0.101562
1 0.427979 0.424805 0.097168 0.101562
1 0.583496 0.418457 0.041992 0.065430
1 0.529297 0.436035 0.093750 0.104492
3 0.641846 0.419434 0.013184 0.038086