0 0.794678 0.381348 0.005371 0.010742
0 0.801025 0.384277 0.005371 0.010742
0 0.317627 0.424316 0.025879 0.206055
0 0.343262 0.425781 0.019531 0.195312
0 0.323730 0.428223 0.043945 0.209961
0 0.300537 0.436035 0.028809 0.211914
0 0.282959 0.436523 0.033691 0.220703
1 0.365479 0.413086 0.012207 0.027344
1 0.391602 0.413574 0.029297 0.024414
1 0.727295 0.414062 0.036621 0.056641
1 0.711426 0.437988 0.013672 0.100586
1 0.545898 0.382324 0.017578 0.047852
1 0.500488 0.434082 0.101562 0.155273
1 0.627930 0.432129 0.165039 0.327148
1 0.231445 0.415039 0.047852 0.042969
1 0.221924 0.425293 0.018066 0.030273
1 0.253174 0.436523 0.037598 0.052734
1 0.185791 0.426758 0.009277 0.011719
1 0.151123 0.426270 0.024902 0.024414
1 0.136230 0.431641 0.016602 0.031250
1 0.788574 0.417969 0.051758 0.060547
1 0.900391 0.470703 0.193359 0.271484
2 0.761475 0.405273 0.007324 0.017578
2 0.355957 0.450195 0.066406 0.111328