0 0.558838 0.393066 0.008301 0.038086
0 0.565430 0.391113 0.007812 0.045898
0 0.551025 0.398438 0.012207 0.070312
0 0.543457 0.397461 0.016602 0.072266
0 0.574219 0.391113 0.013672 0.084961
0 0.588135 0.402344 0.005371 0.039062
0 0.859619 0.397949 0.059082 0.282227
0 0.778809 0.399414 0.045898 0.291016
0 0.730225 0.385742 0.059082 0.335938
0 0.372803 0.405762 0.008301 0.041992
0 0.364502 0.407227 0.007324 0.046875
0 0.350342 0.411133 0.008301 0.044922
0 0.340576 0.410645 0.006348 0.040039
0 0.333008 0.411133 0.008789 0.052734
0 0.323242 0.401367 0.009766 0.035156
0 0.315186 0.388184 0.008301 0.020508
0 0.083496 0.404785 0.011719 0.045898
0 0.068848 0.406250 0.017578 0.050781
0 0.045898 0.408691 0.013672 0.049805
1 0.425537 0.400879 0.014160 0.014648
1 0.404785 0.409180 0.026367 0.041016
1 0.440918 0.404785 0.022461 0.032227
1 0.510254 0.386230 0.008789 0.010742
1 0.517334 0.396484 0.014160 0.019531
1 0.545898 0.396973 0.034180 0.018555
1 0.875000 0.364746 0.156250 0.209961
1 0.502441 0.400879 0.024414 0.024414
1 0.272217 0.371582 0.052246 0.077148
1 0.282227 0.439453 0.087891 0.109375
1 0.025391 0.473145 0.044922 0.116211
2 0.600342 0.452148 0.027832 0.117188
2 0.059814 0.420898 0.014160 0.027344
2 0.078613 0.419434 0.013672 0.028320