0 0.620361 0.423340 0.013184 0.084961
0 0.644775 0.418457 0.009277 0.084961
0 0.634766 0.422363 0.014648 0.090820
0 0.656494 0.422852 0.007324 0.085938
0 0.691162 0.385742 0.005371 0.009766
0 0.700684 0.419434 0.014648 0.092773
0 0.690674 0.426270 0.016113 0.083008
0 0.675537 0.420410 0.013184 0.086914
0 0.664551 0.424805 0.019531 0.087891
0 0.751465 0.390625 0.016602 0.037109
0 0.728027 0.424316 0.011719 0.083008
0 0.717529 0.423828 0.015137 0.087891
0 0.054199 0.412598 0.010742 0.014648
0 0.241943 0.495117 0.116699 0.394531
0 0.353027 0.477051 0.075195 0.372070
0 0.420166 0.504395 0.085449 0.366211
0 0.424805 0.500488 0.065430 0.446289
1 0.954346 0.398926 0.085449 0.055664
1 0.864746 0.457031 0.264648 0.203125
1 0.048340 0.451660 0.090820 0.061523
1 0.094238 0.456055 0.012695 0.042969
1 0.378174 0.461426 0.190918 0.143555
1 0.215820 0.455078 0.236328 0.189453