0 0.808105 0.453125 0.060547 0.306641
0 0.850342 0.452637 0.053223 0.327148
0 0.462646 0.442383 0.011230 0.052734
0 0.395264 0.447266 0.012207 0.054688
0 0.604248 0.436523 0.014160 0.091797
0 0.020020 0.433594 0.015625 0.037109
0 0.122314 0.441406 0.009277 0.031250
0 0.131836 0.438965 0.015625 0.040039
0 0.111328 0.466309 0.022461 0.083008
0 0.152100 0.432129 0.008301 0.020508
0 0.039551 0.440430 0.014648 0.031250
0 0.053467 0.441895 0.017090 0.034180
1 0.445557 0.450684 0.013184 0.024414
1 0.425781 0.451172 0.032227 0.046875
1 0.506348 0.447266 0.017578 0.029297
1 0.517578 0.445801 0.009766 0.030273
1 0.553955 0.444336 0.041504 0.037109
1 0.585938 0.442871 0.020508 0.063477
1 0.590332 0.451660 0.013672 0.051758
1 0.614258 0.437500 0.052734 0.083984
1 0.625244 0.443359 0.021973 0.068359
1 0.657227 0.433594 0.062500 0.078125
1 0.646973 0.449219 0.040039 0.089844
1 0.666504 0.451172 0.037109 0.095703
1 0.687500 0.450684 0.038086 0.112305
1 0.725098 0.452637 0.092773 0.122070
1 0.734863 0.467773 0.074219 0.150391
1 0.767090 0.471191 0.029297 0.178711
1 0.886230 0.466309 0.221680 0.284180
1 0.380127 0.453125 0.021973 0.042969
1 0.360596 0.454590 0.026855 0.051758
1 0.345947 0.455566 0.035645 0.063477
1 0.313477 0.456055 0.048828 0.076172
1 0.302002 0.465332 0.039551 0.075195
1 0.257568 0.463867 0.062988 0.107422
1 0.187012 0.477539 0.112305 0.136719
2 0.571045 0.445312 0.012207 0.052734