0 0.029541 0.424805 0.022949 0.111328
0 0.684570 0.395020 0.008789 0.047852
0 0.697998 0.394531 0.005371 0.044922
0 0.762939 0.389648 0.015137 0.121094
1 0.649414 0.395508 0.008789 0.031250
1 0.379639 0.415039 0.052246 0.064453
1 0.650879 0.397461 0.008789 0.037109
1 0.516357 0.405762 0.007324 0.022461
1 0.503906 0.405273 0.022461 0.029297
1 0.542480 0.397461 0.027344 0.054688
1 0.570557 0.399902 0.008301 0.028320
1 0.587402 0.402344 0.031250 0.048828
1 0.616455 0.397461 0.008301 0.011719
1 0.632568 0.396484 0.013184 0.021484
1 0.660645 0.398438 0.021484 0.039062
1 0.664795 0.401367 0.023926 0.039062
1 0.761475 0.392090 0.031738 0.067383
1 0.763916 0.406738 0.022949 0.040039
1 0.831055 0.389160 0.124023 0.090820
2 0.176758 0.429688 0.027344 0.042969