0 0.327393 0.412109 0.005371 0.019531
0 0.082520 0.409668 0.029297 0.075195
0 0.707764 0.396484 0.009277 0.025391
0 0.719971 0.399414 0.009277 0.023438
0 0.730225 0.397461 0.010254 0.027344
0 0.762695 0.395996 0.016602 0.030273
0 0.785645 0.389160 0.014648 0.040039
0 0.804688 0.391602 0.015625 0.033203
0 0.396973 0.422363 0.008789 0.047852
0 0.427734 0.418457 0.014648 0.053711
1 0.576904 0.409180 0.015137 0.019531
1 0.450684 0.419434 0.018555 0.030273
1 0.308105 0.429199 0.033203 0.061523
1 0.295410 0.434082 0.028320 0.065430
1 0.271729 0.426270 0.035645 0.096680
1 0.252197 0.435059 0.041504 0.092773
1 0.039795 0.488770 0.073730 0.186523
1 0.152344 0.498047 0.211914 0.240234
1 0.656250 0.385254 0.083008 0.057617
1 0.399170 0.423828 0.034668 0.042969