0 0.124023 0.404297 0.004883 0.017578
0 0.118164 0.406738 0.005859 0.014648
0 0.176270 0.403320 0.011719 0.039062
0 0.161133 0.391113 0.005859 0.012695
0 0.200195 0.423340 0.011719 0.083008
0 0.213867 0.420898 0.015625 0.083984
0 0.256592 0.407227 0.007324 0.058594
0 0.249512 0.411621 0.019531 0.086914
0 0.375244 0.414551 0.019043 0.051758
0 0.321045 0.444824 0.026855 0.041992
0 0.299805 0.418457 0.026367 0.108398
0 0.473145 0.382324 0.015625 0.063477
0 0.626465 0.389160 0.019531 0.038086
0 0.639648 0.397949 0.016602 0.020508
0 0.665283 0.389648 0.020996 0.031250
0 0.419922 0.412109 0.022461 0.134766
0 0.801514 0.324219 0.013184 0.126953
1 0.010742 0.375000 0.015625 0.019531
1 0.065430 0.427246 0.096680 0.161133
1 0.040283 0.471680 0.057129 0.177734
1 0.033203 0.596191 0.060547 0.448242
1 0.149902 0.440918 0.072266 0.086914
2 0.328125 0.445312 0.021484 0.074219
3 0.782227 0.472168 0.055664 0.213867