0 0.097168 0.333496 0.020508 0.040039
0 0.518311 0.367676 0.006348 0.045898
1 0.306885 0.328613 0.056152 0.012695
1 0.647217 0.381836 0.070801 0.060547
1 0.650391 0.393555 0.062500 0.078125
1 0.693848 0.339355 0.021484 0.026367
1 0.671143 0.390137 0.099121 0.143555
1 0.533203 0.373535 0.016602 0.020508
1 0.447021 0.359863 0.092285 0.071289
1 0.372070 0.373535 0.085938 0.092773
1 0.369629 0.380859 0.071289 0.103516
1 0.358887 0.378906 0.037109 0.080078
1 0.309326 0.395508 0.125488 0.130859
1 0.135498 0.416992 0.265137 0.179688
1 0.765381 0.399414 0.107910 0.199219
1 0.899170 0.411621 0.195801 0.293945
2 0.555176 0.384766 0.006836 0.037109
2 0.598389 0.379883 0.016113 0.029297