0 0.805176 0.364746 0.009766 0.079102
1 0.789551 0.368164 0.025391 0.025391
1 0.732422 0.378418 0.057617 0.028320
1 0.822754 0.366699 0.020508 0.024414
1 0.682373 0.375977 0.040527 0.029297
1 0.633789 0.381836 0.019531 0.107422
1 0.553467 0.417480 0.144043 0.286133
1 0.181885 0.421875 0.020996 0.031250
1 0.207031 0.424316 0.053711 0.063477
1 0.292480 0.413086 0.026367 0.054688
1 0.322998 0.420410 0.050293 0.063477
1 0.350586 0.420410 0.021484 0.071289
1 0.391113 0.389160 0.075195 0.165039
1 0.010254 0.437012 0.014648 0.036133
1 0.257568 0.422852 0.058105 0.082031
2 0.811279 0.398438 0.014160 0.060547
2 0.773926 0.392090 0.006836 0.028320