0 0.029541 0.364258 0.011230 0.046875
0 0.105469 0.365234 0.010742 0.029297
0 0.198242 0.373047 0.013672 0.025391
0 0.220459 0.380371 0.006348 0.012695
0 0.126221 0.370117 0.010254 0.021484
0 0.181641 0.375000 0.006836 0.017578
0 0.233398 0.398926 0.013672 0.077148
0 0.209473 0.405273 0.021484 0.085938
0 0.466797 0.413574 0.011719 0.061523
0 0.522705 0.416992 0.007324 0.062500
0 0.518799 0.416992 0.009277 0.062500
0 0.488037 0.383789 0.007324 0.013672
0 0.494385 0.388672 0.007324 0.019531
0 0.506348 0.424805 0.006836 0.044922
0 0.496582 0.406738 0.007812 0.041992
0 0.500488 0.419434 0.009766 0.061523
0 0.488037 0.417969 0.009277 0.064453
0 0.480469 0.416016 0.010742 0.068359
0 0.914795 0.437988 0.012207 0.071289
0 0.870850 0.430664 0.012207 0.068359
0 0.874023 0.434082 0.016602 0.067383
0 0.894287 0.434570 0.011230 0.066406
0 0.902588 0.435059 0.015137 0.071289
0 0.907227 0.439453 0.015625 0.068359
0 0.887695 0.432617 0.014648 0.078125
1 0.032959 0.433594 0.060059 0.154297
1 0.307373 0.426270 0.147949 0.124023
1 0.728516 0.412598 0.007812 0.020508
1 0.685059 0.415039 0.011719 0.021484
1 0.721191 0.415039 0.013672 0.025391
1 0.741211 0.413086 0.013672 0.023438
1 0.701416 0.424805 0.035645 0.048828
1 0.849854 0.429199 0.031738 0.024414
1 0.816895 0.423340 0.026367 0.014648
2 0.119629 0.401855 0.033203 0.055664
2 0.162598 0.399902 0.011719 0.036133
2 0.151611 0.407715 0.031738 0.047852
2 0.086182 0.415039 0.037598 0.072266
2 0.430664 0.429199 0.035156 0.043945
3 0.549805 0.415039 0.020508 0.029297