0 0.286133 0.418945 0.008789 0.035156
0 0.650879 0.426758 0.046875 0.287109
0 0.592285 0.439941 0.044922 0.278320
0 0.457520 0.399414 0.009766 0.046875
0 0.464355 0.410156 0.007812 0.058594
0 0.472656 0.408203 0.013672 0.070312
0 0.143311 0.419922 0.009277 0.056641
1 0.276123 0.427246 0.012207 0.041992
1 0.259766 0.426270 0.028320 0.051758
1 0.260986 0.433105 0.014160 0.041992
1 0.239502 0.423828 0.042480 0.072266
1 0.084961 0.584473 0.164062 0.463867
1 0.327148 0.438477 0.084961 0.148438
1 0.404297 0.391113 0.020508 0.012695
1 0.393066 0.428711 0.013672 0.064453
1 0.401611 0.410645 0.010254 0.034180
1 0.426270 0.431641 0.068359 0.115234