0 0.713135 0.382812 0.030762 0.064453
1 0.535645 0.410645 0.007812 0.020508
1 0.488281 0.399902 0.015625 0.032227
1 0.481934 0.410645 0.005859 0.041992
1 0.459229 0.404297 0.038574 0.074219
1 0.513916 0.409668 0.038574 0.065430
1 0.553711 0.405273 0.026367 0.050781
1 0.556152 0.409180 0.019531 0.050781
1 0.569336 0.414062 0.020508 0.064453
1 0.583496 0.422852 0.023438 0.089844
1 0.621338 0.413086 0.055176 0.128906
1 0.634766 0.427734 0.070312 0.148438
1 0.669922 0.447754 0.109375 0.149414
1 0.839355 0.457031 0.240234 0.388672
1 0.456787 0.418457 0.016113 0.071289
1 0.451172 0.421875 0.019531 0.078125
1 0.432373 0.424316 0.040527 0.088867
1 0.406738 0.437500 0.045898 0.125000
1 0.344971 0.446777 0.104980 0.204102
1 0.251221 0.464844 0.145020 0.353516
1 0.118896 0.595215 0.231934 0.532227