0 0.973633 0.391113 0.008789 0.036133
0 0.963135 0.400391 0.019043 0.037109
0 0.191162 0.432129 0.020020 0.112305
0 0.530029 0.415527 0.005371 0.032227
0 0.602051 0.421387 0.014648 0.131836
0 0.780762 0.381836 0.022461 0.087891
1 0.336670 0.421387 0.033691 0.040039
1 0.317627 0.421387 0.020020 0.043945
1 0.289551 0.416992 0.051758 0.042969
1 0.551758 0.416992 0.018555 0.039062
1 0.555176 0.416992 0.018555 0.039062
1 0.560547 0.414551 0.021484 0.036133
1 0.583496 0.419434 0.023438 0.063477
1 0.586670 0.415527 0.018066 0.055664
1 0.600586 0.422852 0.036133 0.082031
1 0.662842 0.421387 0.114746 0.098633
1 0.490723 0.414551 0.016602 0.030273
1 0.511963 0.405762 0.025879 0.059570
1 0.471436 0.416016 0.022949 0.042969
1 0.466797 0.418945 0.017578 0.046875
1 0.457031 0.420898 0.010742 0.080078
1 0.403076 0.395996 0.100098 0.215820
2 0.108643 0.439941 0.020020 0.061523
2 0.235596 0.434570 0.016113 0.041016
2 0.692383 0.432617 0.066406 0.099609
2 0.765625 0.476562 0.136719 0.158203
2 0.755127 0.496582 0.130371 0.145508