1 0.018555 0.376465 0.023438 0.040039
1 0.009033 0.395508 0.012207 0.072266
1 0.048828 0.375977 0.012695 0.013672
1 0.193848 0.382324 0.029297 0.026367
1 0.148682 0.380371 0.016113 0.028320
1 0.171387 0.383301 0.041016 0.024414
1 0.113281 0.380371 0.010742 0.024414
1 0.129639 0.380859 0.030762 0.025391
1 0.069580 0.395020 0.079590 0.065430
1 0.632812 0.403809 0.032227 0.055664
1 0.237549 0.390625 0.039551 0.041016
1 0.331787 0.458496 0.187012 0.223633
1 0.451904 0.387695 0.027832 0.027344
1 0.502930 0.391113 0.031250 0.030273
1 0.535156 0.390137 0.031250 0.032227
1 0.552246 0.389160 0.010742 0.036133
1 0.584229 0.422852 0.074707 0.111328
1 0.839355 0.204590 0.009766 0.366211
1 0.921143 0.395020 0.020020 0.010742
1 0.944336 0.393066 0.014648 0.016602
1 0.978516 0.394043 0.020508 0.016602
1 0.752197 0.417969 0.160645 0.287109