0 0.347168 0.400879 0.011719 0.026367
0 0.624023 0.412109 0.022461 0.091797
0 0.660400 0.409668 0.013184 0.073242
0 0.833496 0.425781 0.045898 0.185547
0 0.791992 0.421387 0.040039 0.202148
0 0.592041 0.427246 0.021973 0.112305
1 0.358643 0.439941 0.077637 0.065430
1 0.466309 0.416016 0.008789 0.027344
1 0.463867 0.416504 0.008789 0.026367
1 0.456787 0.414551 0.011230 0.032227
1 0.445068 0.415039 0.019043 0.035156
1 0.435791 0.418457 0.018066 0.036133
1 0.424316 0.419434 0.025391 0.038086
1 0.539062 0.408691 0.022461 0.024414
1 0.570801 0.410645 0.021484 0.020508
2 0.611572 0.439453 0.020996 0.074219
2 0.803955 0.451660 0.023926 0.041992