0 0.091797 0.402832 0.010742 0.043945
0 0.989258 0.394043 0.015625 0.124023
0 0.972168 0.418457 0.027344 0.129883
0 0.676025 0.394531 0.008301 0.027344
0 0.684326 0.396973 0.008301 0.030273
0 0.348633 0.396973 0.007812 0.016602
0 0.690674 0.397949 0.006348 0.024414
0 0.697266 0.403809 0.008789 0.043945
0 0.706299 0.401855 0.007324 0.047852
0 0.342773 0.405762 0.008789 0.028320
0 0.319824 0.395996 0.007812 0.024414
1 0.517334 0.414551 0.009277 0.012695
1 0.500977 0.416016 0.012695 0.033203
1 0.475830 0.420410 0.013184 0.040039
1 0.456299 0.418457 0.032715 0.051758
1 0.438232 0.425293 0.020020 0.053711
1 0.416016 0.424805 0.034180 0.066406
1 0.386230 0.431152 0.050781 0.071289
1 0.585693 0.390137 0.013184 0.010742
1 0.587158 0.399414 0.008301 0.009766
1 0.583496 0.424805 0.035156 0.056641
1 0.601318 0.399414 0.017090 0.033203
1 0.604248 0.403809 0.007324 0.024414
1 0.570801 0.436035 0.046875 0.073242
2 0.719482 0.409180 0.008301 0.027344
2 0.733398 0.427246 0.019531 0.045898
2 0.616211 0.433105 0.014648 0.071289
2 0.490479 0.460938 0.011230 0.056641
2 0.466309 0.460938 0.028320 0.066406