0 0.323486 0.378906 0.010254 0.031250
0 0.366455 0.393066 0.010254 0.065430
0 0.358643 0.394043 0.018066 0.075195
0 0.226318 0.397949 0.008301 0.038086
0 0.218262 0.402344 0.005859 0.041016
1 0.380371 0.393555 0.015625 0.042969
1 0.352783 0.398438 0.043457 0.050781
1 0.251709 0.408691 0.053223 0.057617
1 0.588135 0.394043 0.195801 0.141602
1 0.803955 0.385742 0.213379 0.175781
1 0.060791 0.400879 0.115723 0.127930
1 0.120605 0.427734 0.192383 0.136719
1 0.960938 0.392578 0.072266 0.109375
2 0.323242 0.408203 0.034180 0.056641
2 0.274902 0.412109 0.029297 0.050781
3 0.704346 0.369141 0.011230 0.033203
3 0.723877 0.371582 0.008301 0.024414