0 0.442871 0.416504 0.004883 0.020508
0 0.446045 0.419434 0.006348 0.026367
0 0.451416 0.418457 0.006348 0.028320
0 0.456543 0.419434 0.006836 0.030273
0 0.461670 0.419434 0.005371 0.030273
0 0.495605 0.416992 0.004883 0.025391
0 0.512451 0.413086 0.009277 0.048828
0 0.520752 0.422363 0.006348 0.040039
0 0.528809 0.421387 0.006836 0.055664
0 0.628906 0.442871 0.015625 0.139648
0 0.614746 0.439453 0.025391 0.166016
0 0.674561 0.429199 0.023926 0.157227
0 0.755859 0.437012 0.051758 0.186523
0 0.905762 0.425781 0.010742 0.119141
0 0.930176 0.431641 0.014648 0.109375
0 0.970215 0.422852 0.025391 0.148438
0 0.242188 0.418457 0.009766 0.059570
0 0.233398 0.416016 0.011719 0.054688
0 0.098633 0.397949 0.011719 0.057617
0 0.108154 0.396973 0.012207 0.055664
0 0.125732 0.376465 0.008301 0.012695
0 0.131836 0.417969 0.015625 0.082031
0 0.181641 0.445312 0.019531 0.140625
0 0.209229 0.440918 0.024902 0.125977
1 0.482422 0.420410 0.009766 0.028320
1 0.486328 0.421875 0.015625 0.025391
1 0.411621 0.411621 0.043945 0.100586
1 0.423340 0.434570 0.014648 0.066406
1 0.416504 0.435059 0.009766 0.075195
1 0.392822 0.439453 0.064941 0.091797
2 0.436523 0.424805 0.004883 0.015625
2 0.510010 0.432129 0.012207 0.043945
2 0.702393 0.465332 0.080566 0.100586
2 0.791260 0.478516 0.114746 0.142578