0 0.130615 0.415527 0.011230 0.049805
0 0.113525 0.416504 0.008301 0.051758
0 0.059570 0.398926 0.010742 0.018555
1 0.576660 0.437988 0.041992 0.059570
1 0.615479 0.438965 0.038574 0.096680
1 0.632812 0.451172 0.032227 0.113281
1 0.747803 0.414551 0.225098 0.342773
1 0.882812 0.540527 0.228516 0.389648
1 0.487549 0.421387 0.007324 0.030273
1 0.430176 0.437012 0.028320 0.094727
1 0.386719 0.439941 0.080078 0.114258
1 0.293701 0.429688 0.015137 0.035156
1 0.303955 0.427734 0.014160 0.031250
1 0.321533 0.427734 0.030762 0.041016
1 0.265137 0.423828 0.042969 0.054688
1 0.185791 0.425293 0.061035 0.061523
1 0.075439 0.423828 0.060059 0.054688
1 0.513428 0.439941 0.064941 0.092773