0 0.692383 0.387207 0.014648 0.100586
0 0.682861 0.384766 0.015137 0.103516
0 0.708984 0.390137 0.010742 0.073242
0 0.717041 0.385254 0.013184 0.083008
0 0.718750 0.390625 0.023438 0.089844
0 0.766113 0.383789 0.022461 0.093750
0 0.795654 0.385254 0.020020 0.090820
0 0.778076 0.399902 0.016113 0.063477
0 0.979736 0.378906 0.012207 0.074219
0 0.991455 0.372559 0.007324 0.022461
0 0.872559 0.402344 0.011719 0.033203
0 0.906250 0.380859 0.038086 0.160156
1 0.424316 0.379883 0.039062 0.025391
1 0.666992 0.392090 0.023438 0.014648
1 0.417480 0.395508 0.052734 0.035156
1 0.387207 0.399414 0.021484 0.009766
1 0.752686 0.387695 0.016113 0.015625
1 0.538330 0.393066 0.028809 0.028320
1 0.549805 0.396973 0.018555 0.022461
1 0.253906 0.416016 0.098633 0.179688
1 0.117676 0.444336 0.229492 0.439453
1 0.487061 0.407227 0.040527 0.048828
1 0.697754 0.400879 0.040039 0.040039
2 0.493408 0.426270 0.027832 0.045898
2 0.965576 0.391602 0.018066 0.050781