0 0.412842 0.440918 0.064941 0.305664
0 0.960938 0.341797 0.029297 0.107422
0 0.556885 0.379883 0.006348 0.027344
0 0.578369 0.431641 0.041504 0.287109
0 0.723633 0.384766 0.028320 0.148438
0 0.849854 0.354492 0.019043 0.091797
0 0.829102 0.347656 0.011719 0.070312
0 0.933350 0.361328 0.026855 0.111328
0 0.768311 0.381348 0.031738 0.168945
1 0.282959 0.416992 0.050293 0.093750
1 0.136719 0.449219 0.084961 0.138672
1 0.199951 0.454102 0.149902 0.162109
1 0.371094 0.414551 0.023438 0.043945
1 0.442871 0.410645 0.020508 0.045898
1 0.427979 0.411133 0.017090 0.064453
1 0.456787 0.413574 0.028809 0.049805
1 0.484375 0.413086 0.042969 0.054688
1 0.952881 0.624023 0.088379 0.388672
2 0.490234 0.415039 0.013672 0.050781
2 0.552246 0.418945 0.014648 0.060547
2 0.614014 0.418945 0.034668 0.060547
2 0.610352 0.420410 0.031250 0.061523
2 0.772949 0.418945 0.015625 0.031250
2 0.822998 0.403809 0.026855 0.088867
2 0.850342 0.399902 0.020020 0.104492
3 0.510498 0.414062 0.030762 0.060547
3 0.520264 0.422363 0.014160 0.055664
3 0.529297 0.418457 0.017578 0.061523
3 0.544189 0.416992 0.020020 0.058594
3 0.354004 0.419434 0.017578 0.053711