1 0.630127 0.416992 0.022949 0.056641
1 0.482178 0.410156 0.005371 0.015625
1 0.488281 0.409180 0.009766 0.017578
1 0.502930 0.410645 0.010742 0.018555
1 0.511230 0.408203 0.008789 0.023438
1 0.522949 0.405273 0.014648 0.029297
1 0.557373 0.404297 0.017090 0.035156
1 0.546143 0.411621 0.026855 0.036133
1 0.595703 0.426758 0.067383 0.089844
1 0.723877 0.461426 0.159668 0.219727
1 0.422119 0.412598 0.016113 0.022461
1 0.435059 0.415527 0.005859 0.016602
1 0.448242 0.419434 0.026367 0.041992
1 0.393311 0.436523 0.052246 0.076172
1 0.310303 0.463867 0.134277 0.154297
1 0.246094 0.417969 0.028320 0.031250
2 0.826660 0.407227 0.004883 0.044922