0 0.661133 0.397461 0.040039 0.166016
0 0.387451 0.366699 0.011230 0.063477
0 0.398438 0.364746 0.031250 0.071289
0 0.424561 0.359863 0.016113 0.055664
0 0.477539 0.362305 0.023438 0.076172
0 0.568604 0.366211 0.035645 0.130859
0 0.095947 0.393066 0.013184 0.045898
0 0.086914 0.393066 0.009766 0.041992
0 0.066406 0.390625 0.010742 0.052734
0 0.076416 0.393066 0.014160 0.051758
0 0.008301 0.398438 0.010742 0.046875
1 0.237305 0.388184 0.008789 0.030273
1 0.096191 0.396973 0.013672 0.034180
1 0.056152 0.396484 0.033203 0.033203
2 0.300293 0.471191 0.021484 0.034180
2 0.547363 0.466309 0.121094 0.186523
2 0.583740 0.482422 0.119629 0.160156
2 0.020996 0.400391 0.021484 0.033203
3 0.246338 0.418457 0.062012 0.090820
3 0.282959 0.432617 0.047363 0.099609