0 0.747803 0.412109 0.020996 0.119141
0 0.793213 0.399414 0.009277 0.058594
0 0.784668 0.402832 0.011719 0.049805
1 0.772217 0.400391 0.014160 0.021484
1 0.767334 0.408691 0.018066 0.036133
1 0.749268 0.410645 0.023926 0.034180
1 0.643311 0.396484 0.015137 0.011719
1 0.635742 0.410645 0.011719 0.028320
1 0.652100 0.409180 0.025879 0.033203
1 0.627441 0.410645 0.007812 0.030273
1 0.612549 0.408691 0.022949 0.038086
1 0.607666 0.414551 0.009277 0.030273
1 0.594238 0.412109 0.023438 0.039062
1 0.582764 0.417480 0.016113 0.034180
1 0.571777 0.415527 0.010742 0.045898
1 0.548828 0.407227 0.041016 0.046875
1 0.544922 0.422852 0.045898 0.050781
1 0.501221 0.419434 0.042480 0.073242
1 0.453613 0.426270 0.069336 0.083008
1 0.105713 0.579590 0.205566 0.639648
2 0.368896 0.443848 0.028809 0.073242