0 0.377930 0.460449 0.006836 0.049805
0 0.384277 0.458984 0.009766 0.052734
1 0.543701 0.422363 0.008301 0.014648
1 0.500244 0.416992 0.010254 0.015625
1 0.500977 0.453125 0.042969 0.041016
1 0.540527 0.465820 0.013672 0.037109
1 0.524170 0.464355 0.032715 0.040039
1 0.559326 0.439453 0.007324 0.019531
1 0.573975 0.427246 0.020996 0.022461
1 0.572510 0.437988 0.021973 0.014648
1 0.567871 0.462891 0.027344 0.042969
1 0.587646 0.450195 0.015137 0.074219
1 0.599365 0.448730 0.030762 0.086914
1 0.614502 0.446289 0.024902 0.099609
1 0.638672 0.444336 0.053711 0.130859
1 0.678467 0.450195 0.072754 0.164062
1 0.721924 0.471680 0.100098 0.205078
1 0.866943 0.487793 0.260254 0.342773
1 0.958984 0.604004 0.076172 0.290039
2 0.456787 0.468750 0.019043 0.023438