0 0.696045 0.376953 0.013184 0.046875
1 0.597412 0.392578 0.053223 0.097656
1 0.593262 0.411133 0.031250 0.087891
1 0.611816 0.414551 0.033203 0.106445
1 0.656738 0.417969 0.087891 0.138672
1 0.532227 0.393066 0.006836 0.016602
1 0.499756 0.396973 0.010254 0.018555
1 0.513916 0.395996 0.017090 0.030273
1 0.490723 0.395996 0.011719 0.020508
1 0.483887 0.398926 0.007812 0.020508
1 0.470947 0.396484 0.018066 0.035156
1 0.457764 0.397949 0.012207 0.020508
1 0.387695 0.409668 0.050781 0.067383
1 0.332764 0.421875 0.043457 0.089844
1 0.308594 0.429199 0.042969 0.110352
1 0.239014 0.433594 0.117676 0.152344
1 0.061035 0.395996 0.116211 0.676758
2 0.200439 0.461914 0.048340 0.134766
2 0.194336 0.499023 0.031250 0.087891
2 0.169189 0.475098 0.039551 0.137695