0 0.213623 0.395996 0.011230 0.071289
0 0.198975 0.393555 0.010254 0.078125
0 0.261230 0.406738 0.011719 0.045898
0 0.256592 0.405273 0.011230 0.046875
0 0.246338 0.395508 0.011230 0.066406
1 0.384277 0.403320 0.060547 0.044922
1 0.452881 0.412598 0.076660 0.073242
1 0.509766 0.454590 0.079102 0.202148
1 0.717773 0.409668 0.022461 0.030273
1 0.782959 0.472656 0.146973 0.208984
1 0.152100 0.408203 0.063965 0.035156
1 0.092529 0.407715 0.060059 0.036133
1 0.038330 0.406250 0.054199 0.072266
1 0.608887 0.555176 0.280273 0.411133