1 0.613525 0.381836 0.020996 0.025391
1 0.586182 0.391113 0.025879 0.016602
1 0.603516 0.389648 0.011719 0.011719
1 0.565430 0.394043 0.033203 0.016602
1 0.543457 0.388184 0.035156 0.028320
1 0.518555 0.395508 0.033203 0.023438
1 0.454346 0.401367 0.031738 0.031250
1 0.637695 0.422852 0.033203 0.109375
1 0.665527 0.435059 0.067383 0.147461
1 0.735107 0.432617 0.126465 0.224609
1 0.873535 0.479492 0.247070 0.472656
1 0.307129 0.447266 0.080078 0.148438
1 0.245850 0.475586 0.113770 0.167969
1 0.126953 0.492676 0.172852 0.270508
1 0.035156 0.534668 0.064453 0.291992
2 0.398926 0.416016 0.012695 0.027344
2 0.436279 0.414551 0.013184 0.030273
2 0.425537 0.417480 0.015137 0.028320
3 0.623779 0.397461 0.013184 0.027344