0 0.645996 0.390137 0.005859 0.036133
0 0.311279 0.402832 0.005371 0.026367
0 0.777588 0.417480 0.026855 0.145508
0 0.816162 0.416992 0.054199 0.255859
0 0.654053 0.395020 0.009277 0.041992
1 0.312256 0.401367 0.015137 0.015625
1 0.612061 0.387207 0.020996 0.040039
1 0.582031 0.396484 0.012695 0.017578
1 0.569580 0.391113 0.013184 0.034180
1 0.508545 0.379883 0.013184 0.023438
1 0.460693 0.393066 0.017090 0.014648
1 0.487793 0.395508 0.036133 0.042969
1 0.343994 0.402344 0.014160 0.017578
1 0.287842 0.400391 0.035645 0.037109
1 0.535645 0.413574 0.069336 0.104492
2 0.638428 0.410645 0.006348 0.028320