1 0.465332 0.387207 0.076172 0.155273
1 0.350830 0.391113 0.145996 0.110352
1 0.348145 0.422363 0.102539 0.129883
1 0.265137 0.428223 0.204102 0.141602
1 0.566162 0.381836 0.006348 0.011719
1 0.571045 0.411133 0.012207 0.052734
1 0.546387 0.410645 0.053711 0.083008
1 0.597656 0.393066 0.030273 0.065430
1 0.642822 0.391602 0.113770 0.103516
1 0.656250 0.441895 0.041016 0.059570
1 0.670166 0.441895 0.017090 0.061523
1 0.843750 0.375000 0.306641 0.388672
1 0.947266 0.482910 0.099609 0.217773
2 0.186035 0.381348 0.026367 0.045898