0 0.578369 0.378906 0.005371 0.009766
0 0.571533 0.387207 0.010254 0.034180
0 0.542480 0.411621 0.017578 0.069336
0 0.143799 0.342285 0.027832 0.090820
0 0.318359 0.359863 0.009766 0.010742
0 0.016602 0.294922 0.015625 0.017578
1 0.557861 0.399414 0.017090 0.029297
1 0.507812 0.397949 0.038086 0.030273
1 0.467285 0.394531 0.037109 0.037109
1 0.449707 0.423828 0.028320 0.076172
1 0.431641 0.426758 0.038086 0.093750
1 0.425049 0.437012 0.023926 0.110352
1 0.403320 0.445312 0.058594 0.136719
1 0.344482 0.458008 0.115723 0.187500
1 0.230469 0.497559 0.208984 0.284180
1 0.096924 0.574219 0.187988 0.546875
1 0.574951 0.417969 0.025879 0.070312
1 0.577881 0.421387 0.022949 0.077148
1 0.596191 0.435547 0.049805 0.119141
1 0.627441 0.446777 0.063477 0.151367
1 0.699463 0.460449 0.130371 0.235352
1 0.846436 0.523438 0.301270 0.382812
1 0.957031 0.707031 0.080078 0.445312