0 0.391113 0.378906 0.006836 0.019531
1 0.827637 0.390625 0.033203 0.041016
1 0.712402 0.387695 0.044922 0.046875
1 0.679199 0.386719 0.024414 0.042969
1 0.637695 0.415527 0.081055 0.120117
1 0.763916 0.416016 0.102051 0.123047
1 0.890625 0.403320 0.119141 0.158203
1 0.149902 0.394043 0.049805 0.041992
1 0.104736 0.395508 0.049316 0.044922
1 0.080322 0.403809 0.040527 0.045898
1 0.250488 0.395508 0.059570 0.046875
1 0.441650 0.379883 0.068848 0.064453
1 0.530273 0.376953 0.074219 0.091797
1 0.514404 0.432617 0.112793 0.185547
1 0.345215 0.371582 0.011719 0.018555
1 0.953857 0.430176 0.086426 0.184570
2 0.571533 0.392578 0.016113 0.027344
2 0.407715 0.398926 0.007812 0.016602
2 0.187012 0.391602 0.025391 0.027344
2 0.284668 0.403320 0.009766 0.019531