0 0.225830 0.377441 0.013184 0.045898
0 0.224854 0.381348 0.010254 0.038086
0 0.232910 0.378906 0.008789 0.041016
0 0.266113 0.387207 0.010742 0.022461
0 0.281738 0.388184 0.011719 0.020508
0 0.403320 0.385742 0.012695 0.017578
0 0.702637 0.376465 0.011719 0.020508
0 0.671143 0.374512 0.006348 0.024414
0 0.666748 0.374512 0.011230 0.024414
0 0.276855 0.388672 0.010742 0.019531
0 0.020508 0.406250 0.019531 0.185547
0 0.020020 0.409668 0.021484 0.168945
0 0.047119 0.409668 0.026855 0.176758
0 0.176025 0.376953 0.009277 0.039062
0 0.299805 0.425293 0.039062 0.106445
0 0.343506 0.402344 0.043457 0.177734
0 0.377930 0.395020 0.028320 0.192383
0 0.385254 0.407715 0.047852 0.178711
0 0.633545 0.391113 0.027832 0.172852
0 0.650146 0.399414 0.039551 0.162109
0 0.729736 0.394531 0.025879 0.132812
0 0.746338 0.393066 0.032715 0.139648
0 0.904785 0.407715 0.022461 0.063477
0 0.933594 0.386230 0.026367 0.120117
0 0.911865 0.383301 0.026855 0.133789
0 0.988525 0.391113 0.017090 0.061523
0 0.992188 0.389648 0.009766 0.132812
0 0.816406 0.386230 0.027344 0.143555
2 0.258789 0.420898 0.017578 0.080078