0 0.532715 0.402832 0.006836 0.024414
0 0.591797 0.397461 0.007812 0.035156
0 0.600830 0.394043 0.009277 0.026367
0 0.652100 0.396484 0.012207 0.037109
1 0.495361 0.393066 0.007324 0.014648
1 0.489258 0.397949 0.006836 0.016602
1 0.538574 0.406738 0.005859 0.028320
1 0.548828 0.407227 0.016602 0.031250
1 0.681641 0.457520 0.086914 0.186523
1 0.791992 0.487793 0.212891 0.288086
1 0.981934 0.715332 0.030273 0.319336
1 0.522217 0.403320 0.012207 0.019531
1 0.488037 0.397461 0.008301 0.017578
1 0.490967 0.400879 0.008301 0.012695
1 0.454834 0.404297 0.012207 0.037109
1 0.440186 0.404297 0.021973 0.041016
1 0.436523 0.409180 0.020508 0.037109
1 0.420410 0.412598 0.016602 0.043945
1 0.400146 0.415527 0.037598 0.053711
1 0.093018 0.451660 0.035645 0.061523
3 0.212646 0.435059 0.091309 0.133789