0 0.897217 0.373047 0.022949 0.105469
0 0.778809 0.339844 0.011719 0.019531
0 0.667725 0.331055 0.009277 0.027344
0 0.588379 0.372070 0.010742 0.054688
0 0.382324 0.381836 0.004883 0.039062
1 0.789062 0.410645 0.096680 0.122070
1 0.699707 0.418457 0.119141 0.198242
1 0.489258 0.361328 0.014648 0.017578
1 0.493896 0.365723 0.011230 0.024414
1 0.500732 0.363281 0.009277 0.027344
1 0.514160 0.363281 0.023438 0.027344
1 0.526367 0.359863 0.029297 0.014648
1 0.514160 0.380371 0.012695 0.036133
1 0.528076 0.380371 0.023926 0.038086
1 0.553711 0.382324 0.036133 0.053711
1 0.410156 0.356934 0.019531 0.014648
1 0.420410 0.362793 0.026367 0.014648
1 0.421387 0.374512 0.034180 0.024414
1 0.396729 0.388184 0.029785 0.045898
2 0.947021 0.465332 0.100098 0.153320
2 0.986084 0.503906 0.021973 0.117188
2 0.560547 0.410645 0.006836 0.038086
2 0.358154 0.378906 0.006348 0.023438
3 0.965576 0.435059 0.062988 0.225586
3 0.475342 0.401367 0.028809 0.091797