0 0.871582 0.352539 0.010742 0.017578
0 0.890869 0.366211 0.023926 0.042969
0 0.895996 0.366699 0.014648 0.049805
1 0.418457 0.408691 0.008789 0.018555
1 0.389648 0.399414 0.011719 0.060547
1 0.328613 0.362793 0.111328 0.045898
1 0.345459 0.412598 0.084473 0.106445
1 0.346436 0.417480 0.052246 0.098633
1 0.264404 0.422852 0.201660 0.123047
1 0.526611 0.393555 0.007324 0.009766
1 0.520508 0.401367 0.009766 0.027344
1 0.486328 0.389648 0.019531 0.046875
1 0.499756 0.408691 0.044434 0.069336
1 0.450195 0.398926 0.036133 0.032227
1 0.095947 0.448730 0.186035 0.239258
1 0.577637 0.358887 0.048828 0.024414
1 0.561523 0.388184 0.064453 0.059570
1 0.615479 0.411133 0.081543 0.064453
1 0.654785 0.414062 0.116211 0.095703
1 0.689697 0.434570 0.156738 0.144531
1 0.699463 0.433594 0.120605 0.125000
1 0.799561 0.448242 0.311035 0.187500
2 0.039551 0.425293 0.073242 0.043945