0 0.416748 0.413574 0.006348 0.043945
0 0.425293 0.414062 0.004883 0.041016
0 0.431152 0.413086 0.008789 0.048828
0 0.440918 0.413574 0.006836 0.043945
0 0.493896 0.410156 0.006348 0.033203
0 0.519287 0.395996 0.007324 0.010742
0 0.576660 0.394531 0.004883 0.027344
0 0.580322 0.400391 0.006348 0.039062
0 0.615234 0.394531 0.004883 0.042969
0 0.623291 0.389648 0.017090 0.083984
0 0.653076 0.404785 0.020996 0.102539
0 0.069824 0.317871 0.017578 0.043945
1 0.450439 0.421387 0.007324 0.012695
1 0.472656 0.411133 0.036133 0.039062
1 0.556152 0.391113 0.018555 0.014648
1 0.532959 0.412109 0.070801 0.046875
1 0.248047 0.408203 0.243164 0.421875
1 0.127197 0.588867 0.248535 0.496094
2 0.406494 0.428223 0.009277 0.036133
2 0.626465 0.442383 0.042969 0.119141
2 0.595703 0.407715 0.010742 0.034180