0 0.679932 0.342285 0.016113 0.071289
0 0.695312 0.381348 0.035156 0.143555
0 0.295654 0.376953 0.006348 0.009766
0 0.107422 0.378906 0.011719 0.027344
0 0.122314 0.378906 0.009277 0.015625
0 0.580566 0.375000 0.004883 0.039062
0 0.586426 0.378418 0.008789 0.047852
0 0.657959 0.356934 0.022949 0.071289
1 0.461670 0.384277 0.012207 0.020508
1 0.449951 0.386719 0.018066 0.025391
1 0.524170 0.374023 0.006348 0.011719
1 0.500732 0.387695 0.008301 0.031250
1 0.513916 0.387695 0.024902 0.039062
1 0.549072 0.384277 0.020996 0.032227
1 0.389893 0.397949 0.010254 0.030273
1 0.323975 0.397949 0.032715 0.059570
1 0.305420 0.405273 0.031738 0.052734
1 0.278320 0.409668 0.031250 0.061523
1 0.248291 0.405273 0.054199 0.078125
1 0.229004 0.417480 0.031250 0.069336
1 0.188965 0.416992 0.063477 0.097656
1 0.137695 0.433594 0.065430 0.097656
1 0.077393 0.432617 0.072754 0.136719
1 0.026123 0.425293 0.046387 0.180664
1 0.603027 0.371094 0.020508 0.021484
2 0.822510 0.488770 0.083496 0.280273
2 0.534912 0.405762 0.008301 0.026367
2 0.669434 0.420410 0.060547 0.124023
2 0.623779 0.413574 0.029785 0.090820