0 0.080078 0.394531 0.005859 0.009766
0 0.087402 0.399902 0.007812 0.016602
0 0.219482 0.408691 0.006348 0.038086
0 0.224609 0.407715 0.005859 0.038086
0 0.344238 0.400391 0.004883 0.023438
0 0.763672 0.419922 0.027344 0.224609
0 0.312744 0.413086 0.007324 0.048828
0 0.294434 0.420410 0.029297 0.084961
0 0.399658 0.402344 0.006348 0.039062
0 0.468994 0.403809 0.009277 0.040039
0 0.237305 0.419922 0.026367 0.091797
0 0.473389 0.409668 0.006348 0.028320
0 0.407471 0.420410 0.016113 0.083008
0 0.505371 0.396973 0.005859 0.047852
0 0.501953 0.401367 0.007812 0.042969
0 0.484375 0.408203 0.006836 0.033203
0 0.581055 0.410645 0.008789 0.079102
0 0.570801 0.413574 0.013672 0.094727
0 0.552979 0.407227 0.009277 0.070312
0 0.544434 0.412598 0.013672 0.079102
0 0.597656 0.382812 0.005859 0.029297
0 0.560059 0.417480 0.020508 0.112305
0 0.588623 0.413086 0.021973 0.111328
1 0.070068 0.416016 0.100098 0.068359
1 0.337891 0.409180 0.011719 0.027344
1 0.320801 0.406738 0.023438 0.045898
1 0.310791 0.412109 0.024902 0.048828
1 0.378174 0.399902 0.015137 0.024414
1 0.365723 0.405762 0.024414 0.024414
1 0.418213 0.408691 0.016113 0.028320
2 0.112061 0.470703 0.020996 0.058594
2 0.525635 0.416016 0.027832 0.027344
2 0.426514 0.422852 0.034668 0.052734
2 0.455078 0.416504 0.008789 0.016602