1 0.532471 0.395508 0.009277 0.013672
1 0.503906 0.410645 0.056641 0.096680
1 0.600342 0.348633 0.022949 0.058594
1 0.697510 0.373535 0.176270 0.206055
1 0.704346 0.401367 0.158691 0.191406
1 0.845703 0.389648 0.302734 0.455078
1 0.929443 0.497559 0.135254 0.286133
1 0.575928 0.443848 0.105957 0.157227
1 0.451172 0.398926 0.022461 0.034180
1 0.448975 0.399902 0.011230 0.030273
1 0.442871 0.393555 0.005859 0.017578
1 0.428955 0.410645 0.030762 0.043945
1 0.395996 0.398926 0.040039 0.075195
1 0.384521 0.406738 0.013184 0.061523
1 0.327881 0.398926 0.104980 0.110352
1 0.167725 0.349609 0.062012 0.011719
1 0.304688 0.430664 0.012695 0.066406
1 0.258301 0.416016 0.084961 0.121094