1 0.468018 0.412598 0.007324 0.020508
1 0.479980 0.412598 0.024414 0.024414
1 0.485596 0.413574 0.012207 0.024414
1 0.503906 0.409180 0.033203 0.035156
1 0.504883 0.415039 0.020508 0.029297
1 0.508789 0.415039 0.017578 0.027344
1 0.512207 0.416992 0.007812 0.023438
1 0.527100 0.408203 0.025879 0.021484
1 0.521973 0.421387 0.016602 0.022461
1 0.536377 0.416016 0.020020 0.033203
1 0.553711 0.416992 0.021484 0.035156
1 0.557861 0.425781 0.010254 0.044922
1 0.565674 0.426270 0.020020 0.053711
1 0.573730 0.432617 0.018555 0.064453
1 0.590576 0.430176 0.030762 0.088867
1 0.594971 0.441895 0.018066 0.083008
1 0.627930 0.438477 0.064453 0.115234
1 0.636230 0.454102 0.044922 0.121094
1 0.665039 0.466309 0.064453 0.157227
1 0.723877 0.484863 0.121582 0.217773
1 0.849121 0.533203 0.259766 0.332031
1 0.930176 0.608887 0.133789 0.450195
1 0.451416 0.429688 0.018066 0.052734
1 0.446777 0.431641 0.018555 0.056641
1 0.435303 0.435059 0.021973 0.065430
1 0.417236 0.436523 0.027832 0.097656
1 0.387451 0.442383 0.062012 0.109375
1 0.352295 0.465332 0.042480 0.155273
1 0.259766 0.465332 0.157227 0.260742
1 0.117432 0.543945 0.229004 0.294922