0 0.105713 0.425293 0.013184 0.057617
0 0.202637 0.421387 0.020508 0.057617
0 0.187012 0.414551 0.013672 0.030273
0 0.351074 0.416504 0.004883 0.028320
0 0.252930 0.419922 0.004883 0.029297
0 0.292236 0.423340 0.006348 0.030273
0 0.297119 0.420898 0.010254 0.035156
0 0.324463 0.417480 0.005371 0.024414
0 0.262695 0.415039 0.012695 0.074219
0 0.409180 0.415527 0.016602 0.069336
0 0.456299 0.419434 0.008301 0.063477
0 0.450195 0.421387 0.012695 0.063477
0 0.825195 0.412598 0.012695 0.059570
0 0.833252 0.409668 0.014160 0.065430
0 0.818359 0.414062 0.019531 0.072266
0 0.772461 0.408691 0.010742 0.057617
0 0.783203 0.407227 0.013672 0.074219
0 0.789062 0.413086 0.011719 0.066406
0 0.723633 0.408203 0.006836 0.064453
0 0.724365 0.411133 0.013184 0.058594
0 0.664062 0.405762 0.007812 0.063477
0 0.670898 0.408691 0.010742 0.065430
0 0.511475 0.413086 0.007324 0.066406
0 0.516113 0.413574 0.010742 0.065430
0 0.537842 0.412598 0.011230 0.055664
0 0.531250 0.414062 0.013672 0.060547
0 0.547607 0.414551 0.012207 0.053711
0 0.551025 0.414551 0.015137 0.059570
0 0.565674 0.413574 0.014160 0.065430
0 0.581787 0.414551 0.006348 0.065430
0 0.576416 0.411133 0.010254 0.076172
0 0.591064 0.412109 0.015137 0.062500
0 0.601807 0.411133 0.008301 0.068359
0 0.605469 0.408691 0.013672 0.100586
0 0.614746 0.412109 0.006836 0.056641
0 0.620850 0.414062 0.013184 0.058594
0 0.640869 0.415039 0.013184 0.052734
0 0.637207 0.410156 0.011719 0.062500
0 0.646240 0.413574 0.006348 0.055664
0 0.653076 0.417480 0.020020 0.092773
1 0.145996 0.419922 0.020508 0.019531
1 0.487305 0.406738 0.008789 0.012695
1 0.301025 0.420410 0.032715 0.024414
1 0.273682 0.421387 0.012207 0.022461
1 0.034912 0.450195 0.063965 0.140625
1 0.735840 0.398438 0.036133 0.027344
1 0.707275 0.405762 0.026855 0.028320
1 0.787109 0.402832 0.054688 0.024414
1 0.602295 0.412598 0.033691 0.038086
2 0.167480 0.431641 0.030273 0.044922
2 0.442383 0.427734 0.006836 0.021484
2 0.463623 0.425293 0.011230 0.020508
2 0.746826 0.417969 0.030762 0.035156
3 0.122314 0.453613 0.055176 0.098633