0 0.739502 0.373047 0.009277 0.011719
0 0.802490 0.374512 0.015137 0.102539
0 0.760498 0.387695 0.029785 0.132812
0 0.913818 0.396484 0.040527 0.193359
0 0.983643 0.526367 0.011230 0.111328
0 0.970459 0.406250 0.053223 0.406250
0 0.874512 0.402344 0.053711 0.291016
0 0.820801 0.399414 0.030273 0.117188
0 0.408936 0.386230 0.005371 0.020508
0 0.863525 0.436523 0.060059 0.271484
0 0.936523 0.474609 0.058594 0.197266
0 0.705078 0.386230 0.019531 0.094727
0 0.413574 0.397949 0.004883 0.028320
0 0.419434 0.396973 0.004883 0.028320
0 0.320312 0.392090 0.012695 0.010742
0 0.311523 0.403320 0.014648 0.074219
0 0.335449 0.401367 0.017578 0.078125
0 0.231934 0.393066 0.009766 0.045898
0 0.248047 0.410156 0.015625 0.072266
0 0.218750 0.430664 0.032227 0.156250
0 0.294434 0.411133 0.026367 0.152344
0 0.383789 0.429199 0.048828 0.190430
0 0.464355 0.413574 0.026367 0.118164
0 0.530518 0.413086 0.038574 0.212891
0 0.119141 0.418457 0.035156 0.196289
0 0.056885 0.443848 0.055176 0.229492
0 0.635010 0.383301 0.006348 0.065430
0 0.641602 0.391113 0.009766 0.086914
0 0.644531 0.386230 0.020508 0.102539
2 0.141602 0.473633 0.070312 0.199219