0 0.704102 0.400391 0.031250 0.156250
0 0.732666 0.443848 0.028809 0.165039
0 0.796387 0.397949 0.045898 0.247070
0 0.756104 0.403320 0.072754 0.312500
0 0.627930 0.388672 0.011719 0.085938
0 0.843750 0.406738 0.064453 0.270508
0 0.601807 0.386719 0.015137 0.089844
0 0.616455 0.390137 0.020020 0.104492
0 0.579590 0.391602 0.007812 0.070312
0 0.351807 0.387695 0.006348 0.033203
0 0.343994 0.387695 0.005371 0.031250
0 0.258057 0.384277 0.006348 0.045898
0 0.263916 0.399414 0.015137 0.082031
0 0.242676 0.395996 0.016602 0.083008
0 0.207520 0.406738 0.014648 0.083008
0 0.119141 0.410156 0.022461 0.107422
0 0.097900 0.414062 0.011230 0.107422
0 0.071289 0.413574 0.019531 0.110352
0 0.088135 0.415039 0.021973 0.130859
1 0.528320 0.373535 0.016602 0.012695
1 0.530518 0.391113 0.019043 0.028320
1 0.513672 0.394531 0.031250 0.037109
1 0.569824 0.389648 0.045898 0.037109
2 0.639648 0.410156 0.008789 0.048828
2 0.652588 0.484863 0.043457 0.192383
2 0.575684 0.398438 0.022461 0.025391
2 0.332520 0.407227 0.013672 0.017578
2 0.319336 0.404785 0.012695 0.020508
2 0.272949 0.409180 0.006836 0.019531