0 0.389893 0.380859 0.011230 0.056641
0 0.419922 0.378906 0.008789 0.044922
0 0.188721 0.422852 0.035645 0.128906
0 0.222656 0.409668 0.026367 0.118164
0 0.932861 0.398438 0.036621 0.125000
0 0.676514 0.351074 0.008301 0.016602
1 0.946289 0.601074 0.101562 0.276367
1 0.667725 0.399902 0.054199 0.079102
1 0.458008 0.387695 0.028320 0.050781
1 0.577637 0.367188 0.010742 0.017578
1 0.525635 0.370605 0.007324 0.018555
1 0.570068 0.369141 0.012207 0.017578
1 0.518311 0.369629 0.010254 0.020508
1 0.515381 0.371582 0.006348 0.018555
1 0.508545 0.371094 0.014160 0.019531
1 0.598389 0.367676 0.017090 0.022461
1 0.615479 0.388672 0.037598 0.054688
2 0.398438 0.390137 0.007812 0.030273
2 0.142822 0.447266 0.026855 0.087891
2 0.253662 0.473633 0.038574 0.156250
2 0.708252 0.406250 0.012207 0.048828
2 0.474609 0.407715 0.016602 0.045898
2 0.486816 0.393066 0.009766 0.030273
2 0.540771 0.372559 0.010254 0.010742