0 0.650146 0.382324 0.005371 0.022461
0 0.665527 0.383301 0.004883 0.036133
0 0.669434 0.386230 0.005859 0.034180
0 0.680176 0.383301 0.006836 0.036133
0 0.627197 0.398926 0.014160 0.077148
0 0.608887 0.398438 0.008789 0.082031
0 0.893066 0.391602 0.027344 0.160156
1 0.583740 0.388184 0.008301 0.014648
1 0.570801 0.385742 0.018555 0.033203
1 0.552246 0.384766 0.025391 0.044922
1 0.595215 0.396484 0.022461 0.029297
1 0.517578 0.394531 0.009766 0.023438
1 0.531006 0.396973 0.021973 0.028320
1 0.507812 0.398438 0.020508 0.027344
1 0.490967 0.398438 0.015137 0.031250
1 0.450439 0.395996 0.020996 0.045898
1 0.470215 0.401367 0.037109 0.048828
1 0.432617 0.401367 0.015625 0.025391
1 0.414551 0.401367 0.023438 0.037109
1 0.406250 0.403809 0.009766 0.038086
1 0.371094 0.393066 0.062500 0.084961
1 0.293457 0.416992 0.055664 0.076172
1 0.359619 0.415039 0.079590 0.123047
1 0.110352 0.406250 0.024414 0.041016
1 0.084473 0.407715 0.035156 0.063477
1 0.182617 0.438477 0.154297 0.160156