0 0.528076 0.403320 0.006348 0.042969
0 0.515869 0.405273 0.007324 0.041016
0 0.506592 0.406738 0.013184 0.047852
0 0.465576 0.412109 0.017090 0.058594
0 0.400879 0.410645 0.010742 0.055664
0 0.417725 0.410645 0.012207 0.057617
0 0.325439 0.412109 0.008301 0.041016
0 0.307861 0.428223 0.026855 0.116211
0 0.277588 0.424805 0.008301 0.078125
0 0.250244 0.417969 0.040527 0.113281
0 0.083008 0.430664 0.044922 0.146484
0 0.570068 0.420410 0.021973 0.100586
2 0.554199 0.416016 0.010742 0.021484
2 0.483643 0.413574 0.006348 0.022461