0 0.808105 0.384277 0.011719 0.057617
0 0.843018 0.364258 0.007324 0.054688
0 0.767822 0.381348 0.008301 0.051758
0 0.762939 0.380859 0.011230 0.070312
0 0.234131 0.424805 0.020996 0.117188
0 0.083984 0.429199 0.025391 0.145508
0 0.105957 0.423340 0.024414 0.155273
0 0.110840 0.429199 0.031250 0.147461
0 0.042969 0.422852 0.018555 0.113281
0 0.014160 0.423340 0.022461 0.122070
1 0.772949 0.375488 0.009766 0.030273
1 0.783203 0.374023 0.008789 0.009766
1 0.434814 0.412109 0.055176 0.052734
1 0.476807 0.411133 0.021973 0.039062
1 0.350830 0.416016 0.059082 0.068359
1 0.543457 0.428223 0.117188 0.190430
1 0.368164 0.417969 0.055664 0.080078
1 0.334717 0.426270 0.054199 0.071289
1 0.317383 0.427734 0.055664 0.078125
1 0.273438 0.430176 0.104492 0.084961
2 0.735107 0.505859 0.027832 0.171875
2 0.692627 0.478516 0.028809 0.126953
2 0.618164 0.417969 0.004883 0.037109
2 0.400391 0.423828 0.023438 0.054688
2 0.173828 0.424316 0.023438 0.036133
2 0.076660 0.465332 0.014648 0.038086
2 0.122070 0.466309 0.017578 0.034180
3 0.903076 0.382324 0.041504 0.083008