1 0.851074 0.373535 0.291992 0.602539
1 0.557861 0.411133 0.017090 0.046875
1 0.564209 0.418945 0.011230 0.058594
1 0.662842 0.426270 0.098145 0.155273
1 0.478271 0.409668 0.012207 0.040039
1 0.515625 0.422852 0.078125 0.128906
1 0.465820 0.414551 0.017578 0.059570
1 0.019043 0.437988 0.032227 0.055664
1 0.439453 0.414551 0.044922 0.092773
1 0.354004 0.414551 0.032227 0.028320
1 0.375732 0.411621 0.023926 0.030273
1 0.415283 0.427246 0.068848 0.100586
1 0.276367 0.420410 0.042969 0.022461
2 0.040771 0.437988 0.011230 0.024414
2 0.329834 0.418457 0.015137 0.016602
2 0.112305 0.428223 0.017578 0.028320