0 0.615967 0.391113 0.005371 0.030273
0 0.766846 0.373535 0.022949 0.073242
0 0.737549 0.363281 0.020020 0.046875
0 0.717285 0.408691 0.026367 0.151367
0 0.689209 0.413574 0.026855 0.151367
0 0.607178 0.387695 0.007324 0.033203
0 0.597412 0.387695 0.011230 0.058594
0 0.537598 0.386719 0.004883 0.035156
0 0.456055 0.393066 0.008789 0.053711
0 0.352295 0.419434 0.035645 0.163086
0 0.203613 0.411621 0.033203 0.182617
1 0.706055 0.396484 0.012695 0.054688
1 0.868896 0.393066 0.051270 0.051758
1 0.657227 0.351562 0.045898 0.021484
1 0.649902 0.413086 0.072266 0.117188
1 0.570557 0.399902 0.048340 0.065430
2 0.450195 0.396484 0.007812 0.037109
2 0.433350 0.393066 0.013184 0.041992
2 0.307617 0.427734 0.066406 0.080078
2 0.212158 0.447266 0.087402 0.113281