0 0.447998 0.401367 0.006348 0.011719
0 0.453613 0.416992 0.006836 0.048828
1 0.491455 0.416016 0.017090 0.027344
1 0.552002 0.407227 0.010254 0.021484
1 0.527100 0.429688 0.050293 0.074219
1 0.561035 0.414062 0.014648 0.058594
1 0.587402 0.415039 0.050781 0.085938
1 0.639160 0.413086 0.074219 0.134766
1 0.675781 0.439941 0.075195 0.125977
1 0.903076 0.424316 0.187988 0.608398
1 0.423340 0.422363 0.034180 0.049805
1 0.383789 0.425781 0.049805 0.074219
1 0.178711 0.423828 0.165039 0.230469
2 0.512939 0.409180 0.028809 0.046875