0 0.336426 0.396973 0.005859 0.010742
0 0.212402 0.417480 0.012695 0.067383
0 0.198975 0.429199 0.012207 0.040039
0 0.099609 0.436035 0.006836 0.038086
0 0.267334 0.452148 0.041504 0.169922
0 0.418945 0.406250 0.007812 0.033203
0 0.487305 0.390137 0.005859 0.049805
0 0.662598 0.366699 0.008789 0.051758
1 0.322510 0.417969 0.011230 0.023438
1 0.335693 0.416992 0.020996 0.027344
1 0.352539 0.418457 0.024414 0.028320
1 0.295654 0.410156 0.043457 0.056641
1 0.148926 0.437988 0.044922 0.032227
1 0.047119 0.498535 0.088379 0.209961
1 0.577881 0.393066 0.014160 0.022461
1 0.742676 0.372070 0.021484 0.021484
1 0.799561 0.454590 0.163574 0.247070
1 0.910400 0.479004 0.173340 0.454102
1 0.553955 0.395996 0.035645 0.053711
2 0.588379 0.416992 0.023438 0.068359
2 0.643066 0.397949 0.048828 0.057617
3 0.739014 0.383301 0.013184 0.030273