0 0.447998 0.400391 0.016113 0.064453
0 0.399170 0.401367 0.015137 0.091797
0 0.211914 0.413086 0.030273 0.152344
0 0.732178 0.397949 0.009277 0.040039
0 0.717285 0.403809 0.006836 0.028320
0 0.722900 0.392090 0.029785 0.092773
0 0.761230 0.394043 0.007812 0.040039
0 0.772705 0.392090 0.012207 0.075195
0 0.785400 0.391113 0.011230 0.077148
0 0.793457 0.395020 0.014648 0.069336
0 0.353271 0.402832 0.018066 0.096680
0 0.566162 0.391113 0.024902 0.096680
0 0.215332 0.416504 0.025391 0.147461
0 0.685791 0.399414 0.007324 0.023438
1 0.647461 0.395020 0.010742 0.018555
1 0.604736 0.403809 0.019043 0.026367
1 0.594238 0.408691 0.008789 0.045898
1 0.576172 0.405762 0.033203 0.059570
1 0.547607 0.408203 0.050293 0.058594