0 0.513428 0.424316 0.018066 0.067383
0 0.694336 0.406250 0.010742 0.044922
0 0.713867 0.411621 0.008789 0.045898
0 0.738525 0.413574 0.013184 0.073242
0 0.753418 0.417480 0.015625 0.069336
0 0.629639 0.427734 0.049316 0.236328
0 0.384766 0.424805 0.008789 0.078125
0 0.378174 0.429199 0.020996 0.073242
0 0.299805 0.413086 0.008789 0.023438
0 0.288574 0.418945 0.009766 0.025391
0 0.259766 0.466797 0.068359 0.234375
0 0.158203 0.469727 0.065430 0.357422
0 0.101318 0.409180 0.011230 0.015625
0 0.453613 0.449219 0.049805 0.271484
0 0.046631 0.442383 0.015137 0.080078
1 0.491699 0.411133 0.007812 0.011719
1 0.499512 0.414551 0.012695 0.018555
1 0.523193 0.414062 0.014160 0.027344
1 0.474854 0.418457 0.009277 0.024414
1 0.576172 0.401855 0.010742 0.010742
1 0.571289 0.412598 0.020508 0.012695
1 0.607666 0.427734 0.118652 0.072266
1 0.404053 0.433105 0.012207 0.034180
1 0.388672 0.437012 0.028320 0.043945
1 0.212891 0.437988 0.066406 0.088867
2 0.664062 0.432129 0.037109 0.063477