0 0.242432 0.406250 0.018066 0.113281
1 0.135254 0.350098 0.030273 0.018555
1 0.394287 0.393066 0.035645 0.040039
1 0.351807 0.400879 0.089355 0.071289
1 0.448730 0.399902 0.031250 0.069336
1 0.466553 0.404785 0.028809 0.077148
1 0.471191 0.408691 0.027344 0.083008
1 0.485107 0.421875 0.046387 0.123047
1 0.545654 0.416504 0.094238 0.182617
1 0.762451 0.425781 0.378418 0.566406
1 0.159668 0.367188 0.014648 0.013672
1 0.181152 0.392578 0.033203 0.066406
1 0.133789 0.446777 0.097656 0.180664
1 0.060547 0.486328 0.115234 0.289062
2 0.142090 0.343750 0.033203 0.031250
2 0.215576 0.476562 0.034668 0.169922
2 0.987061 0.405762 0.020020 0.051758