0 0.315430 0.400391 0.008789 0.044922
0 0.947021 0.345215 0.008301 0.049805
1 0.454834 0.420410 0.010254 0.034180
1 0.438721 0.419922 0.031738 0.039062
1 0.343506 0.438477 0.066895 0.097656
1 0.219482 0.469727 0.128418 0.160156
1 0.032227 0.492188 0.058594 0.347656
1 0.526367 0.415039 0.013672 0.021484
1 0.539551 0.410156 0.007812 0.017578
1 0.576172 0.405273 0.021484 0.066406
1 0.578613 0.410645 0.014648 0.061523
1 0.582520 0.422852 0.006836 0.058594
1 0.616943 0.392578 0.062012 0.136719
1 0.694580 0.444336 0.111816 0.150391
1 0.926270 0.513672 0.141602 0.378906
2 0.295410 0.487793 0.039062 0.124023
2 0.072998 0.496094 0.027832 0.085938
2 0.902832 0.402832 0.032227 0.090820
2 0.849365 0.447266 0.100098 0.117188