0 0.584717 0.409180 0.009277 0.052734
0 0.553955 0.402344 0.011230 0.058594
0 0.452393 0.393555 0.008301 0.017578
0 0.459717 0.396484 0.007324 0.037109
0 0.215332 0.437988 0.043945 0.303711
0 0.898438 0.424805 0.026367 0.126953
1 0.242188 0.390137 0.007812 0.026367
1 0.251221 0.396973 0.022949 0.036133
1 0.268555 0.397949 0.020508 0.043945
1 0.604980 0.415527 0.018555 0.014648
1 0.568359 0.412109 0.029297 0.015625
1 0.528320 0.409180 0.018555 0.013672
1 0.382812 0.391113 0.024414 0.043945
1 0.403320 0.395996 0.035156 0.040039
1 0.434814 0.402832 0.037598 0.036133
1 0.497314 0.416992 0.049316 0.066406
1 0.676025 0.435059 0.115723 0.155273
1 0.936768 0.566895 0.120605 0.508789
2 0.136963 0.427734 0.061035 0.078125
2 0.747070 0.437988 0.025391 0.083008