0 0.755127 0.403320 0.005371 0.017578
0 0.770020 0.425293 0.011719 0.051758
0 0.567871 0.426758 0.009766 0.068359
0 0.459229 0.416016 0.017090 0.046875
0 0.369385 0.459961 0.026855 0.156250
0 0.185303 0.473633 0.012207 0.154297
0 0.197754 0.475586 0.026367 0.156250
0 0.833984 0.410156 0.007812 0.027344
1 0.810547 0.394531 0.032227 0.019531
1 0.813721 0.408691 0.022949 0.022461
1 0.731445 0.429688 0.017578 0.048828
1 0.667236 0.447754 0.030762 0.063477
1 0.648926 0.454102 0.055664 0.072266
1 0.957031 0.434082 0.049805 0.053711
2 0.527344 0.461914 0.008789 0.058594
2 0.801758 0.414062 0.010742 0.019531
2 0.684570 0.462891 0.016602 0.062500
2 0.413330 0.479492 0.068848 0.083984