0 0.467529 0.403320 0.010254 0.052734
0 0.660889 0.371094 0.012207 0.019531
0 0.087891 0.419922 0.011719 0.050781
0 0.730225 0.360840 0.008301 0.020508
0 0.104736 0.399902 0.020996 0.063477
0 0.269775 0.415527 0.012207 0.069336
0 0.211670 0.414062 0.007324 0.046875
0 0.206055 0.418457 0.011719 0.051758
0 0.467529 0.405762 0.009277 0.059570
0 0.604248 0.421875 0.020020 0.099609
1 0.398926 0.406738 0.066406 0.049805
1 0.488525 0.404785 0.033691 0.043945
1 0.515381 0.413574 0.041504 0.059570
1 0.580566 0.364746 0.087891 0.040039
1 0.536377 0.413574 0.025879 0.057617
1 0.280762 0.414551 0.009766 0.022461
1 0.144775 0.463867 0.107910 0.134766
1 0.050049 0.494141 0.094238 0.201172
1 0.310303 0.413574 0.017090 0.020508
1 0.292480 0.413574 0.012695 0.022461
1 0.284424 0.414062 0.018066 0.021484
1 0.339844 0.414551 0.011719 0.016602
1 0.399414 0.406738 0.068359 0.049805
1 0.492188 0.405273 0.041992 0.042969
1 0.513184 0.414062 0.049805 0.058594
1 0.534180 0.416992 0.042969 0.064453
1 0.622559 0.412109 0.085938 0.113281
1 0.580811 0.417480 0.062988 0.094727
1 0.676514 0.436523 0.078613 0.121094
1 0.760010 0.386230 0.129395 0.065430
1 0.737305 0.441895 0.096680 0.166992
1 0.788818 0.448730 0.111816 0.192383
1 0.821289 0.464844 0.044922 0.210938
1 0.915283 0.429199 0.163574 0.362305
2 0.181885 0.490723 0.044434 0.120117
2 0.351318 0.419922 0.009277 0.019531
2 0.634521 0.470703 0.014160 0.101562