0 0.160645 0.394531 0.006836 0.017578
0 0.179932 0.395508 0.010254 0.021484
0 0.663574 0.382812 0.004883 0.019531
0 0.668457 0.384766 0.004883 0.009766
0 0.808105 0.370117 0.013672 0.023438
0 0.328613 0.399414 0.004883 0.031250
0 0.340820 0.401855 0.005859 0.034180
1 0.654297 0.401855 0.018555 0.034180
1 0.633057 0.423340 0.036621 0.086914
1 0.583008 0.425781 0.070312 0.123047
1 0.693604 0.448730 0.100098 0.129883
1 0.786377 0.491699 0.132324 0.219727
1 0.456787 0.440918 0.120605 0.198242
3 0.383057 0.402344 0.014160 0.021484