0 0.975586 0.391602 0.022461 0.078125
0 0.994385 0.350098 0.005371 0.030273
0 0.877930 0.385254 0.010742 0.040039
0 0.852783 0.415039 0.017090 0.115234
0 0.866943 0.419434 0.020020 0.110352
0 0.901123 0.415527 0.018066 0.114258
0 0.904785 0.421875 0.023438 0.121094
0 0.015869 0.418457 0.011230 0.032227
0 0.273193 0.443359 0.036621 0.158203
1 0.674805 0.410645 0.014648 0.028320
1 0.693848 0.411133 0.014648 0.037109
1 0.708252 0.417480 0.031738 0.047852
1 0.721436 0.429688 0.010254 0.037109
1 0.747070 0.410645 0.050781 0.084961
1 0.768555 0.418945 0.053711 0.083984
1 0.660889 0.417480 0.033691 0.043945
1 0.974854 0.468262 0.044434 0.235352
1 0.568848 0.503906 0.193359 0.322266
1 0.292480 0.409668 0.027344 0.065430
1 0.334961 0.425293 0.059570 0.045898
2 0.825439 0.437012 0.045410 0.057617
2 0.014404 0.448242 0.022949 0.033203