1 0.466064 0.398438 0.008301 0.015625
1 0.548096 0.397461 0.014160 0.019531
1 0.537842 0.394043 0.008301 0.012695
1 0.671631 0.395508 0.014160 0.023438
1 0.611084 0.376953 0.007324 0.023438
1 0.608643 0.399902 0.008301 0.028320
1 0.632568 0.396973 0.043457 0.081055
1 0.534180 0.400391 0.012695 0.017578
1 0.519043 0.397949 0.009766 0.014648
1 0.489990 0.401855 0.006348 0.018555
1 0.479248 0.404297 0.024902 0.027344
1 0.423340 0.404785 0.021484 0.026367
1 0.447266 0.406738 0.026367 0.032227
1 0.686768 0.400879 0.015137 0.055664
1 0.691895 0.402832 0.010742 0.063477
1 0.724609 0.396484 0.060547 0.119141
1 0.751221 0.426270 0.078613 0.114258
1 0.585938 0.403809 0.025391 0.028320
1 0.212646 0.336914 0.419434 0.656250