0 0.821777 0.416016 0.028320 0.150391
0 0.510010 0.432617 0.028809 0.134766
1 0.403564 0.417969 0.028809 0.035156
1 0.433838 0.418457 0.039551 0.043945
1 0.335449 0.413574 0.036133 0.038086
1 0.322021 0.422852 0.015137 0.046875
1 0.309326 0.427734 0.036621 0.056641
1 0.294678 0.433105 0.022949 0.059570
1 0.255859 0.438965 0.074219 0.086914
1 0.145020 0.454102 0.087891 0.142578
1 0.066895 0.477051 0.127930 0.192383
1 0.769531 0.417969 0.018555 0.064453
1 0.855713 0.425781 0.011230 0.070312
1 0.549805 0.420898 0.040039 0.060547
1 0.574219 0.420410 0.025391 0.065430
1 0.671387 0.428223 0.108398 0.104492