0 0.780029 0.439453 0.012207 0.054688
0 0.766602 0.438477 0.014648 0.056641
1 0.163574 0.377930 0.021484 0.021484
1 0.129883 0.377441 0.056641 0.096680
1 0.272705 0.428711 0.114746 0.193359
1 0.225098 0.480469 0.157227 0.224609
1 0.545654 0.423828 0.011230 0.056641
1 0.521729 0.425781 0.055176 0.082031
1 0.584717 0.419922 0.020020 0.037109
1 0.573486 0.428223 0.022949 0.032227
1 0.701172 0.433594 0.074219 0.097656
1 0.100098 0.571777 0.194336 0.688477
2 0.741943 0.447754 0.011230 0.045898
2 0.934326 0.459473 0.027832 0.038086
3 0.978271 0.450684 0.037598 0.059570