0 0.610352 0.417480 0.009766 0.045898
0 0.510254 0.419434 0.007812 0.034180
0 0.501953 0.418945 0.006836 0.035156
0 0.102539 0.441406 0.025391 0.121094
0 0.642578 0.429199 0.015625 0.059570
0 0.656494 0.415039 0.013184 0.085938
0 0.760010 0.419434 0.027832 0.133789
1 0.533203 0.426758 0.030273 0.042969
1 0.342041 0.433105 0.041504 0.030273
1 0.434570 0.430176 0.038086 0.040039
1 0.281982 0.453125 0.085449 0.119141
1 0.195801 0.461914 0.138672 0.175781
1 0.052246 0.498535 0.098633 0.217773
2 0.368408 0.430664 0.014160 0.019531
2 0.558594 0.416992 0.020508 0.025391