0 0.565674 0.400391 0.008301 0.060547
0 0.535645 0.401855 0.007812 0.036133
0 0.574951 0.399414 0.008301 0.070312
0 0.227295 0.411133 0.012207 0.078125
0 0.235107 0.409668 0.014160 0.071289
1 0.480225 0.395996 0.005371 0.014648
1 0.407959 0.405762 0.016113 0.028320
1 0.405762 0.409668 0.008789 0.032227
1 0.398193 0.411133 0.015137 0.035156
1 0.392334 0.412109 0.013184 0.035156
1 0.384521 0.412109 0.015137 0.037109
1 0.377197 0.413086 0.017090 0.039062
1 0.367676 0.414551 0.016602 0.041992
1 0.358887 0.414551 0.017578 0.047852
1 0.349121 0.415527 0.017578 0.051758
1 0.335205 0.417969 0.026855 0.056641
1 0.317139 0.419922 0.028809 0.064453
1 0.471924 0.401855 0.015137 0.024414
1 0.291016 0.425293 0.058594 0.073242
1 0.512451 0.414551 0.046387 0.071289
1 0.913574 0.418945 0.166992 0.126953
2 0.643555 0.432617 0.058594 0.080078