0 0.985840 0.395020 0.022461 0.295898
0 0.059082 0.415527 0.019531 0.088867
0 0.023926 0.415527 0.016602 0.090820
0 0.048340 0.412598 0.030273 0.104492
0 0.122803 0.389160 0.009277 0.036133
0 0.113037 0.414062 0.019043 0.093750
0 0.144287 0.410645 0.023926 0.096680
0 0.183594 0.446289 0.064453 0.228516
0 0.260498 0.454590 0.068848 0.250977
0 0.329346 0.402832 0.006348 0.049805
0 0.337402 0.408691 0.015625 0.094727
0 0.604736 0.370117 0.007324 0.015625
0 0.636719 0.380859 0.011719 0.041016
0 0.680908 0.391113 0.005371 0.024414
0 0.684570 0.392090 0.004883 0.022461
0 0.671631 0.400391 0.012207 0.085938
0 0.438477 0.439941 0.032227 0.227539
0 0.709473 0.382324 0.012695 0.041992
0 0.727539 0.374023 0.007812 0.042969
0 0.735107 0.370117 0.011230 0.050781
0 0.710449 0.405762 0.021484 0.053711
0 0.759277 0.382324 0.007812 0.053711
0 0.829834 0.400391 0.023926 0.091797
0 0.788330 0.457031 0.081543 0.332031
1 0.381592 0.416992 0.087402 0.091797
1 0.467773 0.415527 0.129883 0.116211
1 0.567627 0.419922 0.170410 0.128906
2 0.501221 0.460449 0.100098 0.131836
2 0.830322 0.414551 0.019043 0.051758