1 0.038086 0.301758 0.029297 0.050781
1 0.406006 0.378418 0.017090 0.020508
1 0.539062 0.396973 0.064453 0.041992
1 0.348389 0.354980 0.097168 0.069336
1 0.330566 0.380859 0.049805 0.023438
1 0.458008 0.412598 0.103516 0.079102
1 0.299561 0.425781 0.083496 0.109375
1 0.215820 0.424805 0.117188 0.177734
1 0.220215 0.448730 0.068359 0.180664
1 0.107910 0.456055 0.209961 0.261719
1 0.050293 0.481934 0.094727 0.280273
1 0.562744 0.426758 0.015137 0.087891
1 0.573975 0.425293 0.039551 0.090820
1 0.619629 0.422363 0.077148 0.135742
1 0.678223 0.442383 0.099609 0.173828
1 0.737305 0.485352 0.168945 0.251953
1 0.889648 0.558105 0.214844 0.645508