0 0.506104 0.436523 0.007324 0.042969
0 0.501465 0.433594 0.004883 0.027344
0 0.486084 0.437012 0.013184 0.057617
0 0.427734 0.431152 0.005859 0.026367
0 0.413330 0.442383 0.011230 0.042969
0 0.410400 0.444824 0.009277 0.041992
0 0.530518 0.432617 0.011230 0.058594
0 0.695068 0.421875 0.037598 0.185547
0 0.753418 0.440430 0.039062 0.228516
0 0.725098 0.447266 0.037109 0.220703
1 0.498047 0.434082 0.004883 0.016602
1 0.459961 0.438477 0.017578 0.025391
1 0.449219 0.440918 0.014648 0.024414
1 0.391113 0.446289 0.037109 0.058594
1 0.354736 0.465820 0.031738 0.121094
1 0.285156 0.475586 0.155273 0.230469
2 0.209229 0.462402 0.020996 0.024414