0 0.860596 0.416992 0.018066 0.091797
0 0.859619 0.416504 0.025879 0.100586
0 0.670898 0.419434 0.022461 0.098633
0 0.692871 0.418945 0.016602 0.083984
0 0.741943 0.422363 0.015137 0.081055
0 0.480713 0.412109 0.005371 0.025391
0 0.567871 0.428711 0.009766 0.123047
1 0.489990 0.414062 0.013184 0.019531
1 0.503174 0.416504 0.016113 0.026367
1 0.515381 0.426270 0.012207 0.036133
1 0.350586 0.426270 0.017578 0.034180
1 0.462158 0.424316 0.020996 0.038086
1 0.381104 0.421387 0.009277 0.032227
1 0.374268 0.422852 0.011230 0.035156
1 0.362305 0.422852 0.018555 0.035156
1 0.102295 0.458984 0.115723 0.119141
1 0.030518 0.478516 0.055176 0.273438
1 0.302490 0.437988 0.041504 0.061523
1 0.226318 0.463867 0.129395 0.166016
1 0.405762 0.417969 0.010742 0.023438
1 0.395508 0.417969 0.015625 0.027344
1 0.430664 0.439453 0.052734 0.087891
2 0.504395 0.441895 0.006836 0.040039
2 0.361572 0.434570 0.007324 0.029297
3 0.542480 0.433105 0.036133 0.051758