0 0.493164 0.379395 0.004883 0.012695
0 0.623291 0.373535 0.005371 0.026367
0 0.512451 0.373535 0.005371 0.018555
1 0.690674 0.397461 0.091309 0.050781
1 0.694580 0.407715 0.069824 0.059570
1 0.093750 0.455078 0.011719 0.048828
1 0.254883 0.439941 0.118164 0.086914
1 0.166992 0.445312 0.141602 0.091797
1 0.606201 0.381836 0.010254 0.019531
1 0.606201 0.390137 0.005371 0.012695
1 0.591553 0.385254 0.022949 0.034180
1 0.587891 0.394531 0.010742 0.025391
1 0.570801 0.392090 0.027344 0.032227
1 0.569092 0.394531 0.027832 0.029297
1 0.566650 0.406250 0.017090 0.021484
1 0.544189 0.398438 0.037598 0.037109
1 0.546631 0.399902 0.017090 0.032227
1 0.536133 0.404785 0.020508 0.041992
1 0.479736 0.391113 0.027832 0.014648
1 0.514404 0.401855 0.041504 0.036133
1 0.478271 0.411133 0.070801 0.046875
2 0.524902 0.440430 0.038086 0.056641
2 0.447998 0.427734 0.039551 0.054688