0 0.411621 0.390137 0.004883 0.026367
0 0.217285 0.403320 0.035156 0.154297
0 0.338135 0.414551 0.029785 0.159180
0 0.353760 0.414062 0.049316 0.169922
0 0.299561 0.474121 0.105957 0.336914
0 0.121094 0.389160 0.046875 0.163086
0 0.135986 0.394531 0.021973 0.171875
0 0.087891 0.397461 0.049805 0.275391
0 0.019287 0.369629 0.032715 0.143555
0 0.159912 0.412598 0.036621 0.219727
0 0.428467 0.411133 0.032715 0.154297
0 0.687744 0.400391 0.013184 0.035156
0 0.858643 0.427734 0.007324 0.025391
0 0.733154 0.407227 0.006348 0.035156
0 0.705811 0.416016 0.026855 0.076172
0 0.640381 0.414551 0.018066 0.114258
0 0.660156 0.422852 0.030273 0.166016
0 0.611816 0.416504 0.034180 0.192383
0 0.624756 0.432617 0.046387 0.173828
0 0.435791 0.417969 0.029785 0.144531
0 0.581787 0.417480 0.029785 0.170898
0 0.557373 0.420410 0.038574 0.184570
0 0.471924 0.397461 0.007324 0.144531
0 0.459473 0.412598 0.026367 0.188477
0 0.460449 0.425293 0.040039 0.170898
0 0.512695 0.420410 0.041992 0.178711
0 0.492188 0.423340 0.031250 0.178711
0 0.500244 0.418457 0.049316 0.198242
1 0.007080 0.364746 0.008301 0.024414
1 0.044434 0.368164 0.033203 0.029297
1 0.432129 0.380371 0.032227 0.040039
2 0.024414 0.568359 0.042969 0.257812
2 0.772705 0.417969 0.007324 0.023438
2 0.541992 0.451172 0.020508 0.058594