0 0.582520 0.406738 0.032227 0.176758
0 0.409668 0.388672 0.020508 0.103516
0 0.223389 0.404785 0.017090 0.110352
1 0.064941 0.397949 0.007812 0.030273
1 0.054932 0.397949 0.016113 0.038086
1 0.079834 0.400391 0.028809 0.046875
1 0.027588 0.397949 0.049316 0.075195
1 0.204102 0.395508 0.007812 0.011719
1 0.196533 0.397949 0.007324 0.028320
1 0.093018 0.403809 0.006348 0.049805
1 0.144531 0.375977 0.098633 0.228516
1 0.222900 0.396484 0.018066 0.044922
2 0.419434 0.401855 0.013672 0.061523
2 0.341797 0.440430 0.044922 0.115234
3 0.318115 0.416992 0.062012 0.123047