0 0.719482 0.214355 0.009277 0.020508
0 0.745850 0.386719 0.021973 0.099609
0 0.691162 0.458984 0.035645 0.150391
0 0.157959 0.402832 0.009277 0.038086
1 0.344482 0.383301 0.021973 0.018555
1 0.635498 0.436523 0.035645 0.123047
1 0.690186 0.416992 0.117676 0.230469
1 0.586426 0.410645 0.039062 0.065430
1 0.178223 0.445801 0.083984 0.084961
1 0.299805 0.406250 0.056641 0.093750
1 0.362793 0.417969 0.017578 0.050781
1 0.323975 0.435059 0.071777 0.104492
1 0.526367 0.391113 0.014648 0.022461
1 0.522705 0.404785 0.020996 0.030273
1 0.507568 0.403809 0.011230 0.026367
1 0.497070 0.405762 0.016602 0.040039
1 0.478516 0.411133 0.030273 0.054688
1 0.421387 0.394531 0.100586 0.201172
2 0.096680 0.437500 0.033203 0.039062
2 0.056885 0.462891 0.062012 0.082031