0 0.586914 0.419434 0.012695 0.053711
1 0.598145 0.385254 0.007812 0.024414
1 0.588623 0.385742 0.020020 0.029297
1 0.562500 0.405273 0.019531 0.037109
1 0.555176 0.418945 0.009766 0.042969
1 0.544922 0.417480 0.020508 0.047852
1 0.542969 0.424805 0.015625 0.048828
1 0.354492 0.457031 0.090820 0.185547
1 0.333008 0.471191 0.052734 0.196289
1 0.270508 0.514160 0.133789 0.301758
1 0.116943 0.584961 0.228027 0.603516
1 0.634277 0.389160 0.017578 0.016602
1 0.637695 0.472656 0.077148 0.167969
1 0.689941 0.501465 0.107422 0.223633
1 0.844971 0.534180 0.304199 0.421875
1 0.955811 0.700684 0.082520 0.413086