0 0.799316 0.396973 0.004883 0.010742
0 0.793701 0.398926 0.005371 0.012695
0 0.385254 0.585938 0.033203 0.046875
0 0.361572 0.485840 0.084473 0.379883
0 0.594971 0.487305 0.049316 0.335938
0 0.568115 0.485352 0.062012 0.375000
1 0.712646 0.411133 0.035645 0.042969
1 0.767090 0.416992 0.019531 0.039062
1 0.742432 0.414551 0.035645 0.049805
1 0.781250 0.419434 0.020508 0.041992
1 0.832520 0.430176 0.027344 0.061523
1 0.806396 0.433594 0.048340 0.062500
1 0.317139 0.402832 0.070801 0.069336
1 0.037109 0.419434 0.068359 0.135742
1 0.110596 0.436035 0.199707 0.165039
1 0.394531 0.447754 0.117188 0.125977
1 0.247559 0.455566 0.178711 0.168945