0 0.429932 0.339844 0.024902 0.107422
0 0.158203 0.439453 0.063477 0.296875
0 0.228271 0.429688 0.051270 0.314453
1 0.010742 0.434082 0.015625 0.120117
1 0.088867 0.424316 0.150391 0.184570
2 0.468262 0.318848 0.009766 0.047852
2 0.480225 0.315430 0.017090 0.062500
2 0.515869 0.312500 0.014160 0.048828
2 0.537842 0.316406 0.015137 0.050781
2 0.547119 0.316895 0.011230 0.053711
2 0.556885 0.310059 0.011230 0.045898
2 0.575195 0.314453 0.008789 0.056641
2 0.565430 0.314453 0.015625 0.056641
2 0.588867 0.313965 0.016602 0.057617
2 0.595947 0.313477 0.010254 0.056641
2 0.606445 0.315430 0.012695 0.050781
2 0.620850 0.315918 0.016113 0.047852
3 0.281006 0.407227 0.058105 0.152344
3 0.525635 0.318848 0.019043 0.055664