0 0.168701 0.502930 0.105957 0.328125
1 0.434082 0.372070 0.017578 0.013672
1 0.410889 0.374023 0.014160 0.009766
1 0.510498 0.381348 0.015137 0.014648
1 0.513428 0.389160 0.007324 0.022461
1 0.400146 0.404297 0.032715 0.050781
1 0.385010 0.437012 0.035645 0.114258
1 0.362549 0.451660 0.052246 0.135742
1 0.536133 0.390137 0.044922 0.055664
1 0.544678 0.422363 0.048340 0.090820
1 0.558350 0.446289 0.032715 0.132812
1 0.613525 0.444336 0.113770 0.207031
1 0.662354 0.492676 0.156738 0.200195
1 0.298096 0.475098 0.132324 0.202148
1 0.461426 0.480469 0.147461 0.216797