1 0.533936 0.374023 0.015137 0.015625
1 0.513916 0.384277 0.024902 0.032227
1 0.495117 0.401367 0.012695 0.048828
1 0.485352 0.403809 0.019531 0.061523
1 0.556885 0.374023 0.034668 0.070312
1 0.562256 0.389648 0.030762 0.050781
1 0.565430 0.397949 0.026367 0.047852
1 0.566895 0.405273 0.018555 0.054688
1 0.524170 0.405762 0.044434 0.065430
1 0.447510 0.400879 0.067871 0.131836
1 0.583008 0.412109 0.042969 0.066406
1 0.608154 0.430176 0.030762 0.106445
1 0.610840 0.438477 0.024414 0.119141
1 0.674316 0.428223 0.131836 0.209961
1 0.427490 0.435059 0.058105 0.143555
1 0.350342 0.467285 0.153809 0.227539
1 0.738770 0.503906 0.211914 0.281250
2 0.871826 0.450684 0.035645 0.116211