0 0.386475 0.375000 0.005371 0.025391
0 0.380371 0.373047 0.005859 0.025391
0 0.372803 0.373535 0.007324 0.028320
0 0.442139 0.378906 0.009277 0.033203
0 0.513916 0.490723 0.010254 0.051758
0 0.601807 0.499512 0.054199 0.254883
0 0.534668 0.499023 0.049805 0.291016
0 0.332031 0.428711 0.009766 0.074219
0 0.341309 0.416504 0.013672 0.038086
0 0.294678 0.427734 0.010254 0.035156
0 0.239014 0.411133 0.015137 0.048828
0 0.216309 0.418457 0.013672 0.032227
0 0.200684 0.417480 0.013672 0.030273
0 0.252441 0.444824 0.009766 0.092773
0 0.235352 0.450684 0.032227 0.081055
0 0.263672 0.444824 0.018555 0.104492
0 0.205811 0.453125 0.027832 0.091797
1 0.389404 0.379883 0.011230 0.011719
1 0.025635 0.629395 0.045410 0.352539
2 0.426758 0.499023 0.006836 0.072266
2 0.298096 0.473633 0.033691 0.074219
2 0.276855 0.500000 0.024414 0.046875
2 0.272461 0.488281 0.015625 0.085938