0 0.424805 0.434082 0.011719 0.038086
0 0.461426 0.428711 0.011719 0.060547
0 0.354492 0.438965 0.023438 0.133789
0 0.324951 0.462891 0.021973 0.087891
0 0.305176 0.427734 0.027344 0.158203
0 0.276855 0.439453 0.034180 0.175781
0 0.225342 0.442871 0.038574 0.198242
0 0.044434 0.502930 0.083008 0.423828
0 0.585693 0.417969 0.005371 0.033203
0 0.591553 0.416504 0.007324 0.036133
1 0.544678 0.419434 0.007324 0.026367
1 0.556641 0.432617 0.030273 0.056641
1 0.666992 0.443848 0.058594 0.049805
1 0.773682 0.523438 0.208496 0.287109
1 0.898438 0.662598 0.197266 0.663086
1 0.489746 0.433105 0.031250 0.043945