0 0.359375 0.497559 0.010742 0.051758
0 0.334473 0.495605 0.068359 0.389648
0 0.122559 0.319824 0.038086 0.051758
0 0.887695 0.488281 0.068359 0.308594
1 0.705566 0.430176 0.011719 0.045898
1 0.685547 0.435059 0.034180 0.067383
1 0.664795 0.440430 0.032715 0.060547
1 0.635986 0.439453 0.040527 0.074219
1 0.610352 0.448730 0.061523 0.081055
1 0.551514 0.456055 0.057129 0.109375
1 0.497803 0.466309 0.095215 0.127930
1 0.136963 0.587402 0.268066 0.491211
1 0.783936 0.437500 0.033691 0.056641
1 0.764404 0.442871 0.025879 0.077148
1 0.733398 0.447266 0.057617 0.093750
2 0.287354 0.446777 0.033691 0.088867
2 0.950439 0.545410 0.089355 0.168945