0 0.357666 0.444824 0.013184 0.081055
0 0.373047 0.446777 0.016602 0.079102
0 0.391113 0.446289 0.014648 0.080078
0 0.273926 0.441895 0.026367 0.149414
0 0.316650 0.441895 0.015137 0.147461
0 0.299561 0.442871 0.026855 0.141602
0 0.327148 0.438477 0.022461 0.154297
0 0.153809 0.471680 0.028320 0.146484
0 0.170166 0.442871 0.062988 0.202148
0 0.167969 0.481934 0.035156 0.127930
1 0.478516 0.469727 0.005859 0.039062
1 0.497803 0.456543 0.015137 0.061523
1 0.450684 0.459473 0.055664 0.077148
1 0.505615 0.456543 0.017090 0.069336
1 0.513672 0.455566 0.015625 0.077148
1 0.540527 0.447266 0.052734 0.103516
1 0.543945 0.455078 0.032227 0.103516
1 0.563477 0.459473 0.049805 0.127930
1 0.599365 0.454102 0.060059 0.148438
1 0.635010 0.472656 0.091309 0.199219
1 0.756104 0.484863 0.234863 0.331055
1 0.895508 0.624023 0.203125 0.599609