0 0.755615 0.420410 0.015137 0.079102
0 0.770508 0.426758 0.014648 0.076172
0 0.795166 0.419922 0.024902 0.087891
0 0.718018 0.421875 0.008301 0.070312
0 0.726074 0.416504 0.015625 0.106445
0 0.493896 0.423340 0.008301 0.059570
0 0.575195 0.421875 0.007812 0.033203
1 0.848633 0.420898 0.035156 0.076172
1 0.746338 0.428711 0.034668 0.058594
1 0.918701 0.424805 0.156738 0.253906
1 0.587402 0.420410 0.018555 0.028320
1 0.593994 0.429199 0.017090 0.040039
1 0.619141 0.424805 0.034180 0.066406
1 0.529541 0.446289 0.070801 0.099609
1 0.355225 0.461426 0.096191 0.124023
2 0.839600 0.444824 0.010254 0.057617
2 0.251221 0.375000 0.023926 0.058594