0 0.503906 0.437012 0.010742 0.061523
0 0.431396 0.429688 0.005371 0.048828
0 0.419189 0.461426 0.030762 0.149414
0 0.341553 0.461426 0.020020 0.090820
0 0.157959 0.456055 0.015137 0.103516
0 0.062012 0.484863 0.033203 0.190430
0 0.085205 0.489258 0.034668 0.177734
0 0.888672 0.428711 0.006836 0.062500
0 0.913330 0.472168 0.047363 0.258789
0 0.696533 0.504883 0.020020 0.125000
0 0.665527 0.498535 0.068359 0.395508
2 0.093262 0.536621 0.070312 0.067383
2 0.738525 0.473145 0.053223 0.110352
3 0.800293 0.548828 0.062500 0.238281