0 0.161865 0.428711 0.007324 0.046875
0 0.009277 0.436523 0.012695 0.074219
0 0.089600 0.438477 0.011230 0.060547
0 0.114258 0.439941 0.006836 0.041992
0 0.104492 0.433105 0.012695 0.065430
0 0.257324 0.415527 0.005859 0.034180
0 0.262695 0.414551 0.004883 0.032227
0 0.271240 0.416992 0.006348 0.031250
0 0.249512 0.415527 0.006836 0.036133
0 0.244629 0.427734 0.007812 0.048828
0 0.250732 0.437500 0.008301 0.027344
0 0.486816 0.408691 0.006836 0.026367
0 0.531738 0.407715 0.006836 0.030273
0 0.451660 0.407227 0.005859 0.027344
0 0.465820 0.410156 0.004883 0.029297
0 0.414307 0.417480 0.016113 0.057617
0 0.823975 0.401367 0.014160 0.101562
0 0.742188 0.409180 0.018555 0.119141
0 0.929688 0.407227 0.022461 0.179688
0 0.961670 0.398926 0.024902 0.163086
0 0.942383 0.412598 0.029297 0.176758
1 0.401123 0.411133 0.018066 0.011719
1 0.318604 0.414062 0.017090 0.013672
2 0.794434 0.417480 0.014648 0.059570
2 0.791748 0.439453 0.019043 0.066406
2 0.348877 0.473145 0.024902 0.086914