0 0.412109 0.431641 0.016602 0.072266
0 0.370361 0.463867 0.037598 0.193359
1 0.493408 0.439941 0.015137 0.024414
1 0.522949 0.441895 0.028320 0.036133
1 0.571777 0.441895 0.035156 0.063477
1 0.457520 0.460449 0.064453 0.104492
1 0.591553 0.447266 0.039551 0.083984
1 0.599365 0.459473 0.016113 0.067383
1 0.646240 0.455078 0.089355 0.166016
1 0.752441 0.471680 0.230469 0.218750
1 0.802979 0.545898 0.189941 0.296875
1 0.921387 0.506836 0.151367 0.482422
1 0.395264 0.445312 0.013184 0.056641
1 0.394531 0.454590 0.013672 0.030273
1 0.334473 0.440430 0.111328 0.089844
1 0.321533 0.451172 0.080566 0.105469
1 0.300293 0.448730 0.070312 0.104492
1 0.229248 0.438477 0.194824 0.173828
1 0.184814 0.447754 0.212402 0.194336
1 0.111328 0.460938 0.216797 0.275391
1 0.057373 0.473145 0.108887 0.323242