1 0.324219 0.428711 0.015625 0.027344
1 0.330811 0.438477 0.007324 0.039062
1 0.296875 0.427246 0.016602 0.022461
1 0.282959 0.428223 0.016113 0.024414
1 0.256104 0.442871 0.020996 0.047852
1 0.241943 0.447266 0.031738 0.056641
1 0.237549 0.454102 0.033691 0.064453
1 0.242432 0.461426 0.018066 0.067383
1 0.232666 0.465332 0.016113 0.077148
1 0.218262 0.467773 0.032227 0.085938
1 0.190918 0.475098 0.046875 0.118164
1 0.156250 0.486328 0.054688 0.162109
1 0.072021 0.487793 0.138184 0.235352
1 0.425293 0.409668 0.028320 0.016602
1 0.417480 0.450195 0.036133 0.072266
1 0.510986 0.529297 0.195801 0.292969
1 0.341553 0.503906 0.006348 0.031250
2 0.403809 0.619629 0.179688 0.305664