0 0.143066 0.478027 0.007812 0.018555
0 0.152344 0.474609 0.011719 0.023438
0 0.267090 0.498047 0.010742 0.013672
0 0.125488 0.488770 0.041992 0.147461
0 0.222168 0.499023 0.040039 0.148438
0 0.485840 0.487305 0.014648 0.080078
0 0.467285 0.489746 0.022461 0.143555
0 0.639648 0.476074 0.014648 0.053711
0 0.666260 0.497070 0.023926 0.134766
0 0.823486 0.462402 0.006348 0.012695
0 0.830566 0.467285 0.007812 0.028320
0 0.837646 0.503906 0.017090 0.054688
0 0.906982 0.479492 0.009277 0.054688
0 0.941406 0.471191 0.010742 0.028320
0 0.916748 0.483887 0.016113 0.081055
0 0.897705 0.482910 0.013184 0.071289
0 0.864990 0.490234 0.020996 0.099609
0 0.889160 0.489258 0.025391 0.105469
1 0.058594 0.490723 0.111328 0.051758
1 0.382568 0.500000 0.079590 0.113281
1 0.768066 0.495117 0.133789 0.078125
2 0.589355 0.539062 0.033203 0.162109
2 0.888184 0.505859 0.045898 0.068359