1 0.465088 0.400391 0.012207 0.023438
1 0.597656 0.365234 0.039062 0.037109
1 0.210938 0.402832 0.062500 0.041992
1 0.576904 0.404297 0.038574 0.027344
1 0.568115 0.430176 0.020996 0.053711
1 0.571289 0.434570 0.023438 0.060547
1 0.592041 0.445312 0.042480 0.095703
1 0.599365 0.455566 0.027832 0.110352
1 0.634277 0.458008 0.074219 0.144531
1 0.708008 0.487793 0.123047 0.231445
1 0.853516 0.533691 0.287109 0.374023
1 0.481445 0.404297 0.014648 0.025391
1 0.491943 0.408691 0.013184 0.024414
1 0.498535 0.411133 0.014648 0.027344
1 0.504883 0.415527 0.012695 0.030273
1 0.507080 0.420410 0.007324 0.032227
1 0.522461 0.416992 0.024414 0.050781