0 0.799316 0.452148 0.042969 0.255859
0 0.199219 0.412109 0.006836 0.013672
1 0.297607 0.383789 0.027832 0.031250
1 0.373779 0.391602 0.024902 0.031250
1 0.767822 0.407227 0.026855 0.013672
1 0.737061 0.414551 0.061035 0.032227
1 0.810059 0.417480 0.112305 0.084961
1 0.853516 0.388672 0.055664 0.033203
1 0.933838 0.398438 0.126465 0.085938
1 0.229248 0.387695 0.005371 0.019531
1 0.337646 0.398438 0.021973 0.031250
1 0.348633 0.413086 0.026367 0.037109
1 0.380127 0.422852 0.032715 0.042969
1 0.414307 0.427734 0.037598 0.050781
1 0.457764 0.437988 0.032715 0.063477
1 0.498291 0.441895 0.063965 0.124023
1 0.085449 0.506836 0.165039 0.287109
2 0.841064 0.461426 0.089355 0.153320
2 0.920898 0.515625 0.152344 0.214844
2 0.230225 0.416504 0.014160 0.036133
3 0.316895 0.443848 0.029297 0.083008