0 0.320312 0.432129 0.005859 0.012695
0 0.302002 0.434082 0.005371 0.010742
1 0.531982 0.418457 0.010254 0.016602
1 0.486328 0.426270 0.010742 0.014648
1 0.496826 0.430176 0.013184 0.020508
1 0.517090 0.425293 0.013672 0.018555
1 0.508057 0.442871 0.018066 0.028320
1 0.468994 0.436035 0.015137 0.024414
1 0.430176 0.450684 0.009766 0.049805
1 0.450195 0.461426 0.045898 0.071289
1 0.381836 0.460938 0.042969 0.080078
1 0.290039 0.493652 0.064453 0.108398
1 0.076172 0.552246 0.146484 0.256836
3 0.472168 0.456055 0.007812 0.035156
3 0.411865 0.491211 0.034668 0.087891
3 0.332764 0.513184 0.051270 0.153320