0 0.710449 0.455566 0.024414 0.124023
0 0.727783 0.448730 0.025879 0.157227
0 0.752197 0.471680 0.042480 0.207031
0 0.931885 0.484375 0.062012 0.253906
0 0.889893 0.467773 0.055176 0.304688
0 0.414795 0.433594 0.016113 0.103516
0 0.270996 0.428711 0.018555 0.134766
0 0.275146 0.429688 0.026855 0.132812
0 0.248779 0.424805 0.026855 0.130859
0 0.116455 0.344238 0.020020 0.045898
0 0.086914 0.395508 0.021484 0.158203
0 0.041260 0.389160 0.022949 0.170898
0 0.066650 0.396484 0.021973 0.160156
0 0.050781 0.397949 0.027344 0.165039
0 0.118408 0.412109 0.013184 0.144531
0 0.097168 0.405273 0.032227 0.162109
0 0.177490 0.437500 0.050293 0.210938
0 0.220703 0.449219 0.038086 0.195312
0 0.135742 0.441406 0.047852 0.273438
0 0.396973 0.429199 0.022461 0.106445
0 0.380615 0.422852 0.019043 0.123047
0 0.341797 0.415527 0.015625 0.131836
0 0.332031 0.376953 0.017578 0.048828
0 0.320312 0.376953 0.007812 0.021484
0 0.296875 0.432617 0.020508 0.123047
0 0.311279 0.434082 0.017090 0.135742
0 0.362549 0.433105 0.031738 0.172852
0 0.327393 0.441895 0.036621 0.155273
1 0.449707 0.458984 0.019531 0.031250
1 0.613770 0.471680 0.053711 0.058594
1 0.567139 0.470703 0.046387 0.068359
1 0.969238 0.555664 0.055664 0.361328
2 0.601074 0.481445 0.013672 0.054688