0 0.142578 0.383301 0.005859 0.061523
0 0.020996 0.370605 0.023438 0.053711
0 0.064209 0.362305 0.014160 0.035156
0 0.083740 0.359863 0.015137 0.038086
0 0.044189 0.361816 0.020996 0.043945
0 0.072998 0.368164 0.015137 0.021484
0 0.099854 0.364258 0.026855 0.033203
0 0.166748 0.412598 0.020996 0.106445
0 0.208252 0.432129 0.007324 0.067383
0 0.891357 0.402344 0.020996 0.103516
0 0.878906 0.449219 0.041992 0.099609
1 0.088135 0.490723 0.170410 0.221680
1 0.396484 0.440918 0.085938 0.118164
2 0.914795 0.458984 0.044434 0.101562