0 0.372559 0.415527 0.012695 0.047852
0 0.719971 0.444336 0.039551 0.189453
1 0.317383 0.401367 0.019531 0.019531
1 0.338867 0.403320 0.019531 0.019531
1 0.237793 0.406738 0.044922 0.075195
1 0.205566 0.407715 0.062500 0.079102
1 0.150391 0.403320 0.071289 0.082031
1 0.533447 0.402832 0.018066 0.020508
1 0.541260 0.407227 0.026855 0.025391
1 0.683105 0.424316 0.018555 0.028320
1 0.693848 0.428223 0.013672 0.026367
1 0.652832 0.429688 0.043945 0.031250
1 0.091064 0.482422 0.176270 0.232422
1 0.396484 0.417969 0.026367 0.039062
1 0.608154 0.459473 0.006348 0.047852
1 0.577148 0.441895 0.061523 0.104492
1 0.518311 0.441406 0.033691 0.074219
1 0.475830 0.433105 0.063965 0.108398