1 0.614502 0.380859 0.019043 0.021484
1 0.550781 0.388672 0.020508 0.019531
1 0.514404 0.383301 0.026855 0.020508
1 0.530273 0.413086 0.018555 0.025391
1 0.536133 0.414062 0.020508 0.025391
1 0.540527 0.427246 0.014648 0.034180
1 0.549561 0.423828 0.017090 0.033203
1 0.569580 0.412109 0.032715 0.017578
1 0.561279 0.438965 0.028809 0.057617
1 0.579102 0.442871 0.034180 0.069336
1 0.578613 0.450684 0.024414 0.057617
1 0.599121 0.451172 0.038086 0.099609
1 0.612793 0.460449 0.041016 0.116211
1 0.666748 0.457031 0.099121 0.179688
1 0.981201 0.642578 0.031738 0.300781
1 0.458740 0.386230 0.020020 0.018555
1 0.470703 0.389648 0.016602 0.019531
1 0.468262 0.404785 0.020508 0.034180
1 0.467529 0.408203 0.015137 0.019531
1 0.467529 0.425293 0.017090 0.034180
1 0.463867 0.432129 0.009766 0.041992
1 0.449707 0.436035 0.030273 0.051758
1 0.409180 0.463379 0.011719 0.096680
1 0.353027 0.449707 0.114258 0.172852
1 0.231689 0.518066 0.197754 0.254883
1 0.094482 0.629395 0.183105 0.536133
1 0.757080 0.501465 0.158691 0.208008