0 0.560303 0.454102 0.005371 0.027344
0 0.397705 0.459473 0.005371 0.057617
0 0.286621 0.466797 0.017578 0.113281
0 0.304443 0.469727 0.020996 0.117188
0 0.264404 0.471680 0.033691 0.134766
0 0.242920 0.496094 0.015137 0.087891
0 0.223389 0.467285 0.033691 0.147461
0 0.379883 0.455078 0.007812 0.078125
0 0.387451 0.462402 0.013184 0.083008
0 0.377441 0.462402 0.017578 0.096680
0 0.365723 0.467285 0.013672 0.088867
0 0.058594 0.507324 0.017578 0.049805
0 0.053467 0.469727 0.029785 0.154297
0 0.117432 0.436035 0.020996 0.059570
0 0.097412 0.464355 0.030762 0.163086
0 0.085938 0.516113 0.011719 0.040039
0 0.104492 0.472168 0.034180 0.151367
0 0.157471 0.464844 0.029785 0.152344
0 0.549805 0.469238 0.012695 0.065430
0 0.623779 0.458984 0.006348 0.027344
0 0.628174 0.459961 0.006348 0.031250
0 0.744141 0.467773 0.008789 0.103516
0 0.759277 0.465332 0.017578 0.104492
0 0.749512 0.487305 0.011719 0.064453
0 0.736572 0.478027 0.014160 0.083008
0 0.709229 0.461426 0.007324 0.104492
0 0.695557 0.465332 0.010254 0.110352
0 0.662842 0.467773 0.012207 0.097656
0 0.670654 0.469238 0.009277 0.100586
0 0.678223 0.465820 0.014648 0.107422
0 0.686279 0.467773 0.020996 0.119141
1 0.594238 0.414551 0.005859 0.014648
1 0.571777 0.416992 0.011719 0.017578
1 0.570801 0.433594 0.009766 0.015625
1 0.584717 0.439453 0.013184 0.017578
1 0.592041 0.443848 0.010254 0.016602
1 0.597656 0.447266 0.012695 0.021484
1 0.643311 0.462891 0.026855 0.044922
2 0.432373 0.472656 0.024902 0.039062
2 0.304443 0.496094 0.050293 0.044922
2 0.514893 0.479004 0.009277 0.030273
3 0.185303 0.495117 0.036621 0.078125
3 0.197754 0.496094 0.046875 0.078125