1 0.385010 0.362793 0.011230 0.022461
1 0.403320 0.375000 0.039062 0.052734
1 0.359131 0.397949 0.062988 0.124023
1 0.298584 0.440918 0.099121 0.159180
1 0.141602 0.522949 0.230469 0.301758
1 0.020264 0.630371 0.034668 0.407227
1 0.510010 0.364746 0.059082 0.051758
1 0.609863 0.352539 0.064453 0.029297
1 0.575439 0.358398 0.039551 0.013672
1 0.540283 0.392578 0.052246 0.070312
1 0.559082 0.400879 0.049805 0.077148
1 0.580078 0.404297 0.051758 0.080078
1 0.631592 0.369629 0.060059 0.010742
1 0.683594 0.381348 0.041016 0.020508
1 0.633301 0.443359 0.126953 0.146484
1 0.655762 0.461914 0.087891 0.146484
1 0.762939 0.445801 0.161621 0.225586
1 0.848389 0.446777 0.297363 0.260742
1 0.886475 0.510742 0.221191 0.337891
2 0.400146 0.435059 0.020020 0.079102