0 0.800781 0.386719 0.008789 0.039062
0 0.430176 0.415039 0.014648 0.076172
0 0.493652 0.377930 0.013672 0.041016
0 0.525879 0.379883 0.012695 0.025391
0 0.516113 0.382324 0.006836 0.020508
0 0.030029 0.503418 0.054199 0.272461
0 0.098633 0.547363 0.016602 0.088867
0 0.090332 0.501953 0.048828 0.265625
0 0.654297 0.519043 0.103516 0.514648
0 0.562500 0.561035 0.085938 0.532227
0 0.868896 0.505859 0.111816 0.505859
0 0.860107 0.528809 0.119629 0.573242
1 0.992920 0.415039 0.008301 0.023438
1 0.929688 0.420410 0.030273 0.047852
1 0.505615 0.402344 0.035645 0.017578
1 0.470215 0.436035 0.068359 0.075195
1 0.393066 0.454590 0.087891 0.090820
1 0.668945 0.404297 0.024414 0.048828
1 0.724121 0.399414 0.031250 0.048828
1 0.546631 0.479980 0.134277 0.186523
2 0.762695 0.434082 0.014648 0.043945
2 0.015869 0.565918 0.025879 0.153320
2 0.947510 0.544922 0.099121 0.187500