0 0.424561 0.375977 0.009277 0.011719
0 0.374268 0.380859 0.009277 0.027344
0 0.357422 0.376465 0.008789 0.018555
0 0.305176 0.375488 0.007812 0.034180
0 0.298584 0.383301 0.009277 0.030273
0 0.256836 0.383301 0.009766 0.047852
0 0.247559 0.386719 0.014648 0.044922
0 0.236572 0.387695 0.020020 0.046875
0 0.196289 0.386719 0.011719 0.062500
1 0.465088 0.394531 0.010254 0.033203
1 0.454834 0.395020 0.022949 0.038086
1 0.430176 0.401367 0.031250 0.046875
1 0.879150 0.426758 0.111816 0.103516
1 0.400391 0.441406 0.052734 0.101562
1 0.339111 0.469727 0.116699 0.173828