0 0.617920 0.415527 0.022949 0.112305
0 0.662109 0.419922 0.025391 0.138672
0 0.684082 0.422852 0.024414 0.128906
0 0.549072 0.398926 0.009277 0.028320
0 0.589844 0.424805 0.009766 0.062500
0 0.580078 0.425781 0.011719 0.083984
0 0.469482 0.429199 0.012207 0.049805
0 0.413086 0.434570 0.018555 0.080078
0 0.402100 0.416992 0.010254 0.048828
0 0.265625 0.406738 0.020508 0.059570
1 0.573486 0.423340 0.042480 0.049805
1 0.390381 0.442383 0.048340 0.103516
1 0.516846 0.452148 0.090332 0.136719
1 0.217041 0.442871 0.112793 0.100586
1 0.319580 0.481445 0.135254 0.183594