0 0.523926 0.374023 0.004883 0.017578
0 0.537842 0.420898 0.007324 0.037109
0 0.550537 0.429688 0.005371 0.031250
0 0.554199 0.469238 0.010742 0.051758
0 0.680664 0.501953 0.044922 0.234375
0 0.494385 0.396484 0.007324 0.027344
0 0.465332 0.455078 0.014648 0.037109
0 0.412354 0.481445 0.024902 0.128906
0 0.230957 0.500977 0.041992 0.236328
0 0.181641 0.504883 0.037109 0.218750
0 0.494629 0.428711 0.006836 0.039062
0 0.502441 0.429688 0.006836 0.039062
0 0.510498 0.431152 0.010254 0.041992
1 0.494629 0.358398 0.008789 0.011719
1 0.553467 0.424805 0.019043 0.029297
2 0.565430 0.458496 0.005859 0.026367
2 0.474609 0.441406 0.016602 0.023438
2 0.366943 0.561523 0.029785 0.144531