0 0.469971 0.320312 0.005371 0.013672
0 0.450195 0.333496 0.010742 0.047852
0 0.432861 0.375000 0.019043 0.076172
0 0.490723 0.363770 0.012695 0.069336
0 0.460693 0.368652 0.016113 0.079102
0 0.400635 0.375977 0.010254 0.021484
0 0.319824 0.335938 0.009766 0.023438
0 0.287598 0.378906 0.010742 0.060547
0 0.281006 0.394043 0.007324 0.032227
0 0.388428 0.378418 0.015137 0.034180
0 0.361816 0.399414 0.018555 0.111328
0 0.320068 0.428223 0.031738 0.172852
0 0.343262 0.429688 0.031250 0.171875
0 0.263916 0.424316 0.032715 0.163086
0 0.653564 0.336426 0.005371 0.040039
0 0.658447 0.335938 0.009277 0.041016
0 0.724854 0.394531 0.019043 0.150391
0 0.772217 0.401855 0.025879 0.192383
0 0.752686 0.406250 0.041504 0.208984
0 0.707275 0.418457 0.035645 0.198242
1 0.530762 0.365723 0.034180 0.059570
1 0.569580 0.334961 0.020020 0.009766
1 0.574219 0.376953 0.067383 0.074219
1 0.645996 0.318359 0.037109 0.044922