0 0.021973 0.345215 0.009766 0.049805
0 0.421143 0.410645 0.008301 0.040039
0 0.391357 0.391602 0.007324 0.033203
0 0.926270 0.398926 0.049805 0.120117
1 0.439453 0.375488 0.005859 0.012695
1 0.446533 0.376953 0.008301 0.013672
1 0.455811 0.376953 0.012207 0.013672
1 0.466309 0.380371 0.011719 0.014648
1 0.438965 0.383301 0.005859 0.020508
1 0.537598 0.393066 0.010742 0.014648
1 0.528564 0.394043 0.011230 0.016602
1 0.520996 0.391602 0.011719 0.009766
1 0.518555 0.399414 0.013672 0.019531
1 0.491699 0.403320 0.015625 0.025391
1 0.487793 0.418457 0.017578 0.028320
1 0.479248 0.439941 0.032715 0.055664
1 0.386230 0.440918 0.047852 0.067383
1 0.272217 0.455078 0.097168 0.123047
1 0.084961 0.503418 0.164062 0.274414