0 0.450928 0.474609 0.011230 0.064453
0 0.440430 0.479004 0.010742 0.059570
0 0.410156 0.466309 0.020508 0.102539
0 0.022705 0.591797 0.039551 0.353516
0 0.153076 0.456055 0.043457 0.208984
0 0.501465 0.445312 0.004883 0.027344
0 0.512695 0.445312 0.004883 0.027344
0 0.555908 0.473633 0.014160 0.068359
0 0.631348 0.452148 0.034180 0.164062
0 0.675537 0.454102 0.039551 0.156250
1 0.541992 0.452148 0.016602 0.025391
2 0.482178 0.465820 0.008301 0.017578
2 0.470947 0.493652 0.010254 0.028320
2 0.021729 0.463379 0.019043 0.043945
2 0.276855 0.549316 0.077148 0.202148