0 0.400391 0.397949 0.006836 0.018555
0 0.410889 0.405762 0.008301 0.020508
0 0.083252 0.533203 0.020020 0.142578
0 0.058105 0.549316 0.048828 0.211914
0 0.020508 0.525879 0.035156 0.272461
1 0.393555 0.412109 0.015625 0.023438
1 0.381836 0.409180 0.014648 0.031250
1 0.518066 0.394531 0.016602 0.027344
1 0.487061 0.408691 0.020020 0.028320
1 0.480469 0.411621 0.015625 0.028320
1 0.473877 0.411133 0.014160 0.029297
1 0.460938 0.413574 0.029297 0.030273
1 0.436279 0.421387 0.058105 0.036133
1 0.515869 0.441406 0.020020 0.068359
1 0.528564 0.445801 0.032715 0.081055
1 0.542725 0.449707 0.027832 0.094727
1 0.557617 0.457031 0.043945 0.123047
1 0.577637 0.458984 0.052734 0.136719
1 0.653809 0.496094 0.171875 0.228516
1 0.855225 0.609375 0.283691 0.533203
1 0.964600 0.794434 0.064941 0.399414
3 0.400391 0.425293 0.023438 0.030273