0 0.375977 0.412598 0.016602 0.081055
0 0.392578 0.414062 0.017578 0.085938
0 0.414307 0.398926 0.006348 0.043945
0 0.407959 0.411621 0.012207 0.081055
0 0.065430 0.468750 0.024414 0.132812
0 0.040527 0.464844 0.031250 0.144531
0 0.142090 0.430664 0.020508 0.119141
0 0.172852 0.434082 0.022461 0.110352
1 0.520264 0.360840 0.011230 0.018555
1 0.501953 0.372070 0.024414 0.029297
1 0.516357 0.382812 0.023926 0.031250
1 0.468018 0.380859 0.008301 0.031250
1 0.490234 0.404785 0.027344 0.040039
1 0.563721 0.425781 0.048340 0.060547
2 0.663574 0.439941 0.035156 0.040039