0 0.289551 0.423828 0.011719 0.064453
0 0.140869 0.429688 0.012207 0.054688
0 0.244873 0.437988 0.030762 0.100586
0 0.475098 0.432617 0.032227 0.150391
0 0.514404 0.425781 0.015137 0.074219
0 0.575439 0.420410 0.008301 0.067383
0 0.583984 0.427246 0.016602 0.088867
0 0.529297 0.434082 0.041992 0.245117
0 0.679443 0.447266 0.021973 0.152344
0 0.662109 0.468750 0.032227 0.177734
0 0.631104 0.458984 0.039551 0.218750
0 0.982178 0.484375 0.029785 0.164062
0 0.862305 0.463867 0.071289 0.187500
1 0.395508 0.426270 0.037109 0.049805