1 0.528320 0.399902 0.015625 0.022461
1 0.775391 0.377930 0.033203 0.023438
1 0.553955 0.398926 0.013184 0.020508
1 0.588135 0.401855 0.014160 0.034180
1 0.591309 0.406250 0.012695 0.037109
1 0.594482 0.407715 0.007324 0.034180
1 0.599854 0.406250 0.012207 0.037109
1 0.607422 0.404297 0.014648 0.039062
1 0.619141 0.401855 0.028320 0.038086
1 0.651855 0.378418 0.041016 0.018555
1 0.657471 0.454590 0.235840 0.178711
1 0.835449 0.498535 0.196289 0.291992
1 0.903076 0.635742 0.187988 0.583984
1 0.491455 0.412598 0.013184 0.053711
1 0.472168 0.405762 0.032227 0.065430
1 0.465820 0.420898 0.036133 0.070312
1 0.396973 0.445312 0.039062 0.123047
1 0.294678 0.402832 0.183105 0.334961
1 0.165527 0.523438 0.208984 0.298828
1 0.049316 0.559570 0.092773 0.416016