0 0.329590 0.386230 0.009766 0.016602
0 0.775635 0.409668 0.030762 0.145508
0 0.848145 0.404297 0.035156 0.207031
0 0.806885 0.412598 0.032715 0.155273
0 0.812988 0.414551 0.014648 0.049805
1 0.348633 0.438965 0.044922 0.090820
1 0.297363 0.446289 0.081055 0.113281
1 0.211182 0.473145 0.111816 0.166992
1 0.091064 0.503418 0.171387 0.225586
1 0.019775 0.549805 0.033691 0.236328
1 0.500000 0.461426 0.121094 0.184570
1 0.631592 0.416992 0.088379 0.156250
1 0.714111 0.455078 0.130371 0.173828
1 0.964111 0.605469 0.065918 0.439453