0 0.686279 0.400391 0.007324 0.035156
0 0.720947 0.399902 0.021973 0.118164
1 0.193115 0.411621 0.064941 0.069336
1 0.391113 0.405273 0.014648 0.033203
1 0.389160 0.408691 0.008789 0.032227
1 0.381104 0.408691 0.014160 0.036133
1 0.371826 0.409668 0.014160 0.038086
1 0.352295 0.411133 0.033691 0.046875
1 0.430420 0.383789 0.018066 0.023438
1 0.419922 0.416504 0.048828 0.067383
1 0.530029 0.396973 0.009277 0.014648
1 0.549561 0.387695 0.016113 0.052734
1 0.559082 0.404785 0.008789 0.032227
1 0.562012 0.406250 0.006836 0.033203
1 0.574951 0.401367 0.028809 0.050781
1 0.580811 0.408691 0.032715 0.047852
2 0.681152 0.405273 0.013672 0.027344