0 0.165771 0.334961 0.024902 0.044922
1 0.478760 0.409180 0.022949 0.031250
1 0.432861 0.408203 0.056152 0.041016
1 0.418945 0.430664 0.016602 0.037109
1 0.302246 0.384277 0.220703 0.188477
1 0.310303 0.427246 0.078613 0.116211
1 0.253662 0.423340 0.152832 0.157227
1 0.202148 0.436035 0.158203 0.176758
1 0.115234 0.448730 0.224609 0.252930
1 0.578857 0.425781 0.034668 0.076172
1 0.589600 0.429199 0.017090 0.077148
1 0.619141 0.431152 0.063477 0.108398
1 0.656982 0.453613 0.090332 0.131836
1 0.836914 0.520508 0.244141 0.310547
1 0.942871 0.671387 0.108398 0.415039