1 0.463379 0.402344 0.017578 0.029297
1 0.436523 0.402832 0.015625 0.028320
1 0.433105 0.403809 0.011719 0.026367
1 0.423096 0.406738 0.013184 0.032227
1 0.416748 0.408691 0.011230 0.034180
1 0.403564 0.405273 0.022949 0.041016
1 0.396973 0.410645 0.025391 0.040039
1 0.377197 0.414062 0.027832 0.044922
1 0.348389 0.417480 0.039551 0.053711
1 0.311035 0.420898 0.037109 0.074219
1 0.275879 0.422363 0.050781 0.092773
1 0.226562 0.429688 0.071289 0.113281
1 0.169434 0.440918 0.075195 0.125977
1 0.083008 0.451660 0.130859 0.155273
1 0.015625 0.395508 0.025391 0.318359
1 0.599365 0.409180 0.013184 0.041016
1 0.608887 0.412598 0.028320 0.047852
1 0.641113 0.405762 0.041016 0.081055
1 0.651123 0.418457 0.039551 0.071289
1 0.665527 0.423340 0.036133 0.083008
1 0.697754 0.424805 0.057617 0.103516
1 0.733643 0.431641 0.079590 0.117188
1 0.784668 0.444336 0.093750 0.136719
1 0.842529 0.459473 0.097168 0.188477
1 0.937256 0.456543 0.119629 0.372070
3 0.341553 0.436523 0.020996 0.062500