0 0.595947 0.400879 0.009277 0.079102
0 0.508789 0.402832 0.010742 0.051758
0 0.529053 0.403320 0.009277 0.050781
0 0.540771 0.408203 0.010254 0.041016
0 0.677002 0.418945 0.036621 0.160156
0 0.205078 0.373535 0.007812 0.030273
0 0.024658 0.391113 0.043457 0.040039
1 0.508789 0.397461 0.013672 0.023438
1 0.365234 0.405273 0.013672 0.041016
1 0.329834 0.421875 0.065918 0.111328
1 0.402588 0.440430 0.092285 0.119141
1 0.274414 0.441895 0.075195 0.129883
1 0.197754 0.471680 0.137695 0.167969
1 0.069092 0.524902 0.132324 0.237305
2 0.563965 0.418457 0.009766 0.041992
2 0.576904 0.416016 0.009277 0.046875
2 0.126953 0.435059 0.030273 0.067383