1 0.541748 0.398926 0.024902 0.049805
1 0.543213 0.407227 0.018066 0.054688
1 0.553711 0.405273 0.019531 0.066406
1 0.563721 0.410156 0.031738 0.080078
1 0.582520 0.422363 0.041016 0.112305
1 0.655762 0.430664 0.136719 0.222656
1 0.815918 0.500977 0.213867 0.343750
1 0.902344 0.572754 0.189453 0.502930
1 0.472412 0.395020 0.006348 0.024414
1 0.461670 0.398926 0.007324 0.032227
1 0.427246 0.388184 0.040039 0.086914
1 0.429688 0.410156 0.011719 0.052734
1 0.416260 0.399414 0.029785 0.041016
1 0.387207 0.416016 0.045898 0.076172
1 0.316406 0.446289 0.091797 0.125000
1 0.133301 0.521484 0.166016 0.267578
1 0.036621 0.510254 0.067383 0.438477
2 0.481934 0.410645 0.012695 0.041992