1 0.491455 0.402344 0.016113 0.029297
1 0.596680 0.413086 0.016602 0.031250
1 0.615234 0.401855 0.039062 0.040039
1 0.601074 0.428711 0.039062 0.078125
1 0.610840 0.427734 0.020508 0.076172
1 0.632080 0.449219 0.062012 0.136719
1 0.685547 0.468262 0.108398 0.190430
1 0.469482 0.414551 0.011230 0.026367
1 0.465820 0.416504 0.006836 0.028320
1 0.455566 0.418457 0.016602 0.034180
1 0.428223 0.418457 0.051758 0.043945
1 0.393066 0.424316 0.030273 0.057617
1 0.381592 0.428711 0.024902 0.062500
1 0.367432 0.429688 0.026855 0.072266
1 0.511963 0.410156 0.014160 0.025391
1 0.344482 0.429688 0.035645 0.087891
1 0.309814 0.434082 0.057129 0.110352
2 0.204346 0.437012 0.018066 0.049805