0 0.359863 0.450195 0.050781 0.152344
0 0.406982 0.430176 0.026855 0.184570
1 0.439209 0.392578 0.034668 0.070312
1 0.434814 0.397949 0.031738 0.063477
1 0.433105 0.409180 0.030273 0.054688
1 0.408203 0.422363 0.040039 0.094727
1 0.361572 0.387695 0.056152 0.037109
1 0.317871 0.437500 0.206055 0.279297
1 0.128418 0.521973 0.250977 0.393555
1 0.519775 0.404297 0.017090 0.042969
1 0.543701 0.402344 0.036621 0.064453
1 0.586914 0.418457 0.041016 0.124023
1 0.612305 0.425293 0.051758 0.153320
1 0.681885 0.435059 0.149902 0.213867
1 0.860107 0.547852 0.273926 0.546875