1 0.521973 0.422363 0.022461 0.034180
1 0.588379 0.424805 0.018555 0.078125
1 0.619385 0.421387 0.066895 0.110352
1 0.687256 0.444824 0.097168 0.149414
1 0.814209 0.497070 0.218262 0.310547
1 0.916016 0.614746 0.162109 0.553711
1 0.444336 0.430664 0.021484 0.031250
1 0.419922 0.426270 0.028320 0.045898
1 0.393066 0.431152 0.031250 0.061523
1 0.379639 0.435547 0.034668 0.066406
1 0.349609 0.436523 0.041016 0.105469
1 0.286865 0.439941 0.097168 0.143555
1 0.106934 0.497559 0.160156 0.215820
1 0.037598 0.526367 0.069336 0.250000