0 0.580811 0.411133 0.008301 0.017578
0 0.570312 0.409180 0.005859 0.021484
0 0.772949 0.460938 0.070312 0.328125
1 0.460938 0.428711 0.006836 0.009766
1 0.455566 0.430664 0.008789 0.027344
1 0.412354 0.466797 0.049316 0.113281
1 0.395996 0.479492 0.042969 0.123047
1 0.373779 0.482910 0.037598 0.135742
1 0.291992 0.504395 0.168945 0.215820
1 0.494385 0.487305 0.098145 0.144531
1 0.621582 0.441406 0.052734 0.072266
1 0.886719 0.400879 0.031250 0.026367
1 0.828369 0.406250 0.033691 0.025391
1 0.779785 0.422363 0.081055 0.059570
1 0.702637 0.422852 0.083008 0.070312
1 0.860107 0.419434 0.051270 0.051758
1 0.993164 0.387695 0.007812 0.015625
1 0.937500 0.417969 0.119141 0.089844
2 0.556152 0.441895 0.006836 0.032227
2 0.569092 0.453613 0.010254 0.041992