0 0.860107 0.365234 0.014160 0.091797
0 0.854004 0.386230 0.012695 0.071289
0 0.868164 0.375000 0.017578 0.070312
0 0.808594 0.371582 0.017578 0.090820
0 0.837402 0.372559 0.017578 0.092773
0 0.821045 0.363770 0.023926 0.086914
0 0.768311 0.370117 0.012207 0.066406
0 0.782227 0.370117 0.017578 0.072266
0 0.754395 0.375977 0.017578 0.099609
0 0.349121 0.374512 0.008789 0.020508
1 0.892334 0.361816 0.036621 0.034180
1 0.809082 0.361816 0.040039 0.016602
1 0.510254 0.391113 0.009766 0.028320
1 0.397217 0.421875 0.025879 0.158203
1 0.451416 0.450684 0.132324 0.231445
2 0.696777 0.403320 0.016602 0.056641
2 0.722900 0.398926 0.024902 0.057617