0 0.307861 0.380859 0.011230 0.044922
0 0.339844 0.409668 0.041992 0.221680
1 0.524658 0.389648 0.019043 0.013672
1 0.578613 0.405273 0.021484 0.048828
1 0.589600 0.409180 0.021973 0.060547
1 0.594482 0.411133 0.014160 0.062500
1 0.602051 0.411621 0.023438 0.077148
1 0.625244 0.413574 0.057129 0.092773
1 0.653320 0.432617 0.043945 0.119141
1 0.688232 0.441406 0.074707 0.162109
1 0.748779 0.459961 0.129395 0.212891
1 0.871338 0.511230 0.251465 0.301758
1 0.959473 0.617676 0.075195 0.325195
1 0.052002 0.379395 0.026855 0.022461
1 0.024170 0.377441 0.042480 0.026367
2 0.376465 0.388672 0.004883 0.009766