1 0.463379 0.410645 0.011719 0.020508
1 0.441406 0.414062 0.011719 0.021484
1 0.435547 0.415527 0.006836 0.022461
1 0.425537 0.414551 0.016113 0.030273
1 0.414307 0.420410 0.008301 0.028320
1 0.404053 0.419434 0.018066 0.032227
1 0.394287 0.423828 0.018066 0.031250
1 0.376221 0.425781 0.024902 0.033203
1 0.257080 0.445801 0.041504 0.063477
1 0.221191 0.452637 0.053711 0.075195
1 0.315674 0.443848 0.080566 0.112305
1 0.162842 0.462402 0.086426 0.088867
1 0.048340 0.480469 0.090820 0.125000
1 0.531494 0.408691 0.010254 0.016602
1 0.544922 0.407227 0.016602 0.033203
1 0.548096 0.409180 0.011230 0.027344
1 0.552734 0.415039 0.007812 0.042969
1 0.565674 0.412109 0.027832 0.056641
1 0.581299 0.416992 0.021973 0.068359
1 0.592529 0.426758 0.029785 0.095703
1 0.621094 0.426758 0.056641 0.117188
1 0.644775 0.432617 0.056152 0.136719
1 0.706787 0.454102 0.116699 0.224609
1 0.832520 0.487305 0.244141 0.347656
1 0.922363 0.559570 0.149414 0.500000
2 0.108643 0.457031 0.027832 0.054688