0 0.848145 0.395508 0.032227 0.154297
0 0.935059 0.393066 0.024414 0.141602
0 0.913086 0.391602 0.021484 0.146484
0 0.527588 0.402344 0.009277 0.046875
0 0.417236 0.404785 0.009277 0.024414
0 0.398682 0.410156 0.016113 0.101562
0 0.382812 0.409180 0.019531 0.111328
0 0.342529 0.410645 0.018066 0.106445
0 0.358154 0.413574 0.018066 0.102539
0 0.188965 0.430176 0.029297 0.184570
1 0.617676 0.399902 0.016602 0.024414
1 0.521240 0.411621 0.017090 0.055664
1 0.501465 0.412109 0.033203 0.068359
1 0.498291 0.417480 0.024902 0.065430
1 0.471191 0.416504 0.044922 0.084961
1 0.448486 0.429688 0.072754 0.097656
2 0.984375 0.408691 0.023438 0.065430