1 0.412842 0.408203 0.021973 0.039062
1 0.399902 0.410645 0.013672 0.043945
1 0.346191 0.406738 0.049805 0.083008
1 0.287842 0.389160 0.030762 0.010742
1 0.305176 0.426270 0.045898 0.075195
1 0.254150 0.437500 0.079590 0.099609
1 0.145752 0.456543 0.117676 0.147461
1 0.369873 0.424316 0.062988 0.090820
1 0.523682 0.397949 0.016113 0.030273
1 0.502686 0.407227 0.034668 0.056641
1 0.567627 0.409180 0.021973 0.048828
1 0.582764 0.410645 0.022949 0.061523
1 0.590576 0.419434 0.030762 0.079102
1 0.621338 0.424805 0.062988 0.089844
1 0.670898 0.445312 0.053711 0.140625
1 0.730469 0.458008 0.129883 0.175781
1 0.885010 0.485352 0.224121 0.457031
2 0.069824 0.434082 0.055664 0.083008