0 0.220215 0.431641 0.043945 0.189453
0 0.261719 0.443359 0.041992 0.173828
1 0.483643 0.409180 0.015137 0.041016
1 0.476318 0.410645 0.016113 0.043945
1 0.463379 0.414551 0.027344 0.053711
1 0.461914 0.422363 0.014648 0.061523
1 0.453857 0.423828 0.016113 0.068359
1 0.405029 0.388672 0.089355 0.203125
1 0.901367 0.528809 0.191406 0.459961
1 0.536377 0.399902 0.008301 0.020508
1 0.571777 0.410156 0.023438 0.062500
1 0.583984 0.413574 0.018555 0.073242
1 0.602051 0.415527 0.041992 0.090820
1 0.604248 0.422363 0.024902 0.090820
1 0.647461 0.428223 0.093750 0.139648