0 0.696777 0.368652 0.014648 0.024414
0 0.716797 0.387695 0.020508 0.066406
1 0.498291 0.385742 0.008301 0.011719
1 0.506348 0.387695 0.008789 0.011719
1 0.434570 0.413086 0.029297 0.070312
1 0.418457 0.421387 0.031250 0.083008
1 0.404053 0.427734 0.027832 0.103516
1 0.381348 0.435059 0.050781 0.129883
1 0.341064 0.450684 0.075684 0.159180
1 0.239502 0.480469 0.179199 0.246094
1 0.052734 0.641113 0.099609 0.348633
1 0.574463 0.408203 0.035645 0.064453
1 0.609619 0.420410 0.055176 0.104492
1 0.666016 0.452148 0.121094 0.162109
2 0.121094 0.431152 0.074219 0.092773