0 0.514160 0.406738 0.008789 0.049805
0 0.523193 0.403809 0.008301 0.057617
0 0.537109 0.403809 0.006836 0.057617
0 0.731934 0.391602 0.014648 0.048828
0 0.295898 0.383789 0.007812 0.021484
0 0.287598 0.386230 0.004883 0.024414
0 0.250732 0.452148 0.045410 0.269531
1 0.615967 0.413086 0.074707 0.089844
1 0.699463 0.419922 0.101074 0.111328
1 0.404785 0.415039 0.038086 0.046875
2 0.317871 0.418457 0.015625 0.049805
2 0.179443 0.412109 0.017090 0.041016
2 0.469238 0.423340 0.007812 0.026367
3 0.212891 0.438965 0.026367 0.061523
3 0.245850 0.447266 0.076660 0.076172