1 0.467773 0.403320 0.036133 0.039062
1 0.465088 0.411621 0.030762 0.045898
1 0.465576 0.416016 0.021973 0.042969
1 0.456787 0.417969 0.013184 0.048828
1 0.427979 0.405273 0.047363 0.126953
1 0.336426 0.390137 0.196289 0.166992
1 0.340576 0.390137 0.173340 0.180664
1 0.350342 0.432617 0.035645 0.105469
1 0.296631 0.390625 0.092285 0.041016
1 0.289062 0.440430 0.141602 0.134766
1 0.185303 0.437012 0.086426 0.176758
1 0.132080 0.451172 0.153809 0.208984
1 0.090820 0.479492 0.164062 0.259766
1 0.020264 0.477051 0.034668 0.297852
1 0.592041 0.420410 0.014160 0.043945
1 0.604492 0.421875 0.030273 0.046875
1 0.690674 0.397949 0.091309 0.186523
1 0.859619 0.476074 0.186035 0.239258