0 0.484863 0.333008 0.005859 0.019531
1 0.593750 0.305176 0.012695 0.018555
1 0.509277 0.334473 0.015625 0.026367
1 0.382812 0.340332 0.014648 0.026367
1 0.375000 0.346191 0.021484 0.030273
1 0.400391 0.348145 0.017578 0.026367
1 0.454590 0.354004 0.021484 0.034180
1 0.414062 0.363770 0.016602 0.012695
1 0.405762 0.373535 0.017578 0.024414
1 0.396729 0.388184 0.022949 0.043945
1 0.372070 0.382324 0.032227 0.034180
1 0.353027 0.400391 0.024414 0.044922
1 0.434570 0.362793 0.024414 0.036133
1 0.425293 0.396484 0.032227 0.050781
1 0.487305 0.358887 0.021484 0.032227
3 0.374023 0.424316 0.027344 0.063477
3 0.152344 0.454590 0.073242 0.084961