0 0.607178 0.425781 0.009277 0.054688
1 0.548828 0.430664 0.013672 0.017578
1 0.534668 0.431152 0.015625 0.020508
1 0.505859 0.431152 0.016602 0.024414
1 0.454346 0.433594 0.011230 0.027344
1 0.460938 0.432129 0.005859 0.034180
1 0.477051 0.431641 0.031250 0.052734
1 0.400635 0.435059 0.032715 0.041992
1 0.433594 0.431641 0.033203 0.056641
1 0.361572 0.437988 0.040527 0.057617
1 0.303223 0.449219 0.048828 0.064453
1 0.253662 0.457031 0.056152 0.089844
1 0.195312 0.463867 0.091797 0.111328
1 0.120117 0.482422 0.091797 0.119141
1 0.042725 0.491699 0.079590 0.168945
1 0.802246 0.417480 0.064453 0.069336