0 0.239990 0.416992 0.009277 0.097656
0 0.242920 0.427734 0.010254 0.076172
0 0.756348 0.431152 0.028320 0.151367
0 0.850098 0.424316 0.031250 0.170898
0 0.892334 0.422852 0.031738 0.179688
1 0.559570 0.388672 0.010742 0.031250
1 0.543945 0.385254 0.020508 0.045898
1 0.532471 0.392090 0.026855 0.038086
1 0.469238 0.407227 0.048828 0.062500
1 0.653564 0.387207 0.014160 0.028320
1 0.660645 0.386719 0.015625 0.029297
1 0.670654 0.387207 0.011230 0.032227
1 0.680420 0.388672 0.019043 0.037109
1 0.695312 0.379395 0.023438 0.016602
1 0.708008 0.454590 0.094727 0.133789
1 0.974854 0.727539 0.044434 0.337891
2 0.333252 0.414062 0.013184 0.035156
2 0.290527 0.410156 0.017578 0.044922