0 0.667480 0.380859 0.008789 0.060547
0 0.692139 0.386719 0.011230 0.074219
1 0.500732 0.360352 0.009277 0.023438
1 0.516846 0.360352 0.024902 0.056641
1 0.556152 0.369629 0.015625 0.024414
1 0.579102 0.374023 0.016602 0.031250
1 0.586670 0.377441 0.020996 0.034180
1 0.598633 0.381348 0.015625 0.034180
1 0.613770 0.384766 0.025391 0.042969
1 0.793701 0.420898 0.124512 0.128906
1 0.891357 0.506836 0.211426 0.328125
1 0.269287 0.395508 0.054199 0.068359
1 0.177979 0.438477 0.130371 0.162109
1 0.180664 0.465820 0.064453 0.160156
1 0.096680 0.462402 0.187500 0.239258
1 0.033203 0.509277 0.060547 0.163086