0 0.177979 0.391602 0.030762 0.109375
0 0.479736 0.427246 0.035645 0.155273
0 0.466064 0.424316 0.038574 0.163086
0 0.503906 0.423828 0.033203 0.175781
0 0.535400 0.414551 0.029785 0.182617
1 0.290527 0.405762 0.034180 0.028320
1 0.267334 0.405762 0.021973 0.028320
1 0.207275 0.397461 0.014160 0.017578
1 0.174805 0.412109 0.056641 0.066406
1 0.229248 0.417969 0.066895 0.070312
1 0.109375 0.424805 0.078125 0.089844
1 0.444824 0.408203 0.019531 0.029297
1 0.404297 0.411133 0.008789 0.029297
1 0.420166 0.411621 0.030762 0.038086
1 0.388184 0.407715 0.025391 0.043945
1 0.378418 0.414062 0.017578 0.037109
1 0.361572 0.414062 0.027832 0.037109
1 0.332275 0.405762 0.024902 0.020508
1 0.582275 0.393555 0.014160 0.015625