0 0.601074 0.440918 0.007812 0.038086
0 0.990479 0.436523 0.013184 0.140625
1 0.501465 0.438477 0.013672 0.013672
1 0.491455 0.458008 0.022949 0.050781
1 0.476562 0.461426 0.026367 0.053711
1 0.442383 0.471680 0.062500 0.087891
1 0.377197 0.485352 0.057129 0.097656
1 0.286865 0.509766 0.157715 0.175781
1 0.106689 0.555664 0.207520 0.263672
1 0.527100 0.463867 0.061035 0.083984
1 0.623047 0.452637 0.021484 0.057617
1 0.635498 0.453613 0.020996 0.069336
1 0.645264 0.433105 0.015137 0.032227
1 0.649658 0.463379 0.027832 0.108398
1 0.673096 0.475098 0.060059 0.145508
1 0.713379 0.492188 0.082031 0.193359
1 0.825684 0.528809 0.226562 0.313477
2 0.395020 0.496094 0.024414 0.126953