0 0.202148 0.431152 0.042969 0.168945
0 0.541260 0.345215 0.009277 0.010742
0 0.511475 0.353027 0.013184 0.026367
0 0.570312 0.461914 0.062500 0.306641
1 0.748779 0.311523 0.024902 0.025391
1 0.836426 0.306641 0.039062 0.031250
1 0.845947 0.324219 0.052246 0.013672
1 0.712158 0.331543 0.030762 0.032227
1 0.698975 0.335938 0.029785 0.027344
1 0.314453 0.418457 0.133789 0.114258
1 0.027344 0.379883 0.048828 0.119141
1 0.746582 0.338379 0.030273 0.034180
1 0.876709 0.305176 0.026855 0.028320
1 0.909912 0.306641 0.078613 0.052734
1 0.641113 0.339844 0.036133 0.009766
1 0.621338 0.361816 0.044434 0.041992
1 0.664062 0.376953 0.072266 0.080078
1 0.484619 0.367188 0.045410 0.050781
1 0.408203 0.427246 0.156250 0.131836
1 0.535889 0.431641 0.206543 0.162109
1 0.811768 0.396973 0.120605 0.106445