1 0.507324 0.401367 0.017578 0.015625
1 0.470215 0.395020 0.014648 0.012695
1 0.475098 0.411621 0.009766 0.026367
1 0.465332 0.413086 0.013672 0.035156
1 0.459473 0.416504 0.011719 0.036133
1 0.448242 0.417969 0.021484 0.044922
1 0.435547 0.420898 0.033203 0.046875
1 0.259521 0.393555 0.025879 0.011719
1 0.367432 0.440918 0.034668 0.098633
1 0.322998 0.440918 0.068848 0.135742
1 0.288086 0.463379 0.070312 0.139648
1 0.208008 0.484375 0.145508 0.175781
1 0.037354 0.564453 0.068848 0.267578
1 0.521484 0.396484 0.005859 0.011719
1 0.533203 0.411621 0.026367 0.047852
1 0.561035 0.410645 0.018555 0.045898
1 0.562744 0.416504 0.015137 0.051758
1 0.584473 0.416016 0.035156 0.070312
1 0.631836 0.424316 0.066406 0.135742
1 0.645508 0.440918 0.050781 0.155273
1 0.702637 0.456055 0.132812 0.187500