0 0.550049 0.378418 0.006348 0.045898
0 0.561768 0.376465 0.014160 0.073242
0 0.593506 0.372559 0.008301 0.043945
0 0.610840 0.375000 0.006836 0.054688
0 0.603027 0.380859 0.013672 0.072266
0 0.618408 0.380371 0.015137 0.071289
0 0.659912 0.388184 0.010254 0.088867
0 0.645264 0.390137 0.021973 0.151367
0 0.686035 0.394043 0.016602 0.100586
0 0.669189 0.398438 0.023926 0.128906
0 0.727539 0.375977 0.014648 0.128906
0 0.709473 0.381836 0.024414 0.123047
0 0.744385 0.395508 0.037598 0.201172
0 0.806152 0.390625 0.025391 0.185547
0 0.790039 0.393066 0.041016 0.194336
1 0.459717 0.397949 0.022949 0.055664
1 0.441406 0.398926 0.026367 0.077148
1 0.430908 0.405273 0.016113 0.087891
1 0.401123 0.401855 0.062012 0.120117
1 0.374512 0.420410 0.064453 0.131836
1 0.335693 0.442383 0.080566 0.179688
1 0.277588 0.469727 0.119629 0.246094
1 0.137939 0.501953 0.270020 0.441406
1 0.017334 0.676270 0.028809 0.311523
1 0.514404 0.400391 0.069824 0.117188