0 0.303711 0.409180 0.014648 0.142578
0 0.316162 0.407715 0.031738 0.149414
1 0.503174 0.393066 0.015137 0.020508
1 0.488525 0.392090 0.016113 0.026367
1 0.531494 0.388672 0.022949 0.031250
1 0.561035 0.390625 0.009766 0.025391
1 0.575684 0.387695 0.021484 0.074219
1 0.579346 0.397461 0.013184 0.066406
1 0.602539 0.393066 0.050781 0.098633
1 0.626465 0.414062 0.052734 0.126953
1 0.659180 0.423828 0.062500 0.160156
1 0.733887 0.437988 0.116211 0.264648
1 0.870361 0.475586 0.253418 0.433594
1 0.420166 0.385254 0.019043 0.016602
1 0.419678 0.394531 0.019043 0.033203
1 0.366455 0.405762 0.040527 0.073242
1 0.347900 0.411133 0.046387 0.076172
1 0.272217 0.409180 0.077637 0.142578
1 0.224854 0.431641 0.100098 0.144531
1 0.140137 0.465332 0.176758 0.178711
1 0.479004 0.390625 0.007812 0.023438
1 0.450684 0.400391 0.058594 0.091797
2 0.408447 0.403809 0.023926 0.045898
2 0.396973 0.401367 0.030273 0.046875