0 0.543213 0.436035 0.006348 0.022461
0 0.555176 0.427734 0.011719 0.056641
0 0.521240 0.430176 0.005371 0.032227
0 0.571777 0.423340 0.007812 0.055664
0 0.565918 0.425293 0.011719 0.063477
0 0.358154 0.407227 0.008301 0.023438
0 0.364502 0.405273 0.008301 0.029297
0 0.387695 0.407227 0.009766 0.033203
0 0.400391 0.413574 0.007812 0.026367
0 0.451904 0.416992 0.008301 0.050781
0 0.783936 0.444336 0.014160 0.138672
0 0.831299 0.464844 0.031738 0.109375
0 0.126953 0.415527 0.034180 0.309570
0 0.058350 0.539551 0.012207 0.057617
0 0.110107 0.486816 0.042480 0.424805
0 0.213135 0.439453 0.036621 0.283203
0 0.247314 0.441406 0.073730 0.333984
0 0.176025 0.458496 0.060059 0.315430
0 0.085938 0.492188 0.057617 0.597656
1 0.483887 0.423340 0.063477 0.065430
1 0.610352 0.434082 0.044922 0.081055
1 0.697754 0.463379 0.168945 0.342773
2 0.416992 0.440918 0.008789 0.051758
2 0.425537 0.437012 0.015137 0.059570
2 0.442871 0.441895 0.016602 0.055664
2 0.898193 0.553711 0.086426 0.220703