1 0.433838 0.415527 0.018066 0.045898
1 0.410156 0.441406 0.061523 0.093750
1 0.473633 0.404785 0.009766 0.018555
1 0.545166 0.393066 0.007324 0.014648
1 0.558594 0.399414 0.024414 0.037109
1 0.525879 0.415527 0.040039 0.067383
1 0.576660 0.416016 0.020508 0.074219
1 0.583496 0.419434 0.015625 0.083008
1 0.607422 0.423828 0.044922 0.115234
1 0.599365 0.428711 0.018066 0.101562
1 0.638916 0.432617 0.089355 0.148438
1 0.744141 0.390137 0.031250 0.036133
1 0.006104 0.573242 0.006348 0.158203
2 0.351074 0.446777 0.046875 0.053711
2 0.488525 0.412109 0.006348 0.023438
2 0.949951 0.401855 0.026855 0.065430