0 0.607422 0.429199 0.004883 0.026367
0 0.614502 0.426270 0.007324 0.022461
0 0.664062 0.415039 0.007812 0.058594
0 0.656250 0.422363 0.011719 0.057617
0 0.675537 0.413086 0.019043 0.083984
0 0.687988 0.411133 0.020508 0.083984
0 0.735840 0.408203 0.017578 0.083984
0 0.761230 0.411133 0.015625 0.099609
0 0.772217 0.409180 0.020020 0.103516
0 0.791016 0.412109 0.018555 0.099609
0 0.805176 0.410645 0.029297 0.125977
0 0.829346 0.414062 0.027832 0.121094
0 0.856689 0.427734 0.023926 0.125000
0 0.875977 0.417480 0.025391 0.129883
0 0.992432 0.432129 0.009277 0.127930
0 0.541504 0.414062 0.011719 0.070312
0 0.503174 0.415527 0.020020 0.069336
0 0.461182 0.419434 0.005371 0.022461
0 0.445068 0.423828 0.005371 0.027344
0 0.431396 0.423828 0.007324 0.035156
0 0.420410 0.413086 0.018555 0.105469
0 0.361084 0.399902 0.016113 0.102539
0 0.379883 0.416016 0.036133 0.205078
0 0.268555 0.320801 0.017578 0.045898
0 0.292969 0.400879 0.040039 0.198242
0 0.282715 0.478027 0.005859 0.032227
0 0.102783 0.404785 0.041504 0.293945
0 0.643555 0.410156 0.013672 0.082031
0 0.453613 0.426758 0.004883 0.033203
0 0.448975 0.427734 0.005371 0.029297
1 0.547852 0.432617 0.020508 0.029297
1 0.528564 0.421387 0.025879 0.051758
2 0.248291 0.447266 0.074707 0.197266
3 0.716309 0.439453 0.012695 0.025391