0 0.190918 0.410156 0.012695 0.044922
0 0.233643 0.405273 0.013184 0.039062
0 0.509277 0.448242 0.084961 0.345703
1 0.443604 0.400391 0.049316 0.054688
1 0.683594 0.330566 0.020508 0.028320
1 0.175049 0.417480 0.022949 0.036133
1 0.770508 0.385742 0.032227 0.041016
1 0.712402 0.342773 0.018555 0.029297
1 0.698975 0.401855 0.058105 0.081055
1 0.802002 0.384277 0.034668 0.049805
2 0.787598 0.394531 0.036133 0.056641
2 0.058594 0.674805 0.111328 0.515625
2 0.869873 0.407227 0.037598 0.044922
2 0.822754 0.398926 0.018555 0.059570