0 0.241455 0.371582 0.006348 0.030273
0 0.263672 0.370605 0.006836 0.036133
0 0.269287 0.374512 0.006348 0.030273
0 0.278809 0.371582 0.006836 0.036133
0 0.220215 0.377930 0.012695 0.072266
0 0.198242 0.381348 0.007812 0.063477
0 0.205078 0.380371 0.013672 0.077148
0 0.119629 0.392090 0.010742 0.047852
0 0.130859 0.394043 0.015625 0.051758
0 0.067139 0.412109 0.028809 0.126953
0 0.463135 0.372559 0.005371 0.036133
0 0.458252 0.370117 0.008301 0.042969
0 0.564453 0.398926 0.017578 0.098633
0 0.589600 0.395508 0.014160 0.107422
0 0.578857 0.399902 0.023926 0.106445
0 0.833252 0.360352 0.014160 0.025391
0 0.848877 0.366211 0.019043 0.027344
2 0.505127 0.388672 0.014160 0.041016
2 0.520752 0.399902 0.013184 0.053711