0 0.398926 0.366699 0.009766 0.016602
0 0.452393 0.391602 0.016113 0.062500
0 0.540039 0.365234 0.007812 0.033203
0 0.597656 0.374023 0.011719 0.050781
0 0.655518 0.417969 0.020996 0.080078
0 0.637207 0.400879 0.022461 0.125977
0 0.619385 0.409180 0.026855 0.136719
0 0.617188 0.353027 0.016602 0.043945
0 0.552002 0.361816 0.007324 0.018555
1 0.525146 0.353027 0.018066 0.022461
1 0.431152 0.407227 0.021484 0.062500
1 0.509033 0.374512 0.021973 0.036133
1 0.512451 0.379395 0.022949 0.040039
1 0.568604 0.398438 0.037598 0.066406
1 0.557373 0.410645 0.047363 0.077148
1 0.365234 0.427734 0.069336 0.123047
1 0.326172 0.448730 0.096680 0.145508
1 0.223145 0.468750 0.171875 0.261719