0 0.006104 0.400391 0.006348 0.041016
0 0.017334 0.397461 0.011230 0.042969
0 0.123535 0.403320 0.013672 0.095703
0 0.113037 0.408203 0.022949 0.109375
0 0.138184 0.421875 0.015625 0.150391
0 0.621582 0.394531 0.011719 0.072266
0 0.268066 0.392090 0.007812 0.024414
0 0.277832 0.425293 0.018555 0.120117
0 0.258057 0.424316 0.017090 0.124023
0 0.330811 0.382812 0.007324 0.041016
0 0.930908 0.392090 0.020996 0.041992
0 0.983154 0.394043 0.027832 0.045898
0 0.846191 0.380371 0.013672 0.036133
0 0.766113 0.403320 0.019531 0.074219
0 0.792969 0.377441 0.018555 0.038086
0 0.903076 0.438477 0.052246 0.216797
1 0.070557 0.407715 0.023926 0.022461
1 0.660889 0.416016 0.070801 0.101562
2 0.243408 0.400879 0.016113 0.022461
2 0.327148 0.421387 0.019531 0.049805
2 0.339600 0.438965 0.020020 0.083008