0 0.481689 0.497070 0.007324 0.046875
0 0.496338 0.498535 0.007324 0.047852
0 0.491943 0.504883 0.016113 0.050781
0 0.637695 0.517090 0.014648 0.077148
0 0.650879 0.505859 0.008789 0.076172
0 0.677734 0.525391 0.017578 0.076172
0 0.628174 0.533691 0.065918 0.276367
0 0.591553 0.537109 0.037598 0.275391
0 0.545410 0.550293 0.050781 0.319336
0 0.455566 0.509277 0.038086 0.241211
0 0.426270 0.531738 0.048828 0.206055
0 0.411621 0.539551 0.041016 0.354492
0 0.364746 0.523926 0.055664 0.301758
0 0.418213 0.556152 0.059082 0.352539
0 0.300293 0.496582 0.050781 0.252930
0 0.299561 0.523926 0.053223 0.235352
0 0.330078 0.540527 0.055664 0.284180
0 0.707031 0.537598 0.043945 0.262695
0 0.263916 0.506348 0.030762 0.204102
0 0.207520 0.524902 0.066406 0.250977
0 0.126709 0.542480 0.070801 0.313477
0 0.064453 0.552246 0.078125 0.338867
0 0.027344 0.541992 0.048828 0.421875
0 0.871338 0.543457 0.053223 0.348633
0 0.851807 0.557129 0.070801 0.342773
0 0.954590 0.538086 0.028320 0.335938
0 0.931152 0.576660 0.040039 0.340820
0 0.953613 0.548828 0.061523 0.425781
1 0.517822 0.509277 0.015137 0.059570
1 0.549316 0.515137 0.067383 0.172852
1 0.440918 0.516602 0.086914 0.130859
2 0.658691 0.555664 0.036133 0.111328
2 0.765869 0.541992 0.021973 0.115234
2 0.752930 0.539551 0.029297 0.125977
2 0.927490 0.581543 0.106934 0.135742
2 0.985352 0.601074 0.023438 0.155273
2 0.990234 0.630859 0.013672 0.091797