0 0.100098 0.365723 0.021484 0.081055
0 0.145996 0.340332 0.007812 0.024414
0 0.015625 0.344727 0.013672 0.025391
0 0.544189 0.410645 0.006348 0.028320
0 0.212891 0.339355 0.011719 0.018555
0 0.395508 0.392578 0.009766 0.015625
0 0.384766 0.402344 0.010742 0.048828
0 0.349609 0.383301 0.018555 0.036133
0 0.450195 0.410645 0.007812 0.034180
0 0.552002 0.410645 0.005371 0.032227
0 0.556396 0.405762 0.007324 0.043945
0 0.562012 0.409180 0.008789 0.052734
0 0.572998 0.406738 0.010254 0.059570
0 0.584717 0.408691 0.009277 0.071289
0 0.604248 0.409180 0.039551 0.171875
0 0.630127 0.419434 0.014160 0.086914
0 0.645752 0.403809 0.016113 0.118164
0 0.686523 0.413086 0.030273 0.140625
0 0.733154 0.385742 0.021973 0.099609
0 0.724854 0.389648 0.017090 0.093750
0 0.711670 0.409180 0.027832 0.142578
0 0.751221 0.403320 0.014160 0.068359
1 0.050049 0.403809 0.038574 0.065430
1 0.496826 0.417969 0.091309 0.148438
1 0.317383 0.430176 0.143555 0.237305
1 0.192871 0.497559 0.245117 0.297852
1 0.065674 0.553223 0.125488 0.424805