0 0.199463 0.350098 0.008301 0.030273
0 0.278564 0.405762 0.022949 0.155273
0 0.273682 0.402832 0.031738 0.188477
0 0.248047 0.412109 0.036133 0.169922
0 0.295654 0.393555 0.021973 0.169922
0 0.306885 0.408691 0.020996 0.159180
0 0.327148 0.393555 0.021484 0.148438
0 0.339600 0.406250 0.028809 0.152344
0 0.364990 0.406250 0.022949 0.154297
0 0.551025 0.403809 0.007324 0.043945
0 0.554199 0.409180 0.007812 0.052734
0 0.562256 0.403320 0.013184 0.066406
0 0.586670 0.416992 0.034668 0.212891
0 0.614502 0.413574 0.019043 0.176758
0 0.620605 0.428223 0.036133 0.206055
0 0.418945 0.418457 0.034180 0.223633
0 0.386230 0.425781 0.062500 0.230469
0 0.460205 0.416992 0.071777 0.253906
0 0.139160 0.338867 0.006836 0.017578
0 0.147461 0.360840 0.007812 0.036133
0 0.175537 0.381836 0.018066 0.093750
0 0.157715 0.376465 0.014648 0.086914
0 0.132080 0.383789 0.010254 0.080078
0 0.193604 0.367188 0.022949 0.062500
0 0.215820 0.414551 0.046875 0.206055
0 0.059814 0.387695 0.021973 0.089844
0 0.036621 0.409180 0.035156 0.189453
0 0.017334 0.405273 0.028809 0.199219
0 0.731689 0.409180 0.028809 0.201172
0 0.709473 0.428711 0.043945 0.199219
0 0.800537 0.407715 0.039551 0.204102
0 0.774414 0.413086 0.032227 0.205078
0 0.782959 0.419434 0.038574 0.202148
0 0.831055 0.410645 0.024414 0.225586
0 0.896240 0.316406 0.020996 0.080078
0 0.911621 0.391113 0.024414 0.159180
0 0.879883 0.415039 0.038086 0.312500
0 0.900146 0.467285 0.039551 0.227539
0 0.858154 0.428711 0.057129 0.320312
0 0.973877 0.441895 0.046387 0.276367
1 0.506348 0.406738 0.055664 0.141602
1 0.448730 0.411621 0.093750 0.163086
2 0.564941 0.435547 0.010742 0.074219
2 0.170410 0.396973 0.021484 0.032227
2 0.086426 0.596680 0.133789 0.390625
2 0.652588 0.424805 0.016113 0.085938
2 0.641357 0.420898 0.022949 0.091797
2 0.726807 0.440430 0.075684 0.093750
2 0.944824 0.577637 0.104492 0.405273