0 0.517822 0.379883 0.006348 0.033203
0 0.742676 0.355957 0.009766 0.016602
0 0.600586 0.420410 0.029297 0.083008
1 0.384521 0.375977 0.025879 0.023438
1 0.391602 0.412109 0.029297 0.056641
1 0.378174 0.390137 0.016113 0.012695
1 0.385742 0.421875 0.026367 0.050781
1 0.371094 0.414551 0.014648 0.075195
1 0.322021 0.409180 0.103027 0.103516
1 0.280029 0.438477 0.047363 0.097656
1 0.198975 0.451172 0.154785 0.128906
1 0.072510 0.477051 0.112793 0.174805
1 0.033447 0.490723 0.027832 0.139648
1 0.015625 0.445312 0.025391 0.275391
1 0.618652 0.378418 0.043945 0.024414
1 0.625732 0.416504 0.042480 0.084961
1 0.657959 0.430176 0.052246 0.124023
1 0.699707 0.442383 0.081055 0.162109
1 0.786133 0.475586 0.177734 0.224609