0 0.640625 0.387695 0.004883 0.021484
0 0.635254 0.396484 0.008789 0.023438
0 0.646484 0.380859 0.004883 0.017578
0 0.648682 0.390625 0.007324 0.027344
0 0.664062 0.374023 0.005859 0.017578
0 0.655029 0.386719 0.006348 0.019531
0 0.662598 0.384766 0.006836 0.017578
0 0.659180 0.426270 0.012695 0.088867
0 0.686035 0.420410 0.008789 0.069336
0 0.695801 0.420410 0.013672 0.067383
0 0.713867 0.423828 0.020508 0.083984
0 0.674316 0.441895 0.028320 0.137695
0 0.656006 0.472656 0.017090 0.078125
0 0.645752 0.434570 0.013184 0.080078
0 0.589600 0.423828 0.014160 0.060547
0 0.534912 0.426270 0.007324 0.057617
0 0.165039 0.456055 0.009766 0.050781
0 0.155029 0.466309 0.018066 0.079102
0 0.198486 0.427734 0.013184 0.029297
0 0.199707 0.434082 0.010742 0.018555
0 0.205811 0.435547 0.005371 0.015625
0 0.182617 0.476074 0.024414 0.108398
0 0.241455 0.441406 0.008301 0.037109
0 0.250977 0.440918 0.011719 0.028320
0 0.160645 0.513184 0.033203 0.040039
0 0.262939 0.440918 0.019043 0.036133
0 0.288330 0.466797 0.034668 0.121094
0 0.359131 0.461914 0.011230 0.074219
0 0.378662 0.464844 0.018066 0.091797
0 0.347656 0.472168 0.023438 0.141602
0 0.512451 0.434082 0.011230 0.071289
0 0.524902 0.427734 0.016602 0.083984
0 0.498047 0.438965 0.023438 0.098633
0 0.027100 0.474609 0.048340 0.261719
0 0.111572 0.463379 0.025879 0.235352
0 0.133301 0.471680 0.041992 0.236328
0 0.076660 0.469727 0.038086 0.232422
0 0.072998 0.476562 0.050293 0.291016
0 0.842041 0.458984 0.061035 0.144531
0 0.937256 0.450195 0.049316 0.146484
0 0.970947 0.430176 0.025879 0.075195
0 0.404297 0.469238 0.044922 0.297852
1 0.006592 0.489746 0.007324 0.061523
1 0.050781 0.473145 0.011719 0.075195
1 0.634521 0.386230 0.021973 0.016602
1 0.609131 0.405273 0.009277 0.031250
1 0.625000 0.417969 0.028320 0.046875
1 0.580078 0.425781 0.015625 0.056641
1 0.556152 0.428711 0.043945 0.064453
2 0.215820 0.492188 0.079102 0.101562
2 0.225830 0.491211 0.079590 0.105469