0 0.823242 0.327637 0.007812 0.034180
1 0.564941 0.386719 0.033203 0.031250
1 0.520264 0.354980 0.044434 0.047852
1 0.540771 0.422852 0.066895 0.087891
1 0.350586 0.414551 0.030273 0.049805
1 0.357910 0.396484 0.022461 0.017578
1 0.332520 0.454102 0.044922 0.142578
1 0.226074 0.447754 0.175781 0.258789
1 0.119873 0.534180 0.233887 0.310547
1 0.437012 0.473145 0.185547 0.299805
1 0.742676 0.433594 0.080078 0.146484
1 0.641846 0.449219 0.159668 0.248047
1 0.847168 0.466309 0.158203 0.266602
1 0.928223 0.520020 0.137695 0.444336
2 0.783447 0.383301 0.018066 0.051758