0 0.619385 0.410156 0.025879 0.171875
0 0.651123 0.410156 0.024902 0.171875
0 0.495117 0.398438 0.005859 0.041016
0 0.514404 0.398438 0.007324 0.068359
0 0.505859 0.396973 0.020508 0.077148
0 0.484863 0.401367 0.019531 0.074219
0 0.523193 0.395020 0.012207 0.081055
0 0.533447 0.397461 0.016113 0.087891
0 0.551025 0.399902 0.017090 0.098633
0 0.463623 0.395996 0.008301 0.051758
0 0.417725 0.391113 0.008301 0.047852
0 0.415527 0.398926 0.008789 0.057617
0 0.407715 0.396973 0.009766 0.061523
0 0.400146 0.381836 0.008301 0.031250
0 0.349121 0.408203 0.008789 0.076172
0 0.395508 0.381348 0.004883 0.026367
0 0.358154 0.399414 0.011230 0.111328
0 0.386963 0.398438 0.018066 0.115234
0 0.371338 0.409180 0.031738 0.158203
0 0.340820 0.404297 0.015625 0.144531
0 0.310059 0.396484 0.018555 0.164062
0 0.331787 0.400391 0.041504 0.171875
1 0.442871 0.406250 0.045898 0.072266