1 0.574219 0.416016 0.033203 0.050781
1 0.497070 0.396484 0.021484 0.027344
1 0.484131 0.421387 0.031738 0.065430
1 0.532959 0.441406 0.075684 0.111328
1 0.468506 0.427734 0.024902 0.072266
1 0.453613 0.435547 0.040039 0.099609
1 0.413086 0.448242 0.092773 0.125000
1 0.271240 0.489746 0.176270 0.266602
1 0.130127 0.541992 0.254395 0.392578
1 0.611816 0.426270 0.034180 0.075195
1 0.635986 0.437500 0.052246 0.093750
1 0.669434 0.456055 0.052734 0.146484
1 0.712402 0.464355 0.083008 0.198242
1 0.773193 0.488770 0.138184 0.264648
1 0.882568 0.539062 0.229004 0.388672