0 0.505859 0.423828 0.054688 0.160156
1 0.572021 0.424316 0.020996 0.069336
1 0.573486 0.427734 0.017090 0.072266
1 0.604492 0.424316 0.065430 0.102539
1 0.304932 0.402832 0.033691 0.065430
1 0.764648 0.507324 0.157227 0.276367
1 0.895508 0.578125 0.203125 0.539062
1 0.460693 0.369141 0.056152 0.031250
1 0.409668 0.365234 0.052734 0.029297
1 0.519043 0.411621 0.031250 0.045898
1 0.485840 0.409668 0.035156 0.051758
1 0.469971 0.409668 0.028809 0.049805
1 0.445312 0.409668 0.035156 0.057617
1 0.408936 0.407715 0.054199 0.065430
1 0.388672 0.411621 0.012695 0.051758
1 0.370605 0.375977 0.022461 0.025391
1 0.350830 0.398438 0.068848 0.074219
1 0.291748 0.415527 0.032715 0.092773
1 0.286377 0.416992 0.022949 0.089844
1 0.185791 0.406738 0.181152 0.131836
1 0.989014 0.666504 0.016113 0.254883
2 0.667969 0.474121 0.069336 0.129883
2 0.333740 0.440430 0.025879 0.099609
2 0.177490 0.445801 0.051270 0.110352
2 0.023926 0.439941 0.041992 0.112305
2 0.058350 0.438477 0.044434 0.115234
2 0.082764 0.438477 0.059082 0.115234
2 0.128418 0.436523 0.041016 0.119141