0 0.901611 0.430664 0.020996 0.080078
0 0.866699 0.424805 0.018555 0.091797
0 0.925537 0.432129 0.018066 0.092773
0 0.970947 0.430664 0.025879 0.109375
1 0.647461 0.406250 0.044922 0.080078
1 0.582031 0.407227 0.042969 0.074219
1 0.333984 0.395996 0.046875 0.073242
1 0.282471 0.402832 0.035645 0.069336
1 0.239258 0.400391 0.058594 0.070312
1 0.176270 0.414062 0.083984 0.097656
1 0.083496 0.411621 0.107422 0.135742
2 0.508789 0.406738 0.018555 0.045898
2 0.463379 0.412109 0.026367 0.064453
2 0.449463 0.417480 0.022949 0.063477
2 0.438721 0.417969 0.030762 0.072266
2 0.416016 0.425293 0.025391 0.079102
2 0.405029 0.430176 0.025879 0.075195
2 0.399414 0.432617 0.034180 0.076172
2 0.349365 0.444824 0.072754 0.081055
2 0.252197 0.445801 0.088379 0.135742
2 0.227051 0.451172 0.112305 0.142578
3 0.500244 0.401855 0.030762 0.061523
3 0.473389 0.402344 0.046387 0.072266