0 0.647949 0.381836 0.014648 0.078125
0 0.660156 0.387695 0.011719 0.064453
1 0.431885 0.392578 0.016113 0.035156
1 0.417236 0.393066 0.026855 0.034180
1 0.382080 0.410156 0.012207 0.060547
1 0.347656 0.412598 0.042969 0.073242
1 0.191650 0.401367 0.193848 0.156250
1 0.175049 0.439941 0.156738 0.118164
1 0.073730 0.450684 0.133789 0.161133
1 0.050293 0.465820 0.092773 0.191406
1 0.501709 0.380859 0.008301 0.017578
1 0.512207 0.383789 0.016602 0.027344
2 0.895996 0.447754 0.067383 0.159180
3 0.442871 0.394043 0.011719 0.036133