0 0.399414 0.477539 0.069336 0.304688
0 0.352051 0.541504 0.050781 0.192383
0 0.461914 0.475098 0.036133 0.260742
0 0.472900 0.489258 0.054199 0.333984
0 0.556396 0.511719 0.043457 0.316406
0 0.516357 0.534668 0.057129 0.311523
1 0.237793 0.429688 0.022461 0.056641
1 0.235107 0.437988 0.013184 0.053711
1 0.197266 0.430176 0.074219 0.116211
1 0.206055 0.450684 0.026367 0.086914
1 0.189209 0.457031 0.043457 0.111328
1 0.158203 0.478516 0.066406 0.175781
1 0.077148 0.483887 0.148438 0.307617
1 0.023438 0.583008 0.041016 0.330078