0 0.283447 0.411621 0.008301 0.030273
0 0.268066 0.412109 0.008789 0.044922
0 0.274414 0.433105 0.016602 0.032227
0 0.257080 0.406738 0.010254 0.043945
0 0.090576 0.368164 0.013184 0.025391
0 0.069336 0.379395 0.017578 0.040039
1 0.404297 0.402344 0.010742 0.017578
1 0.404297 0.411133 0.008789 0.031250
1 0.407715 0.410645 0.008789 0.036133
1 0.349365 0.412109 0.010254 0.023438
1 0.358643 0.410156 0.011230 0.050781
1 0.317383 0.425781 0.041016 0.064453
1 0.165527 0.484863 0.205078 0.338867
1 0.071777 0.547852 0.137695 0.427734
1 0.381104 0.412109 0.037598 0.076172
1 0.426270 0.407715 0.013672 0.041992
1 0.427979 0.411621 0.016113 0.038086
1 0.442139 0.411133 0.020996 0.042969
1 0.446045 0.414062 0.011230 0.041016
1 0.476807 0.417969 0.059082 0.097656
1 0.573730 0.421387 0.054688 0.114258
1 0.608887 0.416016 0.067383 0.167969
1 0.663818 0.427246 0.098145 0.217773
1 0.977295 0.708496 0.039551 0.354492
2 0.258057 0.438965 0.011230 0.051758
2 0.304199 0.430176 0.041992 0.055664
2 0.415771 0.423340 0.007324 0.020508