0 0.255127 0.383789 0.013184 0.050781
0 0.264160 0.385742 0.006836 0.056641
0 0.699463 0.412598 0.020996 0.112305
1 0.029541 0.372559 0.020996 0.032227
1 0.049072 0.374023 0.006348 0.027344
1 0.141357 0.383301 0.013184 0.028320
1 0.175293 0.385254 0.018555 0.030273
1 0.278564 0.392090 0.005371 0.026367
1 0.298584 0.392578 0.012207 0.023438
1 0.311279 0.396484 0.020020 0.025391
1 0.363281 0.402344 0.012695 0.029297
1 0.340820 0.400391 0.032227 0.039062
1 0.400635 0.400391 0.009277 0.023438
1 0.380371 0.401855 0.033203 0.043945
1 0.242188 0.389648 0.014648 0.023438
1 0.208252 0.389160 0.056152 0.067383