0 0.597412 0.415039 0.009277 0.064453
0 0.567383 0.408203 0.005859 0.037109
0 0.462402 0.398438 0.008789 0.072266
0 0.475098 0.410645 0.014648 0.079102
0 0.453369 0.407715 0.013184 0.083008
0 0.467529 0.410156 0.015137 0.095703
0 0.487793 0.405762 0.014648 0.104492
0 0.418457 0.411621 0.012695 0.092773
0 0.426270 0.411621 0.010742 0.094727
0 0.437500 0.416992 0.021484 0.101562
0 0.556641 0.409668 0.018555 0.106445
0 0.730225 0.429199 0.036621 0.231445
0 0.696533 0.438477 0.032715 0.197266
0 0.672852 0.424805 0.048828 0.263672
0 0.638672 0.439453 0.072266 0.255859
0 0.357910 0.434570 0.026367 0.136719
0 0.322266 0.429688 0.018555 0.146484
0 0.286865 0.376953 0.034668 0.029297
0 0.284180 0.441895 0.018555 0.141602
0 0.296875 0.432129 0.017578 0.129883
0 0.310791 0.441406 0.025879 0.171875
0 0.259033 0.510254 0.006348 0.045898
0 0.243896 0.433594 0.056152 0.300781
0 0.116455 0.438965 0.057129 0.241211
0 0.166016 0.442383 0.056641 0.292969
1 0.534180 0.412109 0.046875 0.083984
2 0.616211 0.440430 0.005859 0.035156
2 0.028564 0.590332 0.051270 0.071289
3 0.052979 0.505371 0.100098 0.176758