0 0.193848 0.339844 0.004883 0.011719
0 0.604248 0.333984 0.009277 0.054688
0 0.616211 0.334473 0.010742 0.057617
0 0.657227 0.394531 0.023438 0.136719
0 0.682617 0.383301 0.025391 0.153320
0 0.709229 0.380371 0.026855 0.141602
0 0.768066 0.383301 0.032227 0.186523
1 0.424561 0.343262 0.046387 0.041992
1 0.226562 0.340820 0.018555 0.009766
1 0.207031 0.358398 0.044922 0.042969
1 0.302490 0.352539 0.051270 0.052734
1 0.247803 0.366211 0.070801 0.052734
1 0.352295 0.366699 0.082520 0.063477
2 0.433594 0.347168 0.018555 0.038086
2 0.302490 0.392578 0.012207 0.056641
2 0.289551 0.401855 0.014648 0.061523
3 0.390381 0.343750 0.031738 0.046875