0 0.689697 0.416504 0.014160 0.061523
0 0.682373 0.421387 0.011230 0.055664
0 0.931641 0.401367 0.017578 0.095703
1 0.529785 0.425293 0.034180 0.022461
1 0.509033 0.429688 0.012207 0.025391
1 0.457520 0.403809 0.053711 0.040039
1 0.489990 0.433594 0.040527 0.039062
1 0.456299 0.437500 0.035645 0.037109
1 0.419189 0.436523 0.048340 0.042969
1 0.396484 0.443848 0.017578 0.034180
1 0.015137 0.444824 0.024414 0.026367
1 0.053223 0.463379 0.026367 0.026367
1 0.022705 0.480957 0.039551 0.071289
1 0.730957 0.429688 0.071289 0.087891
1 0.785889 0.418945 0.044434 0.070312
1 0.961670 0.400391 0.021973 0.039062
1 0.945557 0.402344 0.013184 0.033203
1 0.906738 0.407715 0.039062 0.069336
1 0.884766 0.414062 0.046875 0.072266
1 0.856934 0.419434 0.051758 0.075195
1 0.824951 0.427246 0.070801 0.084961
1 0.275635 0.431641 0.037598 0.017578
1 0.339600 0.437988 0.096191 0.049805
1 0.290527 0.451172 0.052734 0.042969
1 0.263428 0.455078 0.065918 0.039062
1 0.225342 0.461914 0.057129 0.048828
1 0.187744 0.459961 0.041504 0.056641
1 0.094238 0.489258 0.176758 0.136719
2 0.614014 0.449707 0.022949 0.049805
2 0.376465 0.475586 0.020508 0.068359
3 0.588623 0.429688 0.024902 0.064453