0 0.012451 0.374023 0.019043 0.158203
0 0.238037 0.371582 0.010254 0.036133
0 0.375244 0.394043 0.012207 0.030273
0 0.246338 0.384277 0.014160 0.024414
0 0.451416 0.413574 0.006348 0.034180
0 0.325928 0.423340 0.027832 0.124023
0 0.669434 0.434570 0.015625 0.085938
0 0.551025 0.412598 0.006348 0.034180
0 0.580322 0.407715 0.009277 0.067383
0 0.612061 0.410645 0.008301 0.065430
0 0.588623 0.411133 0.005371 0.060547
0 0.594238 0.411133 0.008789 0.060547
0 0.601807 0.412598 0.020020 0.084961
0 0.619873 0.413574 0.010254 0.081055
0 0.647949 0.416504 0.052734 0.243164
0 0.683350 0.408203 0.019043 0.148438
0 0.729980 0.421387 0.041016 0.178711
0 0.763184 0.416992 0.036133 0.183594
0 0.830322 0.392578 0.036621 0.169922
0 0.826904 0.417969 0.044434 0.193359
0 0.884277 0.408691 0.025391 0.151367
1 0.496094 0.422363 0.083008 0.135742
1 0.165283 0.461426 0.314941 0.409180
1 0.063232 0.640625 0.120605 0.390625