0 0.265381 0.417969 0.049316 0.261719
0 0.232910 0.432617 0.037109 0.222656
0 0.164795 0.379883 0.018066 0.035156
0 0.103760 0.374512 0.011230 0.030273
0 0.085693 0.384277 0.013184 0.059570
0 0.006104 0.419434 0.006348 0.125977
0 0.038818 0.419434 0.031738 0.147461
0 0.130859 0.366211 0.010742 0.017578
0 0.081055 0.419922 0.019531 0.064453
0 0.091553 0.407227 0.022949 0.060547
0 0.115723 0.422363 0.016602 0.131836
0 0.093506 0.443359 0.038574 0.115234
1 0.977051 0.691406 0.040039 0.396484
2 0.292725 0.437988 0.028809 0.059570
2 0.245605 0.449219 0.008789 0.029297
2 0.030762 0.451660 0.052734 0.083008
2 0.118408 0.466797 0.010254 0.052734