1 0.719482 0.409180 0.010254 0.021484
1 0.726807 0.409180 0.017090 0.021484
1 0.698242 0.409180 0.021484 0.035156
1 0.696777 0.414062 0.012695 0.031250
1 0.691650 0.419434 0.007324 0.041992
1 0.682373 0.419434 0.022949 0.045898
1 0.673584 0.422363 0.032715 0.047852
1 0.643555 0.436523 0.021484 0.078125
1 0.627930 0.439453 0.036133 0.085938
1 0.599121 0.446289 0.049805 0.105469
1 0.582764 0.454102 0.033691 0.117188
1 0.531006 0.456543 0.095215 0.176758
1 0.481201 0.484375 0.090332 0.208984
1 0.346436 0.524414 0.245605 0.320312
1 0.131836 0.640137 0.257812 0.620117
1 0.777100 0.408203 0.015137 0.023438
1 0.779053 0.406250 0.010254 0.013672
1 0.790283 0.397461 0.019043 0.023438
1 0.789551 0.409668 0.009766 0.028320
1 0.793213 0.409180 0.009277 0.027344
1 0.976318 0.397949 0.041504 0.083008
1 0.991455 0.500000 0.011230 0.189453
1 0.883301 0.461914 0.227539 0.386719