0 0.485107 0.414551 0.005371 0.051758
0 0.459961 0.414551 0.007812 0.057617
0 0.470703 0.418457 0.010742 0.047852
0 0.449707 0.420898 0.013672 0.080078
0 0.430908 0.415527 0.015137 0.086914
0 0.409668 0.391602 0.012695 0.019531
0 0.369873 0.397461 0.018066 0.064453
0 0.343262 0.372070 0.008789 0.031250
0 0.333008 0.411621 0.021484 0.104492
0 0.352783 0.397461 0.021973 0.087891
0 0.112305 0.427734 0.027344 0.207031
0 0.137451 0.428711 0.050293 0.244141
0 0.501465 0.418457 0.004883 0.018555
0 0.556396 0.417480 0.005371 0.030273
0 0.570801 0.413086 0.009766 0.050781
0 0.576416 0.411133 0.006348 0.039062
0 0.584473 0.412598 0.006836 0.043945
0 0.591309 0.411133 0.005859 0.029297
0 0.597168 0.401367 0.006836 0.015625
0 0.634766 0.413574 0.006836 0.055664
0 0.621582 0.410645 0.006836 0.065430
0 0.631104 0.413086 0.006348 0.058594
0 0.615967 0.413086 0.010254 0.089844
0 0.609619 0.416992 0.017090 0.085938
0 0.627197 0.420898 0.014160 0.080078
0 0.880127 0.443359 0.045410 0.222656
0 0.686523 0.376465 0.005859 0.020508
0 0.666260 0.420898 0.014160 0.099609
0 0.676270 0.429199 0.017578 0.102539
0 0.694580 0.434082 0.024902 0.147461
0 0.800293 0.449707 0.041992 0.250977
0 0.844238 0.452637 0.047852 0.243164
0 0.966553 0.459473 0.057129 0.266602
0 0.080078 0.432129 0.044922 0.202148
0 0.490234 0.414551 0.010742 0.051758
1 0.399414 0.406738 0.041016 0.088867