1 0.405029 0.361816 0.032715 0.020508
1 0.441406 0.362305 0.035156 0.017578
1 0.478760 0.359863 0.023926 0.018555
1 0.320801 0.361816 0.035156 0.018555
1 0.309082 0.369629 0.045898 0.036133
1 0.027588 0.422363 0.035645 0.061523
1 0.022949 0.431641 0.026367 0.064453
1 0.644043 0.430176 0.117188 0.198242
1 0.308594 0.382812 0.027344 0.052734
1 0.269531 0.383789 0.053711 0.060547
1 0.773926 0.476074 0.191406 0.291992
1 0.117432 0.411133 0.146973 0.111328
1 0.901611 0.502930 0.190918 0.474609
1 0.224854 0.375488 0.025879 0.018555
1 0.244629 0.399902 0.087891 0.061523
1 0.350342 0.403320 0.057129 0.083984
2 0.385010 0.366211 0.009277 0.017578