0 0.669678 0.381348 0.006348 0.028320
0 0.662109 0.395020 0.009766 0.057617
0 0.614990 0.393555 0.006348 0.062500
0 0.610596 0.394531 0.012207 0.068359
0 0.622559 0.395020 0.011719 0.069336
0 0.638916 0.390625 0.005371 0.060547
0 0.635254 0.390137 0.006836 0.073242
0 0.632568 0.390625 0.015137 0.080078
0 0.652832 0.397949 0.010742 0.055664
0 0.644531 0.396484 0.013672 0.068359
0 0.587891 0.394043 0.009766 0.059570
0 0.366211 0.435547 0.086914 0.484375
0 0.564209 0.478027 0.084473 0.405273
0 0.720703 0.444824 0.077148 0.383789
0 0.371582 0.471680 0.075195 0.437500
1 0.401123 0.443848 0.288574 0.245117
1 0.387207 0.489746 0.217773 0.299805
2 0.602295 0.407715 0.009277 0.034180
2 0.764160 0.433594 0.051758 0.064453