0 0.647705 0.394531 0.007324 0.029297
0 0.674072 0.392578 0.007324 0.021484
0 0.665527 0.402832 0.014648 0.083008
0 0.640625 0.403809 0.008789 0.084961
0 0.633057 0.408691 0.019043 0.110352
0 0.597412 0.402344 0.014160 0.068359
0 0.584229 0.405273 0.013184 0.082031
0 0.570557 0.402832 0.015137 0.083008
0 0.411865 0.425781 0.027832 0.177734
0 0.429443 0.439941 0.024902 0.200195
0 0.458496 0.486328 0.125977 0.474609
0 0.547363 0.571289 0.106445 0.357422
0 0.348633 0.417480 0.032227 0.188477
0 0.292480 0.420898 0.032227 0.189453
2 0.525879 0.416504 0.018555 0.041992
2 0.740967 0.433105 0.076660 0.081055