0 0.465088 0.413086 0.020020 0.119141
0 0.385010 0.360840 0.009277 0.014648
0 0.364014 0.351562 0.008301 0.013672
0 0.310791 0.347656 0.010254 0.023438
0 0.292236 0.348145 0.016113 0.057617
0 0.127930 0.363770 0.031250 0.112305
0 0.527832 0.409668 0.011719 0.077148
0 0.559814 0.405762 0.012207 0.073242
1 0.497803 0.399414 0.019043 0.035156
1 0.482422 0.402832 0.014648 0.040039
1 0.441895 0.412109 0.032227 0.083984
1 0.423340 0.429199 0.044922 0.116211
1 0.401367 0.433105 0.043945 0.127930
1 0.333252 0.451172 0.155762 0.187500
1 0.094238 0.537109 0.182617 0.634766
1 0.550049 0.404297 0.009277 0.039062
1 0.558838 0.405762 0.020020 0.041992
1 0.592285 0.386230 0.055664 0.129883
1 0.595459 0.419922 0.031738 0.082031
1 0.605713 0.423828 0.022949 0.085938
1 0.627686 0.429688 0.054199 0.111328
1 0.663574 0.439941 0.061523 0.159180
1 0.837646 0.351074 0.318848 0.657227
1 0.934326 0.624023 0.125488 0.478516
2 0.449951 0.442871 0.012207 0.047852
2 0.476318 0.416504 0.011230 0.022461