0 0.447998 0.368652 0.005371 0.012695
0 0.430176 0.369141 0.005859 0.009766
0 0.417480 0.375000 0.006836 0.013672
0 0.555664 0.367676 0.006836 0.016602
0 0.568359 0.370117 0.013672 0.039062
0 0.581543 0.379883 0.010742 0.064453
0 0.590576 0.382812 0.013184 0.066406
0 0.225098 0.409180 0.010742 0.023438
0 0.351807 0.408203 0.014160 0.103516
1 0.507568 0.374512 0.011230 0.018555
1 0.494385 0.379395 0.015137 0.028320
1 0.507324 0.378906 0.008789 0.021484
1 0.498047 0.381836 0.016602 0.027344
1 0.459717 0.391113 0.021973 0.040039
1 0.459961 0.393555 0.015625 0.039062
1 0.454834 0.403809 0.015137 0.055664
1 0.437744 0.405273 0.031738 0.064453
1 0.437500 0.412109 0.025391 0.060547
1 0.419922 0.420410 0.051758 0.075195
1 0.517090 0.389160 0.009766 0.043945
1 0.522217 0.397949 0.012207 0.051758
1 0.532715 0.403320 0.031250 0.064453
1 0.545898 0.407227 0.037109 0.066406
1 0.708984 0.462402 0.108398 0.188477
1 0.842529 0.485840 0.230957 0.282227
1 0.969971 0.663574 0.054199 0.379883
1 0.286621 0.480957 0.139648 0.196289
1 0.131348 0.527344 0.256836 0.275391
2 0.603271 0.398926 0.013184 0.036133