0 0.844482 0.415039 0.017090 0.070312
0 0.467529 0.371582 0.006348 0.012695
0 0.589600 0.400879 0.020996 0.092773
0 0.773682 0.410645 0.008301 0.059570
0 0.810059 0.413574 0.014648 0.075195
0 0.857422 0.412109 0.013672 0.080078
1 0.251221 0.389160 0.055176 0.043945
1 0.182861 0.413574 0.093262 0.092773
1 0.119629 0.408203 0.073242 0.121094
1 0.022217 0.419922 0.038574 0.125000
1 0.344727 0.391113 0.036133 0.053711
1 0.310547 0.401367 0.048828 0.068359
1 0.571533 0.407227 0.043457 0.066406
1 0.635010 0.383301 0.011230 0.014648
1 0.633789 0.397949 0.012695 0.020508