1 0.266846 0.376465 0.015137 0.020508
1 0.290527 0.379883 0.011719 0.021484
1 0.300293 0.381836 0.013672 0.025391
1 0.311768 0.390137 0.020996 0.034180
1 0.366211 0.375488 0.010742 0.010742
1 0.411377 0.389160 0.022949 0.036133
1 0.431396 0.389160 0.031738 0.043945
1 0.456543 0.384766 0.035156 0.033203
1 0.490234 0.394531 0.031250 0.046875
1 0.517578 0.395020 0.041992 0.051758
1 0.535156 0.419434 0.016602 0.084961
1 0.559082 0.376465 0.033203 0.014648
1 0.539551 0.436035 0.029297 0.104492
1 0.388428 0.391602 0.025879 0.039062
1 0.368164 0.407715 0.037109 0.055664
1 0.452393 0.430176 0.059082 0.071289
1 0.551270 0.443359 0.030273 0.125000
1 0.572998 0.449707 0.052246 0.163086
1 0.644043 0.448242 0.138672 0.248047
1 0.722900 0.496582 0.152832 0.293945
1 0.882080 0.451660 0.229980 0.672852