0 0.299561 0.405762 0.015137 0.135742
0 0.312744 0.409180 0.029785 0.130859
0 0.363281 0.412598 0.031250 0.157227
0 0.474121 0.405762 0.011719 0.065430
0 0.478271 0.409180 0.011230 0.058594
0 0.494629 0.402344 0.009766 0.060547
0 0.504639 0.406738 0.006348 0.043945
0 0.515625 0.406738 0.005859 0.047852
0 0.509766 0.405762 0.011719 0.049805
0 0.527344 0.406250 0.005859 0.041016
0 0.522705 0.408203 0.006348 0.041016
0 0.531982 0.406250 0.012207 0.044922
0 0.542725 0.407715 0.005371 0.040039
0 0.545410 0.411133 0.004883 0.031250
1 0.281494 0.417480 0.028809 0.079102
1 0.421143 0.429199 0.079590 0.096680
2 0.458496 0.412109 0.011719 0.037109
2 0.573730 0.419434 0.038086 0.040039
3 0.282227 0.442871 0.029297 0.079102