0 0.698975 0.437012 0.039551 0.176758
1 0.468506 0.424316 0.012207 0.020508
1 0.479248 0.426270 0.008301 0.016602
1 0.484619 0.426270 0.006348 0.016602
1 0.494385 0.422363 0.012207 0.026367
1 0.492676 0.426270 0.009766 0.018555
1 0.500000 0.425781 0.009766 0.019531
1 0.503418 0.427246 0.007812 0.018555
1 0.517090 0.428223 0.014648 0.026367
1 0.525879 0.429199 0.008789 0.034180
1 0.533447 0.430176 0.016113 0.040039
1 0.538574 0.433105 0.006836 0.040039
1 0.551758 0.417480 0.023438 0.030273
1 0.550537 0.434082 0.024902 0.055664
1 0.556152 0.438965 0.009766 0.051758
1 0.565430 0.435059 0.021484 0.059570
1 0.579590 0.446289 0.047852 0.076172
1 0.591797 0.443848 0.057617 0.086914