0 0.148682 0.392090 0.011230 0.047852
0 0.281738 0.387695 0.009766 0.082031
0 0.246826 0.405273 0.010254 0.066406
0 0.228516 0.417480 0.039062 0.149414
0 0.337158 0.379395 0.021973 0.081055
0 0.330566 0.437988 0.061523 0.211914
0 0.472900 0.422363 0.023926 0.145508
0 0.492432 0.429688 0.028809 0.164062
0 0.543457 0.415527 0.028320 0.127930
0 0.526611 0.414551 0.033691 0.137695
0 0.652344 0.421387 0.023438 0.131836
0 0.583984 0.436523 0.029297 0.119141
0 0.620850 0.411621 0.045410 0.166992
0 0.769043 0.412109 0.032227 0.269531
0 0.823975 0.410156 0.082520 0.265625
0 0.979980 0.446289 0.034180 0.523438
1 0.097412 0.409668 0.038574 0.086914
1 0.175781 0.400879 0.035156 0.047852
2 0.121826 0.491699 0.018066 0.104492