0 0.419922 0.418945 0.006836 0.042969
0 0.413330 0.416016 0.007324 0.050781
0 0.430664 0.412109 0.013672 0.054688
0 0.441162 0.416992 0.010254 0.044922
0 0.695068 0.358887 0.009277 0.016602
1 0.366943 0.415039 0.024902 0.091797
1 0.339111 0.415527 0.061035 0.149414
1 0.330811 0.438477 0.042480 0.152344
1 0.272949 0.429688 0.117188 0.259766
1 0.245117 0.473145 0.093750 0.249023
1 0.129883 0.541504 0.253906 0.549805
1 0.025146 0.738281 0.044434 0.429688
1 0.686035 0.432617 0.067383 0.132812
1 0.728027 0.466309 0.112305 0.209961
1 0.820312 0.514648 0.231445 0.333984
1 0.938232 0.541504 0.117676 0.520508