0 0.782959 0.410156 0.017090 0.066406
0 0.985352 0.427246 0.023438 0.116211
0 0.894531 0.423828 0.018555 0.103516
0 0.952148 0.419434 0.026367 0.118164
0 0.697754 0.395020 0.004883 0.034180
0 0.427490 0.420898 0.019043 0.113281
0 0.451660 0.419434 0.018555 0.120117
0 0.496094 0.403809 0.011719 0.043945
0 0.465088 0.422363 0.023926 0.116211
0 0.662842 0.400391 0.005371 0.033203
0 0.669189 0.401855 0.005371 0.028320
1 0.570801 0.499023 0.189453 0.287109
1 0.668701 0.397949 0.020996 0.030273
2 0.732178 0.420410 0.011230 0.034180