0 0.730713 0.374023 0.010254 0.025391
1 0.741943 0.418945 0.104980 0.091797
1 0.597656 0.404297 0.013672 0.041016
1 0.605957 0.410156 0.010742 0.031250
1 0.646484 0.409180 0.075195 0.046875
1 0.562012 0.399414 0.012695 0.025391
1 0.571533 0.402344 0.011230 0.019531
1 0.535400 0.393555 0.008301 0.013672
1 0.549805 0.401855 0.013672 0.022461
1 0.960938 0.419922 0.048828 0.103516
1 0.990723 0.439941 0.012695 0.047852
1 0.517334 0.395020 0.005371 0.012695
1 0.525146 0.400391 0.012207 0.023438
1 0.502197 0.395996 0.012207 0.014648
1 0.475342 0.397949 0.016113 0.014648
1 0.266602 0.418457 0.054688 0.069336
1 0.246582 0.425781 0.051758 0.066406
1 0.214844 0.430176 0.061523 0.071289
1 0.390381 0.399414 0.018066 0.017578
1 0.394043 0.414062 0.010742 0.025391
1 0.370850 0.401855 0.050293 0.047852
1 0.201416 0.433594 0.055176 0.074219
1 0.142334 0.431152 0.079590 0.094727
1 0.136475 0.439453 0.059082 0.091797
1 0.085938 0.441895 0.088867 0.106445
1 0.059082 0.449219 0.111328 0.109375
1 0.348389 0.411621 0.036621 0.043945
1 0.007812 0.401855 0.009766 0.159180
1 0.306396 0.434570 0.070801 0.087891
2 0.655029 0.412598 0.008301 0.043945
2 0.678223 0.408203 0.012695 0.031250
2 0.688477 0.412598 0.008789 0.043945
2 0.992676 0.469727 0.008789 0.056641