0 0.376465 0.383789 0.008789 0.023438
0 0.177246 0.447754 0.047852 0.200195
0 0.027832 0.483887 0.049805 0.385742
0 0.530518 0.405273 0.012207 0.068359
0 0.541748 0.404297 0.011230 0.072266
1 0.052490 0.397461 0.012207 0.013672
2 0.295166 0.455566 0.021973 0.083008
2 0.276123 0.459473 0.020996 0.094727
2 0.251465 0.466309 0.031250 0.098633
2 0.216309 0.482910 0.042969 0.098633
2 0.190918 0.482910 0.033203 0.102539
2 0.127930 0.488281 0.057617 0.156250
2 0.062256 0.510254 0.041504 0.192383
2 0.596436 0.483887 0.017090 0.106445