0 0.182129 0.427734 0.006836 0.013672
0 0.159912 0.425293 0.005371 0.016602
0 0.410645 0.417480 0.006836 0.049805
0 0.313965 0.416992 0.004883 0.042969
0 0.367432 0.416992 0.010254 0.052734
0 0.365967 0.413574 0.006348 0.024414
0 0.363037 0.422363 0.010254 0.055664
0 0.353271 0.417480 0.011230 0.057617
0 0.320312 0.424316 0.009766 0.053711
0 0.309326 0.420410 0.009277 0.051758
0 0.301758 0.424805 0.007812 0.060547
0 0.265381 0.435059 0.009277 0.067383
0 0.247559 0.428223 0.005859 0.081055
0 0.252441 0.425293 0.016602 0.083008
0 0.237549 0.431152 0.011230 0.079102
0 0.211182 0.436035 0.014160 0.073242
0 0.194336 0.430664 0.012695 0.083984
0 0.444336 0.392578 0.010742 0.027344
0 0.501709 0.411133 0.031738 0.113281
0 0.532715 0.408203 0.016602 0.070312
0 0.614258 0.394043 0.009766 0.030273
0 0.467285 0.412109 0.016602 0.076172
0 0.399658 0.423340 0.008301 0.047852
0 0.393799 0.428223 0.005371 0.038086
0 0.404785 0.428223 0.004883 0.040039
1 0.384033 0.423340 0.025879 0.047852
1 0.623047 0.432617 0.034180 0.117188
1 0.656494 0.453125 0.078613 0.183594
1 0.772949 0.482422 0.208008 0.273438
2 0.947998 0.508789 0.077637 0.179688