0 0.699463 0.429688 0.027832 0.177734
0 0.622314 0.423340 0.019043 0.120117
0 0.648438 0.424805 0.010742 0.121094
0 0.639648 0.441895 0.032227 0.161133
0 0.128174 0.400879 0.006348 0.041992
0 0.014404 0.433105 0.013184 0.088867
0 0.008545 0.425781 0.011230 0.099609
0 0.319580 0.430664 0.007324 0.060547
0 0.292725 0.413086 0.010254 0.080078
0 0.285645 0.420410 0.017578 0.077148
0 0.359863 0.417969 0.008789 0.066406
0 0.349609 0.425781 0.017578 0.074219
0 0.393311 0.421387 0.017090 0.081055
0 0.382080 0.433594 0.018066 0.058594
0 0.415527 0.420410 0.012695 0.067383
0 0.468994 0.430664 0.023926 0.115234
0 0.798096 0.432617 0.037598 0.201172
0 0.761475 0.427734 0.047363 0.216797
1 0.169434 0.418945 0.029297 0.056641
1 0.230225 0.434570 0.084473 0.101562
2 0.544678 0.504883 0.020020 0.109375