0 0.242676 0.435547 0.022461 0.107422
0 0.221924 0.446289 0.016113 0.167969
0 0.211426 0.459473 0.026367 0.174805
0 0.335938 0.429688 0.006836 0.082031
0 0.372070 0.410156 0.006836 0.042969
0 0.362305 0.430664 0.014648 0.080078
0 0.908203 0.407227 0.023438 0.142578
0 0.746582 0.372070 0.008789 0.021484
0 0.643799 0.426758 0.041504 0.152344
1 0.396729 0.416016 0.042480 0.042969
1 0.426758 0.439941 0.037109 0.104492
1 0.512451 0.437500 0.164551 0.332031
1 0.595459 0.382812 0.006348 0.019531
2 0.967041 0.453125 0.060059 0.111328
2 0.766357 0.410156 0.018066 0.039062
2 0.785889 0.407227 0.031738 0.044922