1 0.408203 0.404785 0.009766 0.018555
1 0.411377 0.407715 0.012207 0.018555
1 0.426270 0.406250 0.008789 0.021484
1 0.427979 0.411621 0.007324 0.014648
1 0.427246 0.407715 0.005859 0.022461
1 0.432373 0.406250 0.010254 0.021484
1 0.437500 0.408203 0.007812 0.033203
1 0.441162 0.409180 0.009277 0.037109
1 0.448975 0.410645 0.014160 0.040039
1 0.464600 0.414551 0.035645 0.045898
1 0.587891 0.423828 0.042969 0.091797
1 0.601807 0.429199 0.036621 0.102539
1 0.635742 0.438477 0.060547 0.132812
1 0.721680 0.427734 0.140625 0.285156
1 0.859619 0.452148 0.274902 0.472656
1 0.377930 0.409180 0.004883 0.021484
1 0.343750 0.417480 0.073242 0.137695
1 0.312012 0.453125 0.061523 0.125000
1 0.239258 0.475586 0.135742 0.175781
2 0.094971 0.489258 0.051270 0.132812