0 0.349854 0.389160 0.006348 0.012695
0 0.049316 0.393066 0.006836 0.024414
0 0.054932 0.392090 0.007324 0.026367
0 0.069580 0.388184 0.006348 0.034180
0 0.091797 0.387695 0.011719 0.031250
0 0.145264 0.385254 0.009277 0.036133
0 0.254395 0.385254 0.005859 0.022461
0 0.261719 0.386230 0.007812 0.020508
0 0.281494 0.387695 0.006348 0.017578
0 0.360840 0.376953 0.008789 0.037109
0 0.333496 0.389648 0.007812 0.011719
0 0.370850 0.372070 0.009277 0.031250
0 0.392334 0.377930 0.009277 0.041016
0 0.422607 0.367188 0.005371 0.015625
0 0.427979 0.367676 0.009277 0.016602
0 0.919189 0.334473 0.008301 0.012695
0 0.927734 0.339844 0.008789 0.023438
0 0.956055 0.322754 0.019531 0.036133
0 0.273682 0.388184 0.013184 0.077148
0 0.291992 0.388184 0.013672 0.077148
0 0.171143 0.401367 0.046387 0.152344
0 0.420166 0.387207 0.006348 0.043945
1 0.873779 0.392578 0.112793 0.115234
1 0.939697 0.390137 0.114746 0.127930
1 0.682129 0.365723 0.086914 0.057617
1 0.738037 0.395996 0.193848 0.120117
1 0.585693 0.399414 0.111816 0.119141
1 0.493896 0.405762 0.103027 0.155273
2 0.362549 0.406738 0.016113 0.065430
2 0.373047 0.408691 0.019531 0.059570
2 0.397461 0.404297 0.016602 0.064453
2 0.418701 0.393555 0.012207 0.031250
2 0.435059 0.408203 0.012695 0.058594
2 0.427734 0.404785 0.010742 0.065430
2 0.638672 0.413086 0.083984 0.097656