0 0.783447 0.376953 0.010254 0.054688
0 0.500000 0.390137 0.013672 0.059570
0 0.476074 0.365723 0.013672 0.036133
0 0.466309 0.476562 0.075195 0.312500
0 0.221191 0.427246 0.061523 0.305664
0 0.844727 0.394531 0.024414 0.132812
0 0.872559 0.399414 0.022461 0.119141
0 0.961182 0.359375 0.008301 0.023438
0 0.949951 0.349121 0.006348 0.010742
0 0.943359 0.381836 0.009766 0.068359
0 0.907227 0.401855 0.024414 0.114258
0 0.151123 0.411133 0.028809 0.109375
0 0.934326 0.398438 0.025879 0.126953
0 0.142822 0.409180 0.026855 0.121094
0 0.182129 0.415039 0.016602 0.101562
0 0.185547 0.414062 0.027344 0.105469
1 0.861084 0.375000 0.008301 0.042969
1 0.887939 0.383301 0.016113 0.036133
1 0.027832 0.421387 0.049805 0.086914
2 0.772217 0.421387 0.006348 0.049805