0 0.007324 0.390625 0.006836 0.019531
0 0.245850 0.398438 0.023926 0.125000
0 0.418701 0.389648 0.015137 0.062500
0 0.279053 0.400879 0.022949 0.120117
0 0.399414 0.388184 0.015625 0.063477
0 0.481201 0.388672 0.009277 0.054688
0 0.523682 0.390625 0.009277 0.052734
0 0.690918 0.384277 0.007812 0.045898
0 0.716309 0.357422 0.008789 0.023438
0 0.842773 0.322266 0.011719 0.011719
1 0.657227 0.349609 0.028320 0.023438
1 0.659668 0.405273 0.060547 0.089844
1 0.744141 0.411133 0.042969 0.156250
1 0.800049 0.416504 0.135254 0.254883
1 0.845459 0.460449 0.129395 0.291992
1 0.918945 0.535156 0.156250 0.447266
2 0.700684 0.394043 0.013672 0.026367
3 0.716309 0.424316 0.017578 0.108398
3 0.724854 0.421875 0.021973 0.103516