0 0.662354 0.372070 0.007324 0.060547
0 0.279053 0.388672 0.010254 0.066406
0 0.261719 0.360840 0.007812 0.016602
0 0.318604 0.375977 0.010254 0.046875
0 0.297363 0.391113 0.014648 0.063477
0 0.261230 0.391113 0.012695 0.059570
0 0.270264 0.387695 0.014160 0.062500
0 0.247314 0.364746 0.013184 0.034180
0 0.404053 0.401367 0.010254 0.085938
0 0.235596 0.441406 0.040527 0.214844
0 0.142822 0.426758 0.049316 0.205078
0 0.356201 0.400879 0.014160 0.116211
0 0.376953 0.395020 0.013672 0.104492
0 0.372070 0.400879 0.017578 0.092773
0 0.770996 0.364258 0.004883 0.027344
0 0.352051 0.407715 0.025391 0.104492
0 0.547363 0.397461 0.007812 0.042969
0 0.550293 0.407227 0.005859 0.039062
0 0.561279 0.400879 0.010254 0.043945
0 0.554932 0.400391 0.007324 0.042969
0 0.588135 0.404785 0.014160 0.108398
0 0.578857 0.412109 0.025879 0.128906
0 0.606201 0.411621 0.026855 0.125977
0 0.637451 0.400879 0.012207 0.120117
0 0.629639 0.407715 0.024902 0.135742
0 0.653564 0.406250 0.020020 0.123047
0 0.669189 0.370605 0.016113 0.051758
0 0.686523 0.363770 0.030273 0.057617
0 0.786133 0.348633 0.009766 0.052734
0 0.693604 0.388184 0.019043 0.057617
0 0.703125 0.363281 0.012695 0.041016
0 0.708252 0.375488 0.010254 0.051758
0 0.714844 0.368652 0.019531 0.057617
0 0.414551 0.401367 0.015625 0.089844
1 0.432373 0.397949 0.024902 0.055664
1 0.493652 0.411621 0.082031 0.131836
2 0.453125 0.415039 0.005859 0.021484
2 0.394287 0.450684 0.008301 0.053711
2 0.642090 0.429688 0.011719 0.041016
2 0.712646 0.474609 0.042480 0.191406
2 0.560059 0.419922 0.014648 0.054688
3 0.767822 0.480957 0.070801 0.254883