0 0.716553 0.383789 0.017090 0.050781
0 0.739258 0.366699 0.007812 0.012695
0 0.482910 0.407715 0.005859 0.036133
0 0.476807 0.409180 0.006348 0.033203
0 0.461182 0.411133 0.007324 0.039062
0 0.430664 0.408203 0.005859 0.035156
0 0.386230 0.414062 0.010742 0.064453
0 0.430420 0.409668 0.005371 0.034180
1 0.568604 0.409668 0.032715 0.057617
1 0.540771 0.425781 0.045410 0.070312
1 0.598145 0.404785 0.007812 0.022461
1 0.598633 0.428711 0.008789 0.054688
1 0.623779 0.417969 0.047363 0.095703
1 0.633301 0.430664 0.027344 0.089844
1 0.670410 0.428711 0.074219 0.111328
1 0.768555 0.470703 0.166992 0.201172
1 0.920654 0.494629 0.152832 0.573242
2 0.677002 0.443848 0.045410 0.083008