0 0.080322 0.361816 0.022949 0.034180
0 0.830322 0.378418 0.025879 0.069336
0 0.346436 0.412109 0.011230 0.093750
0 0.365479 0.414062 0.018066 0.091797
0 0.407471 0.424316 0.015137 0.083008
0 0.394775 0.424316 0.016113 0.083008
1 0.156738 0.368652 0.088867 0.026367
1 0.649658 0.409668 0.018066 0.018555
1 0.558838 0.441406 0.005371 0.025391
1 0.537842 0.432617 0.035645 0.070312
1 0.479736 0.424805 0.095215 0.101562
1 0.667969 0.433105 0.025391 0.088867
1 0.605957 0.443848 0.101562 0.110352
1 0.700195 0.426758 0.067383 0.113281
1 0.717041 0.438477 0.043457 0.113281
1 0.799316 0.443848 0.071289 0.139648
2 0.750000 0.515625 0.026367 0.175781
2 0.234375 0.453125 0.035156 0.101562
2 0.187256 0.464355 0.037598 0.116211
2 0.122803 0.480957 0.041504 0.133789
2 0.064697 0.490723 0.035645 0.165039
2 0.968506 0.491211 0.057129 0.148438