0 0.603271 0.437500 0.005371 0.011719
0 0.625732 0.422363 0.011230 0.075195
0 0.646484 0.425293 0.008789 0.061523
0 0.631348 0.434082 0.008789 0.049805
0 0.637207 0.423340 0.013672 0.071289
0 0.654053 0.420410 0.013184 0.071289
0 0.708008 0.417969 0.005859 0.062500
0 0.688965 0.415039 0.015625 0.089844
0 0.719727 0.419922 0.007812 0.072266
0 0.725098 0.414062 0.011719 0.099609
0 0.735596 0.418457 0.019043 0.096680
0 0.986084 0.424805 0.021973 0.130859
0 0.922119 0.420410 0.018066 0.133789
0 0.975098 0.408691 0.025391 0.096680
0 0.966553 0.439941 0.027832 0.133789
0 0.942139 0.472656 0.024902 0.056641
0 0.945312 0.430176 0.034180 0.166992
0 0.908936 0.440430 0.027832 0.144531
0 0.455566 0.433105 0.005859 0.038086
0 0.459717 0.431641 0.005371 0.033203
0 0.444824 0.433105 0.004883 0.020508
0 0.468262 0.431152 0.007812 0.043945
0 0.450195 0.434570 0.006836 0.037109
0 0.439941 0.429199 0.008789 0.045898
0 0.427246 0.429199 0.009766 0.043945
0 0.419678 0.434570 0.006348 0.033203
0 0.412598 0.436035 0.005859 0.032227
0 0.314453 0.408691 0.043945 0.225586
0 0.351074 0.409668 0.031250 0.254883
0 0.333252 0.414551 0.045410 0.280273
0 0.046387 0.387207 0.022461 0.063477
0 0.211426 0.427246 0.092773 0.331055
0 0.703125 0.417969 0.013672 0.083984
1 0.534912 0.412598 0.009277 0.014648
1 0.521973 0.427246 0.004883 0.018555
1 0.516602 0.428711 0.010742 0.021484
1 0.512451 0.440918 0.012207 0.028320
1 0.505859 0.442383 0.015625 0.027344
2 0.668213 0.436035 0.023926 0.065430
2 0.199219 0.480957 0.065430 0.252930
3 0.749023 0.429199 0.016602 0.069336
3 0.772705 0.431641 0.024902 0.072266
3 0.817139 0.431641 0.031738 0.080078