0 0.752197 0.416016 0.014160 0.070312
0 0.818848 0.445801 0.065430 0.358398
0 0.913330 0.440430 0.065918 0.359375
0 0.905518 0.439941 0.068848 0.383789
0 0.342529 0.387207 0.006348 0.030273
0 0.353516 0.412109 0.015625 0.056641
0 0.334961 0.397949 0.010742 0.051758
1 0.673584 0.421387 0.044434 0.077148
1 0.645996 0.423340 0.041016 0.063477
1 0.593506 0.385254 0.087402 0.049805
1 0.478027 0.406250 0.058594 0.091797
1 0.401855 0.455078 0.123047 0.158203
1 0.164551 0.546387 0.323242 0.532227
1 0.571533 0.528809 0.239746 0.280273
3 0.737061 0.427246 0.027832 0.045898
3 0.767822 0.435059 0.022949 0.032227
3 0.335693 0.441406 0.037598 0.078125