0 0.529541 0.368164 0.008301 0.031250
0 0.548584 0.368652 0.005371 0.036133
0 0.554688 0.370605 0.009766 0.045898
0 0.566895 0.372559 0.007812 0.045898
0 0.577148 0.371582 0.007812 0.043945
0 0.636719 0.410156 0.025391 0.144531
0 0.656982 0.418457 0.027832 0.139648
0 0.681885 0.410645 0.028809 0.159180
0 0.729492 0.410645 0.020508 0.153320
0 0.711670 0.417480 0.023926 0.149414
0 0.755371 0.408691 0.032227 0.137695
0 0.781494 0.412598 0.024902 0.139648
0 0.849609 0.417969 0.048828 0.234375
0 0.028076 0.455566 0.043457 0.219727
0 0.096191 0.434082 0.047852 0.233398
1 0.492676 0.375488 0.019531 0.032227
1 0.958740 0.512207 0.076660 0.284180