0 0.320068 0.389160 0.006348 0.012695
0 0.279785 0.402832 0.008789 0.067383
0 0.582520 0.393066 0.005859 0.022461
0 0.671387 0.380371 0.009766 0.030273
1 0.523682 0.389160 0.011230 0.010742
1 0.509277 0.391113 0.007812 0.016602
1 0.497314 0.392090 0.020020 0.018555
1 0.555664 0.401367 0.015625 0.027344
1 0.530518 0.401855 0.015137 0.026367
2 0.171875 0.423828 0.021484 0.056641
2 0.184326 0.424805 0.016113 0.054688
2 0.199463 0.425293 0.015137 0.047852
2 0.963135 0.483398 0.067871 0.175781
2 0.661133 0.422363 0.028320 0.077148
2 0.660889 0.435547 0.022949 0.062500
2 0.677246 0.435547 0.037109 0.082031
2 0.701660 0.437500 0.060547 0.085938
2 0.719238 0.443848 0.077148 0.086914
2 0.987305 0.520020 0.019531 0.108398