0 0.704834 0.351562 0.009277 0.017578
0 0.570068 0.393555 0.016113 0.091797
0 0.651611 0.413086 0.031738 0.187500
1 0.540283 0.371582 0.006348 0.014648
1 0.536377 0.376953 0.009277 0.019531
1 0.533691 0.382324 0.005859 0.024414
1 0.519043 0.391113 0.013672 0.045898
1 0.501709 0.395508 0.030762 0.062500
1 0.490234 0.406250 0.038086 0.076172
1 0.476562 0.414062 0.018555 0.093750
1 0.446045 0.415527 0.067871 0.141602
1 0.439209 0.434082 0.052246 0.163086
1 0.391602 0.448730 0.100586 0.206055
1 0.296875 0.507324 0.177734 0.461914
1 0.133301 0.479004 0.260742 0.948242
1 0.580078 0.374512 0.005859 0.016602
1 0.581787 0.385742 0.009277 0.033203
1 0.595459 0.392090 0.014160 0.047852
1 0.606201 0.395020 0.023926 0.065430
1 0.630615 0.414551 0.013184 0.096680
1 0.658691 0.416992 0.046875 0.109375
1 0.683838 0.431152 0.051270 0.143555
1 0.698242 0.448730 0.023438 0.143555
1 0.822266 0.184082 0.067383 0.045898