0 0.520996 0.378418 0.008789 0.032227
0 0.538086 0.382324 0.007812 0.043945
0 0.733887 0.396484 0.010742 0.031250
0 0.894775 0.391602 0.020996 0.064453
0 0.714111 0.397949 0.012207 0.063477
0 0.723633 0.392090 0.009766 0.040039
1 0.895752 0.385254 0.026855 0.077148
1 0.357178 0.325684 0.091309 0.122070
1 0.400391 0.421387 0.028320 0.135742
1 0.364014 0.439941 0.086426 0.204102
1 0.291504 0.440430 0.145508 0.351562
1 0.129395 0.509766 0.252930 0.824219
2 0.628418 0.424805 0.025391 0.097656
2 0.659912 0.436523 0.029785 0.109375
2 0.913086 0.427246 0.015625 0.024414
2 0.535400 0.416016 0.051270 0.066406
3 0.810303 0.420898 0.056152 0.103516