0 0.172607 0.422363 0.014160 0.088867
0 0.186279 0.420898 0.019043 0.107422
0 0.210205 0.422363 0.013184 0.102539
0 0.219482 0.417969 0.020020 0.113281
0 0.251465 0.432129 0.034180 0.229492
0 0.276123 0.416992 0.014160 0.091797
0 0.289062 0.418945 0.011719 0.083984
0 0.305664 0.441406 0.040039 0.191406
0 0.498291 0.436523 0.016113 0.150391
0 0.479492 0.431152 0.034180 0.196289
0 0.511963 0.413086 0.024902 0.205078
0 0.507324 0.453125 0.024414 0.148438
0 0.530273 0.437012 0.039062 0.217773
0 0.572998 0.432129 0.043457 0.223633
0 0.971191 0.479004 0.051758 0.690430
1 0.452148 0.408203 0.085938 0.085938
2 0.367920 0.424316 0.040527 0.049805
2 0.554199 0.417969 0.011719 0.087891