0 0.887451 0.385742 0.037598 0.197266
0 0.859375 0.400391 0.038086 0.156250
1 0.420898 0.399902 0.012695 0.038086
1 0.423828 0.399414 0.011719 0.037109
1 0.430176 0.401367 0.018555 0.044922
1 0.438965 0.402832 0.012695 0.045898
1 0.445557 0.402344 0.013184 0.050781
1 0.456299 0.398438 0.017090 0.056641
1 0.464111 0.404785 0.010254 0.047852
1 0.496094 0.396484 0.063477 0.078125
1 0.500244 0.402832 0.030762 0.063477
1 0.523682 0.403809 0.037598 0.073242
1 0.548096 0.398438 0.033691 0.070312
1 0.550293 0.414062 0.029297 0.074219
1 0.554199 0.421875 0.020508 0.068359
1 0.586426 0.410645 0.038086 0.100586
1 0.619873 0.412598 0.082520 0.110352
1 0.607666 0.428223 0.022949 0.100586
1 0.688477 0.421387 0.157227 0.110352
1 0.392578 0.414551 0.041016 0.090820
1 0.392334 0.380859 0.039551 0.050781
1 0.391602 0.392578 0.010742 0.029297
1 0.379395 0.430664 0.049805 0.121094
1 0.335938 0.445801 0.090820 0.145508
1 0.251465 0.506348 0.130859 0.266602
1 0.110352 0.553711 0.214844 0.767578