0 0.216797 0.507324 0.026367 0.112305
0 0.662354 0.457520 0.013184 0.059570
0 0.660889 0.458496 0.012207 0.065430
0 0.804688 0.442383 0.040039 0.214844
1 0.547363 0.458984 0.027344 0.029297
1 0.589844 0.465332 0.013672 0.028320
1 0.581543 0.466797 0.008789 0.035156
1 0.616211 0.458496 0.044922 0.040039
1 0.656006 0.458496 0.036621 0.034180
1 0.559814 0.471191 0.048340 0.051758
1 0.516846 0.474609 0.040527 0.046875
1 0.482910 0.484863 0.041016 0.047852
1 0.450439 0.488770 0.040527 0.051758
1 0.398682 0.495605 0.034668 0.071289
1 0.358154 0.501465 0.068848 0.100586
2 0.266846 0.525391 0.017090 0.070312