1 0.548096 0.394043 0.016113 0.022461
1 0.572266 0.386719 0.016602 0.011719
1 0.567627 0.402344 0.014160 0.033203
1 0.575928 0.404297 0.013184 0.041016
1 0.581543 0.406250 0.014648 0.046875
1 0.613770 0.387207 0.011719 0.020508
1 0.598633 0.405273 0.032227 0.050781
1 0.639893 0.422363 0.046387 0.106445
1 0.653564 0.430664 0.043457 0.121094
1 0.693115 0.434082 0.077637 0.176758
1 0.779541 0.462402 0.167480 0.252930
1 0.877441 0.525879 0.239258 0.350586
1 0.493408 0.403809 0.005371 0.032227
1 0.491211 0.403809 0.008789 0.032227
1 0.483887 0.404785 0.015625 0.038086
1 0.481934 0.407715 0.008789 0.034180
1 0.480225 0.411133 0.005371 0.039062
1 0.464111 0.408203 0.034668 0.054688
1 0.416992 0.426758 0.011719 0.076172
1 0.387451 0.422363 0.057129 0.112305
1 0.358398 0.435547 0.067383 0.126953
1 0.328369 0.453125 0.068848 0.140625
1 0.270508 0.471680 0.092773 0.171875
1 0.177734 0.496094 0.171875 0.238281
1 0.069336 0.557617 0.132812 0.355469