0 0.740723 0.448242 0.054688 0.310547
0 0.849121 0.408691 0.038086 0.159180
0 0.991455 0.384766 0.011230 0.093750
1 0.358643 0.445801 0.014160 0.024414
1 0.326172 0.446289 0.025391 0.033203
1 0.306885 0.440430 0.008301 0.048828
1 0.291504 0.436523 0.031250 0.054688
1 0.278809 0.444824 0.022461 0.045898
1 0.263184 0.441406 0.022461 0.054688
1 0.252441 0.440430 0.020508 0.062500
1 0.222900 0.435059 0.055176 0.075195
1 0.424561 0.440430 0.135254 0.093750
1 0.838135 0.455078 0.059082 0.039062
1 0.738281 0.431152 0.140625 0.092773
2 0.149902 0.476074 0.038086 0.127930
2 0.791260 0.494629 0.087402 0.221680