0 0.474609 0.409180 0.006836 0.041016
1 0.523926 0.410156 0.018555 0.029297
1 0.529785 0.410156 0.019531 0.029297
1 0.554688 0.404785 0.020508 0.036133
1 0.569824 0.407715 0.016602 0.047852
1 0.591309 0.415039 0.041992 0.068359
1 0.243408 0.401367 0.010254 0.015625
1 0.029785 0.415527 0.013672 0.010742
1 0.468262 0.408691 0.008789 0.038086
1 0.465332 0.419434 0.005859 0.016602
1 0.445557 0.411621 0.036621 0.041992
1 0.434082 0.413574 0.031250 0.040039
1 0.388184 0.418945 0.024414 0.048828
1 0.370117 0.428223 0.048828 0.071289
1 0.373047 0.441406 0.035156 0.058594
1 0.329834 0.418945 0.059082 0.050781
1 0.279297 0.438965 0.086914 0.086914
1 0.239746 0.462402 0.096680 0.143555
1 0.119385 0.444824 0.178223 0.256836
1 0.062012 0.522461 0.118164 0.244141
2 0.678223 0.420410 0.020508 0.063477
2 0.426025 0.423340 0.014160 0.026367
2 0.413086 0.436035 0.012695 0.026367