0 0.564453 0.387695 0.005859 0.044922
0 0.576172 0.393066 0.007812 0.049805
0 0.380615 0.424316 0.017090 0.084961
0 0.363281 0.429688 0.018555 0.074219
1 0.614258 0.380859 0.013672 0.015625
1 0.555908 0.391113 0.013184 0.034180
1 0.554199 0.395996 0.009766 0.024414
1 0.722412 0.389648 0.010254 0.019531
1 0.746094 0.391602 0.006836 0.015625
1 0.761963 0.383301 0.023926 0.034180
1 0.714600 0.384766 0.008301 0.023438
1 0.699463 0.393066 0.030762 0.053711
1 0.675293 0.411133 0.045898 0.070312
1 0.623779 0.447266 0.087402 0.121094
1 0.937256 0.359863 0.055176 0.030273
1 0.933105 0.378418 0.038086 0.049805
1 0.950195 0.380859 0.046875 0.058594
1 0.956543 0.384766 0.036133 0.056641
1 0.972168 0.390137 0.049805 0.059570
1 0.968994 0.394531 0.011230 0.017578
1 0.979980 0.402344 0.034180 0.052734
1 0.994629 0.414062 0.004883 0.037109
3 0.543945 0.456543 0.034180 0.071289