0 0.644043 0.422852 0.006836 0.052734
0 0.627686 0.416016 0.018066 0.078125
0 0.661865 0.435547 0.013184 0.095703
0 0.706055 0.436523 0.032227 0.187500
0 0.822021 0.453613 0.020020 0.211914
0 0.802002 0.449707 0.042480 0.278320
0 0.849121 0.507812 0.008789 0.044922
0 0.849854 0.447754 0.024902 0.229492
0 0.897705 0.458496 0.022949 0.161133
0 0.873047 0.453125 0.039062 0.277344
0 0.604492 0.427734 0.032227 0.183594
0 0.279785 0.424805 0.008789 0.158203
0 0.127197 0.395020 0.038574 0.092773
0 0.188721 0.410645 0.028809 0.133789
0 0.956055 0.563965 0.016602 0.045898
0 0.941406 0.457520 0.111328 0.446289
1 0.297119 0.365234 0.039551 0.150391
1 0.053467 0.343750 0.101074 0.154297
2 0.122314 0.444336 0.036621 0.121094
3 0.169189 0.435547 0.045410 0.152344
3 0.255859 0.439941 0.067383 0.155273
3 0.304443 0.452637 0.034668 0.102539
3 0.351074 0.464844 0.087891 0.197266
3 0.406738 0.447754 0.087891 0.252930
3 0.515137 0.452148 0.210938 0.275391
3 0.961914 0.714355 0.070312 0.239258