0 0.405029 0.409668 0.007324 0.049805
0 0.413086 0.410645 0.009766 0.053711
0 0.447021 0.412109 0.005371 0.048828
0 0.458740 0.407715 0.007324 0.049805
0 0.464355 0.406738 0.007812 0.049805
0 0.468506 0.408203 0.010254 0.052734
0 0.679199 0.428711 0.008789 0.142578
0 0.452637 0.413574 0.009766 0.057617
0 0.658691 0.374023 0.014648 0.035156
0 0.674316 0.474121 0.005859 0.040039
0 0.559814 0.412109 0.007324 0.039062
0 0.568115 0.413086 0.009277 0.056641
0 0.579590 0.409180 0.007812 0.042969
0 0.587402 0.396973 0.004883 0.014648
0 0.743164 0.426758 0.011719 0.148438
0 0.592529 0.393555 0.007324 0.023438
0 0.601318 0.411133 0.009277 0.056641
0 0.616211 0.419922 0.017578 0.091797
0 0.667480 0.430664 0.017578 0.140625
0 0.645508 0.434570 0.037109 0.162109
0 0.734131 0.429199 0.017090 0.149414
0 0.703857 0.427734 0.014160 0.164062
0 0.689941 0.421875 0.030273 0.179688
0 0.712646 0.431152 0.015137 0.143555
0 0.753418 0.434082 0.023438 0.155273
0 0.723633 0.427734 0.040039 0.169922
0 0.777344 0.426758 0.036133 0.177734
0 0.313477 0.390625 0.015625 0.064453
0 0.342773 0.394043 0.014648 0.053711
1 0.481934 0.407715 0.019531 0.045898
1 0.523438 0.423340 0.059570 0.094727
2 0.474609 0.418457 0.006836 0.028320
3 0.590332 0.428223 0.023438 0.051758