0 0.656006 0.402344 0.005371 0.019531
0 0.645752 0.389648 0.005371 0.009766
0 0.629883 0.393555 0.007812 0.015625
0 0.618164 0.393555 0.011719 0.025391
0 0.822266 0.468750 0.039062 0.218750
0 0.864014 0.474609 0.034668 0.197266
0 0.723389 0.460938 0.040527 0.187500
0 0.754883 0.464844 0.026367 0.191406
1 0.666992 0.413086 0.021484 0.042969
1 0.644043 0.421875 0.029297 0.052734
1 0.631592 0.426758 0.029785 0.048828
1 0.598145 0.432129 0.045898 0.061523
1 0.479736 0.450195 0.122559 0.169922
1 0.261230 0.459473 0.184570 0.202148
1 0.800537 0.418945 0.020020 0.027344