0 0.465576 0.363770 0.010254 0.038086
0 0.447998 0.378418 0.011230 0.043945
0 0.398438 0.397949 0.013672 0.081055
0 0.799072 0.376465 0.011230 0.040039
0 0.864258 0.371582 0.018555 0.081055
0 0.686279 0.388184 0.020020 0.081055
0 0.708252 0.391113 0.016113 0.073242
1 0.496582 0.411133 0.154297 0.125000
1 0.777832 0.370117 0.009766 0.013672
1 0.795654 0.374023 0.026855 0.052734
1 0.971191 0.381836 0.051758 0.087891
2 0.277344 0.425781 0.028320 0.046875
2 0.254639 0.423340 0.040527 0.067383
2 0.432373 0.396973 0.011230 0.022461
2 0.989502 0.407715 0.015137 0.051758