0 0.301514 0.413574 0.008301 0.045898
0 0.310791 0.416992 0.008301 0.041016
0 0.320312 0.420410 0.005859 0.032227
0 0.499268 0.397949 0.007324 0.028320
0 0.505615 0.392090 0.006348 0.024414
0 0.161621 0.432129 0.010742 0.067383
0 0.171875 0.433105 0.012695 0.065430
1 0.615967 0.371094 0.022949 0.015625
1 0.620605 0.380371 0.019531 0.016602
1 0.558838 0.376953 0.012207 0.017578
1 0.705566 0.381348 0.023438 0.010742
1 0.708252 0.387695 0.020020 0.011719
1 0.714844 0.400391 0.026367 0.027344
1 0.696289 0.403320 0.048828 0.033203
1 0.515869 0.408691 0.026855 0.040039
1 0.570557 0.414551 0.015137 0.047852
1 0.548340 0.417480 0.040039 0.071289
1 0.432861 0.460938 0.120605 0.193359
2 0.283447 0.452148 0.015137 0.052734
2 0.256348 0.461426 0.016602 0.075195