0 0.353027 0.448242 0.031250 0.142578
0 0.398682 0.407715 0.014160 0.059570
0 0.409180 0.456055 0.022461 0.125000
0 0.475586 0.451172 0.023438 0.101562
0 0.479492 0.451172 0.024414 0.105469
0 0.523193 0.451660 0.021973 0.102539
0 0.613770 0.437012 0.014648 0.075195
0 0.595215 0.439941 0.018555 0.092773
0 0.676025 0.437500 0.020996 0.048828
0 0.713135 0.434570 0.010254 0.056641
0 0.730713 0.452148 0.025879 0.101562
0 0.702393 0.446777 0.030762 0.106445
0 0.839600 0.432129 0.013184 0.067383
0 0.859375 0.437988 0.012695 0.075195
0 0.866699 0.443359 0.011719 0.068359
0 0.883789 0.437012 0.012695 0.065430
0 0.900146 0.461914 0.025879 0.130859
0 0.925293 0.479980 0.035156 0.157227
0 0.968262 0.488281 0.034180 0.150391
0 0.827881 0.447754 0.020020 0.094727
0 0.814697 0.450684 0.014160 0.100586
0 0.790039 0.444336 0.021484 0.117188
0 0.805908 0.447754 0.019043 0.108398