0 0.814209 0.414062 0.014160 0.070312
0 0.793701 0.400879 0.015137 0.047852
0 0.717773 0.377441 0.016602 0.063477
0 0.706543 0.413086 0.019531 0.146484
0 0.611084 0.411621 0.008301 0.051758
0 0.606201 0.411621 0.010254 0.053711
0 0.093018 0.425293 0.023926 0.129883
0 0.486084 0.433594 0.020996 0.125000
0 0.473389 0.430664 0.020996 0.130859
0 0.319336 0.430176 0.030273 0.176758
0 0.276367 0.423828 0.029297 0.210938
1 0.527588 0.415039 0.057129 0.054688
1 0.481689 0.416992 0.040527 0.046875
1 0.437500 0.418457 0.053711 0.051758
1 0.363525 0.421387 0.024902 0.061523
1 0.270264 0.423828 0.056152 0.070312
1 0.197998 0.425781 0.096191 0.080078
1 0.117188 0.426270 0.068359 0.094727
2 0.394775 0.420898 0.009277 0.037109
2 0.005615 0.464355 0.005371 0.067383
2 0.029785 0.455566 0.015625 0.108398