0 0.510254 0.406250 0.007812 0.027344
0 0.594971 0.408203 0.011230 0.052734
0 0.615723 0.390137 0.006836 0.024414
0 0.664551 0.362305 0.008789 0.019531
0 0.735840 0.398926 0.026367 0.124023
0 0.379395 0.413574 0.004883 0.034180
0 0.295898 0.434570 0.012695 0.027344
0 0.278320 0.433594 0.012695 0.062500
0 0.265137 0.435059 0.008789 0.063477
1 0.473877 0.404785 0.016113 0.020508
1 0.551270 0.405273 0.011719 0.015625
1 0.668701 0.441406 0.106934 0.142578
1 0.112061 0.427734 0.017090 0.013672
2 0.015137 0.520020 0.024414 0.084961
2 0.484375 0.410645 0.011719 0.010742
2 0.469238 0.410645 0.009766 0.010742
2 0.900391 0.432617 0.087891 0.199219
2 0.586426 0.416016 0.007812 0.029297
2 0.606201 0.442871 0.015137 0.038086
2 0.329834 0.433105 0.010254 0.028320