0 0.850098 0.359375 0.010742 0.023438
0 0.018799 0.359375 0.018066 0.052734
0 0.006592 0.363770 0.007324 0.045898
0 0.086182 0.364746 0.026855 0.061523
0 0.119873 0.365723 0.006348 0.038086
0 0.125977 0.365723 0.006836 0.041992
0 0.134766 0.366211 0.006836 0.041016
0 0.140137 0.369141 0.004883 0.029297
0 0.145020 0.360840 0.006836 0.028320
0 0.153809 0.382812 0.027344 0.070312
0 0.240723 0.365723 0.011719 0.069336
0 0.260986 0.367188 0.012207 0.070312
0 0.356934 0.406250 0.046875 0.160156
0 0.349365 0.405273 0.024902 0.169922
0 0.364746 0.434082 0.015625 0.127930
0 0.663086 0.404297 0.033203 0.156250
0 0.805664 0.429688 0.043945 0.267578
0 0.869385 0.435547 0.063965 0.246094
0 0.918701 0.442871 0.050293 0.229492
0 0.705078 0.365723 0.008789 0.051758
0 0.698975 0.364258 0.010254 0.058594
2 0.420898 0.390625 0.018555 0.044922
2 0.437744 0.405273 0.014160 0.070312