0 0.598389 0.396484 0.010254 0.048828
0 0.432373 0.399902 0.010254 0.055664
0 0.444824 0.402832 0.011719 0.049805
0 0.396240 0.405273 0.011230 0.072266
0 0.404053 0.413086 0.013184 0.066406
0 0.346436 0.419434 0.021973 0.104492
0 0.282715 0.424316 0.025391 0.145508
1 0.506592 0.378418 0.012207 0.016602
1 0.549805 0.391113 0.005859 0.022461
1 0.561279 0.395508 0.020996 0.041016
1 0.562256 0.400391 0.018066 0.037109
1 0.561768 0.404785 0.011230 0.041992
1 0.575928 0.406738 0.029785 0.045898
1 0.646484 0.428223 0.075195 0.139648
1 0.661865 0.446289 0.073730 0.164062
1 0.718750 0.461426 0.101562 0.227539
1 0.844971 0.506836 0.277832 0.333984
1 0.533447 0.407715 0.039551 0.059570
2 0.400146 0.423828 0.019043 0.042969
2 0.210449 0.458496 0.022461 0.108398