1 0.700684 0.396973 0.005859 0.024414
1 0.589355 0.403320 0.006836 0.027344
1 0.554443 0.403320 0.046387 0.062500
1 0.533936 0.413574 0.020020 0.047852
1 0.654053 0.398926 0.013184 0.043945
1 0.664551 0.400391 0.020508 0.052734
1 0.667480 0.402344 0.016602 0.052734
1 0.682373 0.408691 0.036621 0.061523
1 0.778564 0.451172 0.096191 0.169922
1 0.844482 0.479004 0.122559 0.233398
1 0.914551 0.520996 0.165039 0.377930
1 0.378906 0.459473 0.169922 0.206055
1 0.258301 0.497070 0.184570 0.226562
1 0.107666 0.585449 0.209473 0.442383
2 0.536621 0.422852 0.025391 0.039062