0 0.257080 0.444336 0.022949 0.140625
0 0.385742 0.415527 0.022461 0.124023
0 0.408447 0.416504 0.020020 0.114258
0 0.675781 0.333984 0.005859 0.021484
0 0.670166 0.335938 0.007324 0.023438
0 0.658203 0.345703 0.006836 0.044922
0 0.590820 0.381348 0.004883 0.051758
0 0.612061 0.320801 0.006348 0.014648
0 0.583984 0.375000 0.012695 0.064453
1 0.389160 0.412109 0.090820 0.113281
1 0.319580 0.434570 0.099121 0.101562
1 0.245361 0.446289 0.145020 0.105469
1 0.686279 0.381836 0.059082 0.078125
1 0.730469 0.395020 0.073242 0.127930
1 0.811768 0.396973 0.113770 0.184570