0 0.764648 0.400879 0.017578 0.092773
0 0.785156 0.403809 0.022461 0.084961
0 0.634277 0.379883 0.007812 0.044922
0 0.656738 0.384277 0.011719 0.059570
0 0.642822 0.388184 0.009277 0.055664
0 0.381836 0.405762 0.023438 0.161133
0 0.607422 0.389648 0.010742 0.056641
1 0.525391 0.369629 0.006836 0.016602
1 0.483643 0.367676 0.017090 0.038086
1 0.459473 0.375488 0.034180 0.049805
1 0.596924 0.374512 0.035645 0.049805
1 0.539062 0.370605 0.007812 0.012695
1 0.533447 0.371582 0.011230 0.012695
2 0.018555 0.296387 0.030273 0.063477
2 0.504395 0.384277 0.007812 0.020508