0 0.068848 0.338867 0.028320 0.064453
0 0.142578 0.420898 0.047852 0.195312
0 0.214844 0.487793 0.059570 0.280273
0 0.395752 0.403809 0.011230 0.065430
1 0.308105 0.459961 0.064453 0.164062
1 0.191406 0.434082 0.233398 0.354492
1 0.087646 0.613770 0.169434 0.563477
1 0.452148 0.405273 0.031250 0.070312
1 0.458008 0.409668 0.034180 0.081055
1 0.467529 0.413086 0.017090 0.082031
1 0.479248 0.410156 0.024902 0.101562
1 0.493896 0.406738 0.026855 0.114258
1 0.503906 0.426758 0.005859 0.048828
1 0.584961 0.402344 0.158203 0.193359
1 0.602051 0.419434 0.087891 0.166992
1 0.628662 0.461426 0.016113 0.110352
1 0.708008 0.429199 0.167969 0.249023
1 0.851318 0.431641 0.225098 0.306641
1 0.906738 0.498047 0.180664 0.427734
2 0.432861 0.427246 0.017090 0.051758
3 0.420654 0.416016 0.035645 0.050781