0 0.880615 0.395020 0.031738 0.133789
0 0.416992 0.412598 0.020508 0.069336
0 0.424805 0.401367 0.007812 0.042969
0 0.454590 0.403320 0.008789 0.041016
0 0.488770 0.388184 0.005859 0.010742
0 0.473389 0.375000 0.018066 0.033203
0 0.951416 0.406250 0.049316 0.210938
0 0.852783 0.403320 0.022949 0.121094
1 0.837158 0.386719 0.009277 0.025391
1 0.446777 0.401367 0.011719 0.009766
1 0.558105 0.395508 0.025391 0.033203
1 0.784912 0.394043 0.020020 0.036133
1 0.726807 0.394531 0.009277 0.029297
1 0.405762 0.406250 0.012695 0.021484
1 0.387207 0.404785 0.028320 0.028320
1 0.709229 0.398438 0.035645 0.041016
2 0.775391 0.398926 0.024414 0.028320