0 0.221924 0.406738 0.028809 0.163086
0 0.496094 0.375977 0.007812 0.048828
0 0.504395 0.370605 0.011719 0.061523
0 0.473633 0.338867 0.010742 0.029297
0 0.473145 0.383789 0.018555 0.101562
0 0.489014 0.385254 0.030762 0.104492
0 0.565674 0.373535 0.008301 0.049805
0 0.575684 0.371094 0.012695 0.054688
0 0.796143 0.377441 0.006348 0.032227
0 0.760498 0.395996 0.026855 0.127930
0 0.660889 0.378418 0.019043 0.102539
0 0.673584 0.396973 0.024902 0.114258
1 0.243652 0.403809 0.083984 0.104492
1 0.346924 0.371094 0.101074 0.070312
1 0.702637 0.381348 0.043945 0.049805
1 0.770020 0.385254 0.053711 0.073242
2 0.231445 0.416016 0.051758 0.093750
2 0.245117 0.458496 0.076172 0.075195