0 0.533936 0.402344 0.006348 0.027344
0 0.581543 0.402832 0.008789 0.034180
1 0.518555 0.401367 0.011719 0.021484
1 0.453857 0.402344 0.042480 0.023438
1 0.418945 0.411133 0.044922 0.037109
1 0.380127 0.413574 0.010254 0.024414
1 0.359375 0.425781 0.032227 0.080078
1 0.340332 0.426758 0.032227 0.085938
1 0.314941 0.428711 0.055664 0.101562
1 0.291016 0.454102 0.029297 0.064453
1 0.216309 0.417480 0.159180 0.165039
1 0.162354 0.397949 0.050293 0.073242
1 0.110352 0.450684 0.214844 0.204102
1 0.029785 0.503906 0.053711 0.162109
2 0.447266 0.413086 0.026367 0.033203