0 0.539062 0.354492 0.030273 0.064453
0 0.500000 0.357422 0.013672 0.062500
0 0.511719 0.354492 0.007812 0.035156
0 0.478027 0.387207 0.019531 0.112305
0 0.456055 0.380859 0.024414 0.123047
0 0.428955 0.378906 0.021973 0.119141
0 0.437500 0.400879 0.016602 0.079102
1 0.659912 0.332520 0.015137 0.016602
1 0.669922 0.321777 0.012695 0.016602
1 0.660645 0.342773 0.011719 0.021484
1 0.662842 0.344727 0.014160 0.021484
1 0.675293 0.360352 0.018555 0.031250
1 0.617920 0.354492 0.016113 0.029297
1 0.607666 0.357910 0.015137 0.040039
1 0.606934 0.361816 0.012695 0.040039
1 0.593262 0.361328 0.026367 0.052734
1 0.565186 0.380371 0.033691 0.073242
1 0.845215 0.467285 0.191406 0.229492
1 0.940918 0.544434 0.112305 0.391602