0 0.770752 0.424316 0.020996 0.129883
0 0.343750 0.378418 0.008789 0.018555
1 0.517822 0.409180 0.011230 0.017578
1 0.521729 0.409180 0.011230 0.017578
1 0.537109 0.408203 0.012695 0.023438
1 0.544189 0.416016 0.007324 0.044922
1 0.563477 0.418945 0.045898 0.076172
1 0.466309 0.409668 0.014648 0.028320
1 0.462158 0.416504 0.005371 0.020508
1 0.453857 0.412109 0.014160 0.037109
1 0.441895 0.412109 0.025391 0.037109
1 0.428955 0.414062 0.051270 0.042969
1 0.358887 0.422852 0.083008 0.080078
1 0.349121 0.424805 0.053711 0.070312
1 0.288574 0.417480 0.148438 0.114258
1 0.267090 0.429199 0.092773 0.106445
1 0.265137 0.459473 0.049805 0.094727
1 0.194092 0.437988 0.103027 0.124023
1 0.192871 0.459961 0.098633 0.158203
1 0.081055 0.452148 0.156250 0.244141
1 0.031006 0.487793 0.056152 0.254883
2 0.609131 0.422852 0.012207 0.033203
2 0.308594 0.462402 0.041016 0.079102
2 0.666260 0.443848 0.007324 0.038086
2 0.687500 0.434082 0.013672 0.057617