0 0.035400 0.434570 0.019043 0.042969
0 0.053467 0.451660 0.021973 0.079102
0 0.067139 0.422363 0.022949 0.090820
0 0.021729 0.460449 0.020996 0.102539
0 0.021973 0.462891 0.038086 0.095703
0 0.148926 0.458008 0.012695 0.103516
0 0.175293 0.461914 0.030273 0.117188
0 0.129639 0.451172 0.036621 0.210938
0 0.108398 0.458008 0.045898 0.207031
0 0.555908 0.399902 0.005371 0.038086
0 0.559326 0.401367 0.008301 0.041016
0 0.579834 0.406738 0.007324 0.059570
0 0.604980 0.399902 0.011719 0.061523
0 0.596191 0.415039 0.011719 0.058594
0 0.586426 0.411133 0.013672 0.066406
0 0.568848 0.408203 0.014648 0.080078
0 0.546875 0.424316 0.019531 0.110352
0 0.618164 0.400391 0.005859 0.044922
0 0.623291 0.405762 0.009277 0.071289
0 0.628906 0.422363 0.016602 0.086914
0 0.898926 0.439453 0.044922 0.119141
1 0.295654 0.475098 0.232910 0.233398
1 0.496338 0.411133 0.016113 0.056641
1 0.471191 0.414062 0.044922 0.066406
1 0.537354 0.385254 0.009277 0.026367
1 0.529541 0.390625 0.020020 0.029297