0 0.671387 0.393555 0.006836 0.046875
1 0.444824 0.418945 0.012695 0.035156
1 0.420898 0.413574 0.043945 0.053711
1 0.417480 0.426270 0.013672 0.041992
1 0.408936 0.426758 0.019043 0.044922
1 0.371094 0.419922 0.062500 0.083984
1 0.306396 0.416504 0.109863 0.047852
1 0.561768 0.407715 0.013184 0.034180
1 0.573486 0.416992 0.012207 0.048828
1 0.594238 0.419922 0.041992 0.062500
1 0.305420 0.440918 0.143066 0.088867
2 0.459717 0.438965 0.038574 0.071289
2 0.523682 0.410156 0.006348 0.015625
2 0.857422 0.420410 0.034180 0.059570
2 0.299072 0.448242 0.057129 0.076172