1 0.378418 0.411621 0.005859 0.010742
1 0.389893 0.409180 0.008301 0.015625
1 0.443115 0.399414 0.017090 0.037109
1 0.449463 0.408203 0.014160 0.021484
1 0.461426 0.405762 0.016602 0.024414
1 0.470947 0.405762 0.012207 0.024414
1 0.480957 0.404785 0.013672 0.028320
1 0.491943 0.403320 0.015137 0.035156
1 0.495117 0.405762 0.008789 0.034180
1 0.502686 0.402832 0.014160 0.040039
1 0.510986 0.404785 0.015137 0.043945
1 0.526123 0.404785 0.025879 0.049805
1 0.529297 0.407227 0.018555 0.050781
1 0.544678 0.405762 0.024902 0.059570
1 0.548096 0.408203 0.017090 0.060547
1 0.571533 0.404297 0.044434 0.080078
1 0.590820 0.414062 0.043945 0.095703
1 0.644775 0.422852 0.092285 0.146484
1 0.817139 0.406250 0.271973 0.361328