0 0.765869 0.408691 0.020020 0.084961
0 0.260010 0.427734 0.027832 0.142578
0 0.240234 0.428711 0.023438 0.136719
1 0.187256 0.395508 0.029785 0.033203
1 0.159912 0.396973 0.016113 0.030273
1 0.134766 0.393555 0.013672 0.031250
1 0.122803 0.398438 0.029785 0.041016
1 0.116211 0.403320 0.022461 0.044922
1 0.108398 0.409668 0.006836 0.018555
1 0.085449 0.396973 0.039062 0.051758
1 0.098145 0.404297 0.014648 0.042969
1 0.056152 0.384277 0.039062 0.016602
1 0.075195 0.409180 0.046875 0.052734
1 0.051514 0.409180 0.027832 0.056641
1 0.348389 0.382324 0.010254 0.024414
1 0.347168 0.389648 0.011719 0.013672
1 0.362305 0.387207 0.006836 0.010742
1 0.383545 0.404785 0.047363 0.073242
1 0.021973 0.409180 0.038086 0.054688
1 0.006836 0.420898 0.007812 0.029297
1 0.325928 0.387695 0.006348 0.021484
1 0.335205 0.386230 0.016113 0.020508
2 0.417969 0.409180 0.007812 0.035156
2 0.426025 0.408203 0.006348 0.033203
2 0.439697 0.411133 0.006348 0.031250
2 0.435547 0.412598 0.005859 0.030273
2 0.583008 0.454590 0.022461 0.081055
2 0.936768 0.517090 0.093262 0.125977