0 0.463135 0.406250 0.010254 0.037109
0 0.498047 0.408691 0.007812 0.040039
0 0.521484 0.406738 0.004883 0.028320
0 0.540039 0.408203 0.007812 0.046875
0 0.566162 0.414551 0.005371 0.047852
0 0.546631 0.410156 0.010254 0.056641
0 0.559326 0.410156 0.010254 0.064453
0 0.568359 0.411133 0.006836 0.058594
0 0.575195 0.410645 0.012695 0.065430
0 0.624023 0.409180 0.007812 0.085938
0 0.629883 0.414062 0.011719 0.105469
0 0.639893 0.410645 0.015137 0.122070
0 0.657471 0.404785 0.032715 0.141602
0 0.676514 0.458008 0.010254 0.017578
0 0.708008 0.408203 0.021484 0.142578
0 0.686768 0.425781 0.028809 0.136719
0 0.803711 0.380371 0.011719 0.077148
0 0.763184 0.378418 0.019531 0.063477
0 0.784912 0.374512 0.030762 0.110352
0 0.814209 0.407715 0.024902 0.159180
0 0.832031 0.427734 0.018555 0.113281
0 0.918457 0.428223 0.035156 0.108398
0 0.444092 0.409180 0.007324 0.029297
0 0.437744 0.407715 0.005371 0.040039
0 0.429199 0.411133 0.004883 0.031250
0 0.432373 0.404785 0.007324 0.045898
0 0.397461 0.403809 0.006836 0.020508
0 0.394043 0.409668 0.006836 0.028320
0 0.387695 0.413086 0.008789 0.023438
0 0.360596 0.428711 0.027832 0.064453
0 0.201660 0.415527 0.014648 0.077148
0 0.211182 0.439453 0.012207 0.037109
0 0.253662 0.376465 0.005371 0.014648
0 0.250000 0.419434 0.010742 0.079102
0 0.240479 0.408203 0.015137 0.132812
0 0.258789 0.432129 0.013672 0.116211
0 0.220947 0.408203 0.032715 0.167969
0 0.272217 0.414062 0.034668 0.201172
0 0.307129 0.420898 0.039062 0.201172
0 0.615723 0.407715 0.020508 0.127930
0 0.595215 0.424316 0.016602 0.127930
0 0.595703 0.416992 0.023438 0.142578
2 0.772705 0.478516 0.050293 0.175781
2 0.968262 0.548828 0.057617 0.326172
2 0.891602 0.562012 0.090820 0.297852