0 0.057129 0.453125 0.041992 0.175781
0 0.021729 0.456543 0.037598 0.202148
0 0.008789 0.470703 0.011719 0.146484
1 0.842529 0.417969 0.131348 0.308594
1 0.924072 0.504395 0.145996 0.350586
1 0.967529 0.590332 0.059082 0.334961
1 0.757568 0.407227 0.020996 0.074219
1 0.738037 0.412598 0.044434 0.088867
1 0.659180 0.406738 0.015625 0.045898
1 0.633301 0.410645 0.041016 0.053711
1 0.586914 0.415527 0.059570 0.061523
1 0.479004 0.412109 0.044922 0.060547
1 0.512451 0.418945 0.089355 0.085938
1 0.332275 0.452637 0.140137 0.157227
1 0.694336 0.418945 0.074219 0.117188