0 0.825684 0.390625 0.024414 0.068359
0 0.605713 0.386230 0.006348 0.049805
0 0.600098 0.385742 0.012695 0.060547
1 0.463135 0.399414 0.017090 0.025391
1 0.482178 0.398438 0.017090 0.035156
1 0.531006 0.405273 0.066895 0.113281
1 0.118408 0.424805 0.015137 0.056641
1 0.150879 0.421875 0.062500 0.099609
1 0.264648 0.416504 0.040039 0.049805
1 0.443604 0.401855 0.005371 0.012695
1 0.439209 0.402344 0.005371 0.011719
1 0.457275 0.397949 0.021973 0.034180
1 0.331787 0.382324 0.041504 0.026367
1 0.339600 0.410645 0.068848 0.059570
1 0.405518 0.401855 0.056152 0.092773
1 0.197998 0.423828 0.106934 0.103516
1 0.915283 0.519531 0.163574 0.519531
2 0.349121 0.417969 0.015625 0.046875
2 0.286377 0.424805 0.011230 0.033203