0 0.759033 0.441895 0.005371 0.026367
0 0.799072 0.442871 0.011230 0.020508
0 0.241943 0.419434 0.014160 0.057617
0 0.230713 0.420410 0.013184 0.045898
0 0.193115 0.423340 0.016113 0.028320
1 0.635986 0.395020 0.022949 0.024414
1 0.664062 0.404297 0.021484 0.027344
1 0.563477 0.408691 0.015625 0.041992
1 0.554199 0.412598 0.019531 0.047852
1 0.534668 0.417969 0.037109 0.058594
1 0.459717 0.421387 0.063965 0.098633
1 0.397461 0.418945 0.034180 0.048828
1 0.374268 0.426270 0.025879 0.045898
1 0.359131 0.427734 0.019043 0.050781
1 0.338623 0.429199 0.036621 0.059570
1 0.322266 0.434570 0.029297 0.062500
1 0.291260 0.430664 0.052246 0.089844
2 0.618408 0.424805 0.006348 0.050781
2 0.705566 0.433105 0.008789 0.061523