0 0.493408 0.419434 0.008301 0.032227
0 0.408203 0.416992 0.018555 0.070312
1 0.521484 0.416992 0.016602 0.027344
1 0.472412 0.418945 0.016113 0.037109
1 0.473877 0.421875 0.012207 0.033203
1 0.469238 0.422363 0.008789 0.034180
1 0.447021 0.416504 0.036621 0.065430
1 0.542725 0.421387 0.007324 0.034180
1 0.545410 0.421387 0.007812 0.036133
1 0.567871 0.436523 0.009766 0.052734
1 0.594971 0.424316 0.052246 0.092773
1 0.597168 0.437012 0.036133 0.092773
1 0.629150 0.444336 0.077637 0.099609
1 0.893799 0.582520 0.206543 0.477539