1 0.512695 0.386230 0.005859 0.014648
1 0.505127 0.383301 0.011230 0.018555
1 0.635986 0.413574 0.057129 0.104492
1 0.657471 0.425781 0.031738 0.126953
1 0.727051 0.414551 0.133789 0.219727
1 0.794434 0.453613 0.153320 0.256836
1 0.895264 0.503418 0.203613 0.379883
1 0.988281 0.620605 0.017578 0.223633
1 0.433594 0.394043 0.014648 0.032227
1 0.416504 0.398926 0.040039 0.041992
1 0.377441 0.399414 0.045898 0.042969
1 0.368896 0.410645 0.021973 0.024414
1 0.337402 0.413086 0.051758 0.068359
1 0.315674 0.407715 0.056152 0.063477
1 0.277100 0.415527 0.121582 0.090820
1 0.265869 0.423340 0.090332 0.094727
1 0.262695 0.445801 0.027344 0.069336
1 0.208496 0.431152 0.109375 0.116211
1 0.164307 0.448242 0.116699 0.140625
1 0.061035 0.424805 0.116211 0.269531
1 0.020020 0.514160 0.034180 0.102539
1 0.473145 0.416992 0.076172 0.119141