1 0.497314 0.355469 0.007324 0.015625
1 0.492188 0.357910 0.004883 0.014648
1 0.486816 0.359863 0.011719 0.012695
1 0.489014 0.366699 0.006348 0.020508
1 0.481934 0.368652 0.013672 0.024414
1 0.523193 0.368652 0.008301 0.020508
1 0.526855 0.371094 0.005859 0.027344
1 0.538574 0.373047 0.019531 0.041016
1 0.541748 0.379883 0.021973 0.041016
1 0.546631 0.389648 0.022949 0.046875
1 0.570801 0.390625 0.039062 0.064453
1 0.558105 0.404785 0.011719 0.061523
1 0.573975 0.401855 0.031738 0.073242
1 0.576172 0.404297 0.020508 0.074219
1 0.581055 0.409180 0.017578 0.083984
1 0.588867 0.408203 0.021484 0.105469
1 0.627441 0.405273 0.076172 0.164062
1 0.638428 0.440430 0.039551 0.156250
1 0.699951 0.434570 0.115723 0.271484
1 0.850098 0.438965 0.275391 0.426758
1 0.891846 0.574219 0.210449 0.607422
2 0.454590 0.399902 0.007812 0.024414