0 0.703369 0.422852 0.006348 0.056641
0 0.692627 0.412109 0.014160 0.080078
0 0.679443 0.413086 0.010254 0.078125
0 0.668701 0.413086 0.013184 0.080078
0 0.501953 0.406250 0.021484 0.105469
0 0.602783 0.414551 0.005371 0.071289
0 0.557861 0.411621 0.018066 0.106445
0 0.595703 0.408691 0.012695 0.084961
0 0.584717 0.406738 0.022949 0.118164
0 0.617432 0.416504 0.005371 0.061523
0 0.610107 0.406250 0.015137 0.091797
0 0.631348 0.410645 0.012695 0.083008
0 0.641602 0.412109 0.018555 0.083984
0 0.648926 0.432129 0.008789 0.036133
0 0.657227 0.415527 0.013672 0.077148
2 0.778564 0.443359 0.080566 0.083984
2 0.547363 0.430176 0.013672 0.036133
2 0.622803 0.425293 0.009277 0.034180