0 0.546631 0.395996 0.007324 0.071289
0 0.508301 0.396973 0.005859 0.053711
0 0.512207 0.396484 0.008789 0.054688
0 0.558594 0.392578 0.024414 0.126953
0 0.538818 0.403320 0.020996 0.113281
0 0.433105 0.389648 0.015625 0.072266
0 0.456543 0.399902 0.024414 0.127930
0 0.398193 0.430176 0.032715 0.143555
0 0.371094 0.438965 0.036133 0.124023
0 0.332520 0.425781 0.013672 0.140625
0 0.348633 0.404297 0.041016 0.207031
0 0.484863 0.394531 0.010742 0.058594
0 0.495117 0.395020 0.010742 0.057617
0 0.520752 0.397949 0.009277 0.043945
0 0.527588 0.405273 0.005371 0.029297
1 0.368164 0.358398 0.133789 0.277344
2 0.726562 0.471680 0.049805 0.156250
2 0.841797 0.467285 0.145508 0.153320