0 0.263428 0.439941 0.016113 0.043945
0 0.286621 0.448730 0.021484 0.057617
0 0.641602 0.424805 0.005859 0.042969
0 0.654297 0.414062 0.005859 0.060547
0 0.646973 0.407715 0.017578 0.084961
0 0.722168 0.427734 0.022461 0.203125
0 0.753906 0.460449 0.010742 0.137695
0 0.738281 0.426270 0.024414 0.223633
0 0.801025 0.430176 0.023926 0.188477
1 0.659180 0.392578 0.010742 0.019531
1 0.633789 0.406738 0.012695 0.038086
1 0.619873 0.408691 0.023926 0.040039
1 0.594971 0.412109 0.036621 0.044922
1 0.566895 0.413574 0.036133 0.047852
1 0.534668 0.417969 0.045898 0.050781
1 0.360107 0.429688 0.093262 0.113281
1 0.152832 0.458008 0.150391 0.242188
1 0.060547 0.445801 0.115234 0.354492
2 0.484619 0.426270 0.020996 0.036133
2 0.234619 0.475098 0.018066 0.053711