0 0.421631 0.385742 0.007324 0.033203
0 0.412842 0.387695 0.005371 0.031250
0 0.461426 0.385742 0.004883 0.027344
0 0.511719 0.380371 0.008789 0.030273
0 0.525635 0.383301 0.006348 0.024414
0 0.541504 0.381836 0.014648 0.029297
0 0.772705 0.361328 0.007324 0.013672
0 0.773193 0.369629 0.008301 0.038086
0 0.781494 0.395508 0.022949 0.107422
0 0.797607 0.396484 0.024902 0.117188
0 0.844971 0.374512 0.007324 0.030273
0 0.580322 0.400391 0.010254 0.070312
0 0.473633 0.410156 0.009766 0.066406
0 0.451660 0.409180 0.010742 0.074219
0 0.442383 0.414551 0.016602 0.067383
0 0.328125 0.405273 0.012695 0.039062
0 0.386230 0.396484 0.007812 0.046875
0 0.270020 0.398438 0.009766 0.035156
0 0.246338 0.416016 0.014160 0.095703
0 0.128174 0.435547 0.017090 0.123047
0 0.145264 0.433594 0.026855 0.125000
0 0.601807 0.394531 0.007324 0.050781
1 0.670898 0.414062 0.064453 0.097656
2 0.618896 0.394043 0.009277 0.026367
2 0.627930 0.400391 0.006836 0.035156