0 0.078125 0.427246 0.007812 0.024414
0 0.103516 0.428223 0.008789 0.028320
0 0.094482 0.446289 0.010254 0.056641
0 0.219971 0.467773 0.032715 0.119141
0 0.207764 0.470215 0.027832 0.120117
0 0.090332 0.441406 0.009766 0.048828
0 0.080566 0.440430 0.012695 0.042969
0 0.069336 0.430664 0.017578 0.035156
0 0.027588 0.443848 0.007324 0.067383
0 0.040771 0.439453 0.009277 0.044922
0 0.012939 0.450195 0.014160 0.093750
0 0.510742 0.464844 0.019531 0.115234
0 0.545410 0.462402 0.021484 0.118164
0 0.568848 0.461426 0.034180 0.124023
0 0.593750 0.465820 0.013672 0.087891
1 0.158936 0.442383 0.018066 0.041016
1 0.146973 0.450684 0.032227 0.051758
1 0.136719 0.458496 0.012695 0.049805
1 0.116943 0.462891 0.044434 0.064453
1 0.219482 0.425781 0.007324 0.013672
1 0.244385 0.439941 0.021973 0.038086
1 0.260986 0.445312 0.019043 0.035156
1 0.278564 0.452637 0.024902 0.041992
1 0.303711 0.458496 0.042969 0.077148
1 0.304688 0.467773 0.021484 0.068359
1 0.315674 0.469238 0.020996 0.077148
1 0.342529 0.474121 0.065918 0.090820
1 0.196289 0.444824 0.024414 0.053711
2 0.714111 0.488281 0.013184 0.042969