0 0.086182 0.373535 0.013184 0.026367
0 0.099854 0.385254 0.017090 0.045898
0 0.081299 0.387695 0.028809 0.041016
0 0.053467 0.387695 0.015137 0.042969
0 0.035156 0.387207 0.023438 0.043945
0 0.038574 0.388184 0.027344 0.041992
0 0.908936 0.438477 0.007324 0.095703
0 0.901611 0.440918 0.020996 0.106445
1 0.783203 0.421387 0.063477 0.063477
1 0.608887 0.418945 0.011719 0.039062
1 0.469238 0.409180 0.035156 0.050781
1 0.512207 0.406250 0.037109 0.052734
2 0.186768 0.433594 0.028809 0.085938
2 0.708496 0.422852 0.010742 0.039062
2 0.383789 0.415527 0.012695 0.030273
2 0.395508 0.411621 0.010742 0.032227
2 0.410645 0.412598 0.011719 0.030273
2 0.447998 0.441895 0.037598 0.073242
2 0.520264 0.443848 0.049316 0.088867
3 0.373047 0.405762 0.010742 0.041992