0 0.735596 0.423828 0.006348 0.031250
0 0.613281 0.403320 0.005859 0.015625
0 0.467529 0.369141 0.011230 0.015625
0 0.650146 0.422363 0.011230 0.053711
0 0.641113 0.418945 0.009766 0.060547
0 0.270264 0.424805 0.028809 0.171875
1 0.791504 0.428223 0.025391 0.028320
1 0.750244 0.426270 0.029785 0.030273
1 0.715576 0.418945 0.033691 0.041016
1 0.677246 0.417480 0.018555 0.043945
1 0.657959 0.417480 0.037598 0.043945
1 0.628662 0.418945 0.036621 0.041016
1 0.598389 0.414062 0.025879 0.046875
1 0.584473 0.416992 0.046875 0.050781
1 0.469482 0.422852 0.036621 0.093750
1 0.417236 0.422852 0.076660 0.123047
1 0.335938 0.430176 0.113281 0.153320
1 0.194336 0.413574 0.195312 0.258789
1 0.512451 0.434570 0.104004 0.132812
1 0.905762 0.441895 0.041992 0.086914
1 0.948975 0.450195 0.063965 0.103516
1 0.974365 0.459961 0.045410 0.123047