0 0.687256 0.471680 0.006348 0.021484
0 0.705566 0.471680 0.005859 0.015625
0 0.699219 0.470215 0.008789 0.020508
0 0.568604 0.504883 0.007324 0.039062
0 0.429443 0.531250 0.069824 0.230469
1 0.536133 0.500000 0.009766 0.013672
1 0.476074 0.524414 0.011719 0.050781
1 0.456787 0.522461 0.037598 0.066406
1 0.446533 0.531738 0.028809 0.061523
1 0.435791 0.533691 0.012207 0.067383
1 0.395264 0.539551 0.029785 0.083008
1 0.367432 0.543457 0.050293 0.092773
1 0.319580 0.548340 0.070801 0.120117
1 0.254883 0.565918 0.108398 0.127930