0 0.489990 0.394531 0.006348 0.023438
1 0.476074 0.397949 0.007812 0.014648
1 0.467773 0.400879 0.005859 0.024414
1 0.458252 0.399902 0.017090 0.032227
1 0.453857 0.406250 0.019043 0.025391
1 0.438721 0.414551 0.014160 0.030273
1 0.435303 0.416992 0.009277 0.035156
1 0.421875 0.412598 0.023438 0.049805
1 0.422607 0.418457 0.017090 0.043945
1 0.411377 0.420898 0.020996 0.048828
1 0.400635 0.419922 0.013184 0.056641
1 0.380371 0.420898 0.042969 0.060547
1 0.309326 0.430664 0.049316 0.093750
1 0.268555 0.440918 0.084961 0.120117
1 0.181641 0.456543 0.152344 0.168945
1 0.051514 0.491699 0.097168 0.245117
1 0.576416 0.413086 0.033691 0.066406
1 0.579102 0.415039 0.030273 0.062500
1 0.579590 0.418945 0.018555 0.070312
1 0.594971 0.420410 0.029785 0.073242
1 0.595703 0.426758 0.024414 0.076172
1 0.604248 0.426758 0.024902 0.085938
1 0.622070 0.430664 0.041992 0.105469
1 0.655762 0.432617 0.061523 0.132812
1 0.709229 0.448242 0.087402 0.162109
1 0.795410 0.473633 0.163086 0.230469
1 0.906006 0.527344 0.182129 0.410156
1 0.535400 0.416016 0.052246 0.085938