0 0.062256 0.403320 0.011230 0.041016
0 0.563477 0.363281 0.005859 0.009766
0 0.627930 0.410645 0.009766 0.063477
0 0.618408 0.407227 0.022949 0.089844
0 0.609131 0.407715 0.015137 0.086914
0 0.610596 0.461914 0.012207 0.042969
1 0.384033 0.416016 0.016113 0.025391
1 0.393066 0.415039 0.010742 0.031250
1 0.412109 0.410645 0.031250 0.041992
1 0.355713 0.434570 0.026855 0.097656
1 0.333252 0.439941 0.050293 0.112305
1 0.306885 0.454590 0.071777 0.131836
1 0.266602 0.469238 0.098633 0.153320
1 0.167725 0.481934 0.186035 0.282227
1 0.054932 0.491699 0.104004 0.422852
1 0.451904 0.414551 0.020996 0.045898
1 0.464355 0.415527 0.022461 0.047852
1 0.475830 0.416016 0.013184 0.052734
1 0.499756 0.405762 0.042480 0.084961
1 0.510986 0.420410 0.026855 0.075195
1 0.534180 0.420898 0.032227 0.082031
1 0.571533 0.423340 0.061035 0.110352
1 0.741455 0.385742 0.208496 0.339844
1 0.875488 0.493164 0.243164 0.298828
2 0.530273 0.463379 0.014648 0.086914