0 0.423096 0.419922 0.010254 0.072266
0 0.312500 0.410156 0.017578 0.089844
0 0.395508 0.402832 0.015625 0.049805
0 0.278320 0.426758 0.029297 0.128906
0 0.433350 0.417969 0.013184 0.074219
1 0.589111 0.390625 0.016113 0.033203
1 0.586670 0.411133 0.012207 0.031250
1 0.562012 0.399414 0.043945 0.029297
1 0.548584 0.467285 0.111816 0.125977
1 0.609619 0.415039 0.012207 0.048828
1 0.621582 0.413086 0.029297 0.056641
1 0.626709 0.421875 0.030762 0.068359
1 0.643066 0.446777 0.032227 0.131836
1 0.700195 0.450684 0.106445 0.184570
1 0.793701 0.481934 0.159668 0.225586
1 0.918457 0.526367 0.157227 0.390625
2 0.690430 0.532227 0.037109 0.193359