0 0.594238 0.393555 0.010742 0.031250
1 0.588135 0.402832 0.008301 0.014648
1 0.576416 0.395996 0.015137 0.014648
1 0.545898 0.407715 0.015625 0.032227
1 0.557861 0.415527 0.007324 0.038086
1 0.560303 0.415039 0.008301 0.039062
1 0.573242 0.416504 0.026367 0.041992
1 0.535889 0.415527 0.008301 0.012695
1 0.601074 0.428223 0.032227 0.079102
1 0.631592 0.424805 0.056152 0.089844
1 0.639404 0.443848 0.062988 0.122070
1 0.679443 0.455566 0.059082 0.166992
1 0.736084 0.477539 0.129395 0.222656
1 0.864990 0.534180 0.264160 0.349609
1 0.476074 0.427734 0.016602 0.058594
1 0.468262 0.426758 0.018555 0.066406
1 0.460205 0.432129 0.025879 0.081055
1 0.433594 0.430664 0.047852 0.105469
1 0.429932 0.445801 0.031738 0.100586
1 0.401855 0.440430 0.054688 0.142578
1 0.355713 0.451172 0.097168 0.169922
1 0.305420 0.484863 0.104004 0.213867
1 0.152588 0.499023 0.299316 0.390625
1 0.046631 0.654297 0.087402 0.355469
2 0.537109 0.421387 0.004883 0.022461