0 0.740723 0.398438 0.005859 0.029297
0 0.750000 0.398926 0.004883 0.026367
0 0.441406 0.374512 0.008789 0.022461
0 0.562988 0.404297 0.017578 0.044922
0 0.557861 0.407715 0.013184 0.043945
0 0.544678 0.397949 0.014160 0.067383
0 0.533691 0.397461 0.013672 0.068359
0 0.563232 0.397461 0.012207 0.068359
0 0.637695 0.399414 0.009766 0.056641
0 0.627930 0.398926 0.010742 0.055664
0 0.709229 0.396484 0.010254 0.050781
0 0.880615 0.415527 0.020996 0.098633
0 0.954102 0.490234 0.085938 0.541016
0 0.139893 0.396484 0.015137 0.089844
1 0.135742 0.389648 0.041016 0.060547
1 0.166992 0.394531 0.036133 0.060547
1 0.204590 0.395996 0.054688 0.063477
1 0.259277 0.398926 0.081055 0.081055
1 0.014893 0.365234 0.010254 0.035156
1 0.063965 0.364258 0.040039 0.021484
1 0.034668 0.397461 0.051758 0.068359
1 0.084717 0.399414 0.077637 0.080078
1 0.905029 0.406250 0.010254 0.031250
2 0.341797 0.399902 0.008789 0.036133
2 0.874268 0.445312 0.050293 0.039062