0 0.618896 0.404785 0.020996 0.108398
0 0.642822 0.400879 0.021973 0.110352
0 0.792725 0.380859 0.043457 0.109375
0 0.313721 0.419922 0.030762 0.107422
1 0.437500 0.403809 0.017578 0.022461
1 0.402100 0.390137 0.053223 0.043945
1 0.402100 0.410156 0.015137 0.037109
1 0.387451 0.410645 0.018066 0.038086
1 0.484863 0.400391 0.022461 0.056641
1 0.509033 0.423340 0.052246 0.079102
1 0.363770 0.397949 0.034180 0.030273
1 0.351562 0.405273 0.061523 0.044922
1 0.337891 0.419922 0.029297 0.054688
1 0.295410 0.390137 0.012695 0.010742
1 0.282715 0.420410 0.044922 0.077148
1 0.250488 0.422852 0.083008 0.091797
1 0.218018 0.429199 0.097168 0.096680
1 0.169189 0.431641 0.118652 0.109375
1 0.111328 0.437988 0.059570 0.112305
1 0.075439 0.429688 0.083496 0.101562
1 0.069580 0.541504 0.133301 0.358398
2 0.363770 0.427246 0.036133 0.040039