0 0.490234 0.397461 0.011719 0.044922
0 0.653564 0.376953 0.025879 0.138672
0 0.663574 0.389160 0.035156 0.209961
0 0.704102 0.387695 0.036133 0.195312
1 0.621582 0.383789 0.016602 0.044922
1 0.596924 0.397949 0.019043 0.020508
1 0.575684 0.401367 0.010742 0.019531
1 0.534180 0.394043 0.014648 0.043945
1 0.524658 0.400391 0.012207 0.033203
1 0.556641 0.392578 0.038086 0.052734
1 0.506104 0.402344 0.032715 0.042969
1 0.472900 0.401855 0.029785 0.049805
1 0.446777 0.402832 0.042969 0.055664
1 0.126465 0.494629 0.178711 0.254883
1 0.056152 0.524902 0.106445 0.282227
2 0.377197 0.419434 0.017090 0.036133
2 0.253174 0.451660 0.094238 0.143555