0 0.456055 0.345215 0.005859 0.030273
0 0.522217 0.347168 0.007324 0.045898
0 0.527344 0.345215 0.004883 0.049805
0 0.537354 0.345215 0.006348 0.041992
0 0.531982 0.348145 0.007324 0.047852
0 0.595215 0.347168 0.008789 0.055664
0 0.606201 0.385254 0.026855 0.174805
0 0.624756 0.394043 0.027832 0.165039
0 0.654785 0.397461 0.018555 0.152344
0 0.672852 0.388672 0.036133 0.191406
0 0.697510 0.388672 0.013184 0.152344
0 0.705322 0.393555 0.029785 0.177734
0 0.735352 0.388672 0.032227 0.183594
0 0.765381 0.386230 0.026855 0.168945
0 0.784912 0.391602 0.025879 0.164062
0 0.886475 0.390137 0.062988 0.280273
1 0.440186 0.349609 0.020996 0.035156