0 0.082520 0.441895 0.026367 0.125977
0 0.138184 0.435059 0.025391 0.127930
0 0.506592 0.375977 0.005371 0.019531
0 0.393311 0.403809 0.010254 0.043945
0 0.399902 0.411621 0.006836 0.053711
0 0.406250 0.410645 0.011719 0.055664
0 0.442627 0.402344 0.008301 0.042969
0 0.430420 0.398926 0.008301 0.032227
0 0.171143 0.396973 0.013184 0.049805
0 0.193848 0.391113 0.008789 0.030273
0 0.195557 0.405762 0.018066 0.043945
0 0.172119 0.433105 0.014160 0.112305
0 0.183350 0.418457 0.016113 0.073242
0 0.617432 0.379883 0.005371 0.023438
0 0.702148 0.397949 0.015625 0.061523
0 0.759766 0.412109 0.028320 0.154297
0 0.802979 0.416016 0.027832 0.144531
1 0.603271 0.363770 0.013184 0.018555
1 0.597900 0.375000 0.013184 0.017578
1 0.588867 0.377930 0.014648 0.019531
1 0.515625 0.403320 0.023438 0.039062
1 0.490723 0.410645 0.037109 0.055664
1 0.040771 0.484375 0.075684 0.261719
1 0.352295 0.444824 0.093262 0.108398
1 0.626953 0.381836 0.013672 0.029297
1 0.627930 0.383301 0.012695 0.024414
1 0.627197 0.393555 0.011230 0.039062
1 0.627930 0.399414 0.005859 0.033203
1 0.643066 0.400391 0.028320 0.062500
1 0.642090 0.408203 0.021484 0.056641
1 0.668213 0.420898 0.049316 0.085938
1 0.590332 0.425781 0.066406 0.074219
2 0.560059 0.376465 0.011719 0.010742
2 0.203369 0.451660 0.057129 0.084961
2 0.720459 0.420898 0.025879 0.041016
3 0.436279 0.436523 0.012207 0.044922