0 0.371582 0.396973 0.005859 0.024414
0 0.261230 0.420898 0.005859 0.078125
0 0.262695 0.425781 0.022461 0.074219
1 0.300049 0.415039 0.063965 0.048828
1 0.468506 0.385742 0.008301 0.009766
1 0.356934 0.417969 0.030273 0.044922
1 0.382080 0.402344 0.022949 0.027344
1 0.576416 0.401367 0.047363 0.037109
1 0.028809 0.439941 0.051758 0.065430
1 0.410645 0.409668 0.082031 0.063477
1 0.554688 0.399414 0.010742 0.027344
1 0.507812 0.384277 0.010742 0.012695
1 0.518799 0.422363 0.050293 0.077148
1 0.499512 0.383789 0.005859 0.009766
2 0.334473 0.424805 0.015625 0.025391
2 0.116699 0.442383 0.036133 0.041016
2 0.605225 0.425293 0.008301 0.051758
2 0.633301 0.422363 0.020508 0.051758