0 0.017334 0.370117 0.013184 0.048828
0 0.007080 0.368164 0.008301 0.052734
0 0.487305 0.372070 0.009766 0.035156
0 0.476807 0.371582 0.018066 0.051758
0 0.530273 0.372070 0.018555 0.056641
0 0.552979 0.369629 0.013184 0.045898
0 0.579834 0.369141 0.010254 0.037109
0 0.571289 0.366699 0.021484 0.053711
0 0.594238 0.372070 0.009766 0.033203
0 0.601807 0.376465 0.010254 0.045898
0 0.704590 0.392578 0.026367 0.085938
0 0.768066 0.423828 0.021484 0.109375
0 0.049805 0.400879 0.044922 0.252930
0 0.089111 0.393555 0.047363 0.257812
1 0.232422 0.380371 0.094727 0.073242
2 0.984375 0.443359 0.019531 0.023438
3 0.399658 0.398438 0.048340 0.097656
3 0.458496 0.405762 0.072266 0.094727