0 0.667236 0.387207 0.013184 0.028320
0 0.632568 0.369629 0.006348 0.067383
0 0.616455 0.367676 0.006348 0.053711
0 0.636230 0.370117 0.011719 0.066406
0 0.643066 0.366699 0.009766 0.077148
0 0.622559 0.367676 0.015625 0.075195
0 0.647705 0.360352 0.010254 0.087891
0 0.687500 0.364746 0.005859 0.069336
0 0.666504 0.357910 0.014648 0.094727
0 0.679199 0.356445 0.014648 0.097656
0 0.693115 0.363281 0.006348 0.064453
0 0.698730 0.358887 0.013672 0.065430
0 0.607178 0.373535 0.011230 0.065430
0 0.588135 0.373047 0.009277 0.066406
0 0.595703 0.371094 0.010742 0.072266
0 0.575195 0.374023 0.006836 0.066406
0 0.580811 0.374512 0.013184 0.063477
0 0.554443 0.391602 0.008301 0.039062
0 0.568604 0.370117 0.013184 0.076172
0 0.558838 0.370117 0.015137 0.078125
0 0.533936 0.375977 0.013184 0.072266
0 0.536865 0.372070 0.009277 0.080078
0 0.546143 0.370117 0.017090 0.087891
0 0.517822 0.373047 0.015137 0.080078
0 0.232178 0.369141 0.011230 0.029297
0 0.403809 0.390625 0.014648 0.087891
0 0.426514 0.386230 0.028809 0.092773
1 0.333252 0.429688 0.144043 0.212891
1 0.149414 0.491211 0.241211 0.238281
1 0.029053 0.573730 0.052246 0.186523
2 0.772217 0.433594 0.036621 0.130859
2 0.263184 0.417480 0.016602 0.036133