0 0.375244 0.341797 0.008301 0.013672
0 0.384766 0.345215 0.007812 0.010742
0 0.433594 0.363281 0.013672 0.050781
0 0.218994 0.399414 0.030762 0.154297
0 0.161621 0.397949 0.016602 0.055664
0 0.023682 0.399902 0.024902 0.041992
0 0.092773 0.400879 0.036133 0.040039
0 0.063721 0.396484 0.026855 0.056641
0 0.688232 0.367676 0.035645 0.186523
0 0.755371 0.366211 0.044922 0.175781
0 0.916992 0.350586 0.043945 0.156250
1 0.462402 0.359863 0.019531 0.034180
1 0.441895 0.366699 0.013672 0.028320
1 0.407471 0.375977 0.026855 0.054688
1 0.390869 0.391602 0.026855 0.070312
1 0.359619 0.393066 0.053223 0.094727
1 0.332275 0.407715 0.076660 0.108398
1 0.497314 0.389648 0.041504 0.097656
1 0.519531 0.395508 0.065430 0.111328
2 0.284424 0.442383 0.031738 0.109375