0 0.528320 0.462891 0.005859 0.041016
0 0.531982 0.464844 0.005371 0.041016
0 0.536377 0.467773 0.006348 0.039062
0 0.549316 0.461914 0.005859 0.046875
0 0.562500 0.462891 0.006836 0.042969
0 0.452393 0.465820 0.011230 0.042969
0 0.341309 0.474121 0.011719 0.034180
0 0.346436 0.474121 0.006348 0.034180
0 0.370361 0.471191 0.010254 0.038086
0 0.401611 0.472168 0.005371 0.034180
0 0.381592 0.459961 0.010254 0.017578
0 0.395264 0.472168 0.009277 0.034180
0 0.351318 0.463867 0.005371 0.054688
0 0.362793 0.472168 0.009766 0.047852
0 0.413330 0.466797 0.008301 0.044922
0 0.608154 0.454590 0.014160 0.079102
0 0.627441 0.467285 0.011719 0.038086
0 0.645996 0.451172 0.015625 0.087891
0 0.688232 0.468750 0.006348 0.054688
0 0.679688 0.438477 0.021484 0.125000
0 0.663574 0.445312 0.025391 0.125000
0 0.702393 0.442871 0.023926 0.125977
0 0.754639 0.439941 0.021973 0.163086
0 0.755615 0.450195 0.016113 0.160156
0 0.867188 0.471191 0.055664 0.291992
0 0.829590 0.479980 0.044922 0.284180
1 0.491699 0.464355 0.007812 0.032227
1 0.479736 0.465820 0.026855 0.035156