0 0.917480 0.298828 0.015625 0.023438
0 0.773438 0.396973 0.031250 0.170898
0 0.100098 0.389160 0.017578 0.047852
1 0.515625 0.407715 0.015625 0.032227
1 0.570068 0.412598 0.013184 0.053711
1 0.593018 0.399902 0.042480 0.086914
1 0.606934 0.408691 0.046875 0.071289
1 0.535400 0.403809 0.033691 0.063477
1 0.500000 0.406250 0.010742 0.052734
1 0.047119 0.553223 0.088379 0.360352
1 0.895020 0.533691 0.204102 0.446289
1 0.439209 0.405273 0.020996 0.029297
1 0.427002 0.404297 0.038574 0.041016
1 0.432617 0.417969 0.017578 0.027344
1 0.425293 0.419922 0.010742 0.029297
1 0.417236 0.410645 0.018066 0.034180
1 0.418457 0.425293 0.007812 0.024414
1 0.411621 0.416016 0.011719 0.042969
1 0.387207 0.409668 0.043945 0.061523
1 0.368896 0.406738 0.046387 0.049805
1 0.374268 0.419922 0.028809 0.052734
1 0.360596 0.419434 0.044434 0.059570
1 0.291748 0.462402 0.141113 0.200195
2 0.758301 0.410645 0.051758 0.065430
2 0.724609 0.449219 0.066406 0.121094
2 0.140381 0.472656 0.035645 0.111328