0 0.286133 0.358398 0.021484 0.097656
0 0.257812 0.368652 0.031250 0.149414
0 0.330322 0.370117 0.009277 0.082031
0 0.342285 0.333984 0.004883 0.011719
0 0.321289 0.363281 0.023438 0.099609
0 0.364014 0.356445 0.014160 0.068359
0 0.347412 0.393066 0.028809 0.145508
0 0.586914 0.374023 0.018555 0.099609
0 0.627686 0.394531 0.032715 0.164062
0 0.734863 0.402832 0.039062 0.186523
0 0.763916 0.397949 0.013184 0.043945
0 0.771484 0.385254 0.016602 0.030273
0 0.782715 0.376953 0.007812 0.017578
0 0.775635 0.432129 0.027832 0.096680
0 0.834229 0.425781 0.044434 0.105469
2 0.174072 0.349121 0.013184 0.032227
3 0.163086 0.346680 0.013672 0.041016
3 0.371826 0.380859 0.006348 0.015625
3 0.387451 0.377441 0.012207 0.026367