0 0.454590 0.323730 0.004883 0.020508
0 0.472168 0.321777 0.004883 0.020508
0 0.487793 0.321777 0.005859 0.018555
0 0.531982 0.339355 0.007324 0.040039
0 0.543945 0.338867 0.006836 0.041016
0 0.537842 0.347656 0.008301 0.046875
0 0.563477 0.340332 0.008789 0.051758
0 0.572266 0.332520 0.008789 0.016602
0 0.587158 0.348145 0.011230 0.057617
0 0.552002 0.381348 0.019043 0.049805
0 0.802734 0.376953 0.010742 0.025391
0 0.787598 0.379395 0.010742 0.040039
0 0.795410 0.396484 0.014648 0.054688
0 0.725586 0.386230 0.027344 0.036133
0 0.731934 0.389648 0.019531 0.039062
0 0.761475 0.403320 0.020020 0.052734
0 0.776855 0.416504 0.040039 0.090820
0 0.885986 0.387695 0.016113 0.044922
0 0.877930 0.395996 0.017578 0.047852
0 0.871094 0.407715 0.018555 0.081055
0 0.823730 0.437012 0.054688 0.211914
0 0.847412 0.401855 0.015137 0.061523
0 0.044189 0.368652 0.006348 0.032227
0 0.826904 0.430664 0.042480 0.261719
0 0.863037 0.466797 0.040527 0.187500
0 0.905518 0.379395 0.008301 0.020508
0 0.917969 0.399902 0.016602 0.069336
0 0.906250 0.451172 0.042969 0.132812
0 0.929443 0.400391 0.022949 0.062500
0 0.944824 0.398438 0.022461 0.068359
0 0.957764 0.422852 0.039551 0.099609
0 0.426758 0.319336 0.004883 0.015625
0 0.303711 0.348145 0.007812 0.053711
0 0.281738 0.359375 0.004883 0.023438
0 0.288086 0.357910 0.011719 0.053711
0 0.273926 0.358887 0.015625 0.075195
0 0.252197 0.365234 0.012207 0.050781
0 0.234619 0.367188 0.014160 0.074219
0 0.166504 0.366211 0.009766 0.021484
0 0.089600 0.365723 0.010254 0.092773
0 0.176758 0.354980 0.005859 0.022461
0 0.152832 0.390625 0.018555 0.130859
0 0.098145 0.355469 0.013672 0.044922
0 0.122803 0.379883 0.022949 0.099609
0 0.031738 0.357910 0.005859 0.022461
0 0.016846 0.400391 0.027832 0.201172
0 0.309082 0.350586 0.005859 0.052734
1 0.344971 0.335449 0.038574 0.032227
1 0.436768 0.316406 0.016113 0.015625
1 0.447754 0.344238 0.010742 0.038086
1 0.436523 0.347656 0.023438 0.046875
1 0.432861 0.355469 0.022949 0.044922
1 0.417236 0.374023 0.032715 0.062500
1 0.415527 0.359863 0.026367 0.024414
1 0.418213 0.392090 0.027832 0.075195
1 0.381592 0.398438 0.062988 0.087891
2 0.537354 0.363770 0.008301 0.028320
2 0.258301 0.424805 0.023438 0.082031
2 0.389404 0.464355 0.067871 0.125977
2 0.287598 0.417969 0.025391 0.064453