0 0.458984 0.399902 0.007812 0.018555
0 0.471680 0.400879 0.005859 0.016602
0 0.587646 0.394043 0.008301 0.034180
0 0.765869 0.421387 0.027832 0.157227
0 0.789795 0.418457 0.028809 0.176758
0 0.827393 0.393066 0.033691 0.139648
0 0.148926 0.369141 0.007812 0.009766
0 0.159668 0.369629 0.007812 0.010742
0 0.174805 0.367188 0.006836 0.013672
0 0.182373 0.368164 0.005371 0.011719
0 0.254883 0.371582 0.005859 0.012695
0 0.298584 0.371582 0.006348 0.012695
0 0.306641 0.368652 0.005859 0.018555
0 0.314697 0.366699 0.008301 0.022461
0 0.330078 0.368652 0.004883 0.014648
0 0.373291 0.370605 0.005371 0.016602
0 0.373291 0.372559 0.005371 0.014648
0 0.413330 0.386719 0.007324 0.039062
0 0.435059 0.390137 0.004883 0.032227
1 0.492188 0.400391 0.014648 0.029297
1 0.550781 0.409180 0.008789 0.009766
1 0.568848 0.412109 0.011719 0.009766
1 0.580322 0.412109 0.017090 0.009766
1 0.608643 0.440430 0.038574 0.142578
1 0.672119 0.455566 0.129395 0.182617
1 0.887695 0.612793 0.218750 0.614258
1 0.541748 0.395020 0.014160 0.026367
1 0.519775 0.388184 0.033691 0.018555
1 0.518311 0.427246 0.058105 0.069336
2 0.279541 0.416992 0.015137 0.054688
2 0.245850 0.421387 0.053223 0.077148