0 0.487793 0.360840 0.007812 0.036133
0 0.650391 0.417969 0.028320 0.152344
0 0.532471 0.361816 0.006348 0.034180
0 0.538574 0.362305 0.005859 0.037109
0 0.612549 0.390625 0.011230 0.056641
1 0.651123 0.402344 0.070801 0.105469
1 0.575684 0.358398 0.012695 0.027344
1 0.406738 0.371094 0.033203 0.031250
1 0.670410 0.422363 0.027344 0.112305
1 0.438965 0.383301 0.048828 0.038086
1 0.724365 0.422852 0.105957 0.173828
1 0.965332 0.578613 0.063477 0.413086
2 0.478027 0.367676 0.011719 0.022461
2 0.561279 0.362305 0.011230 0.019531