0 0.217041 0.507812 0.006348 0.031250
0 0.210205 0.509766 0.007324 0.041016
0 0.615967 0.523926 0.056152 0.209961
0 0.441406 0.530762 0.041016 0.219727
0 0.504395 0.533691 0.026367 0.200195
0 0.494873 0.523926 0.051270 0.233398
0 0.589600 0.521973 0.047363 0.225586
0 0.563232 0.532227 0.052246 0.220703
0 0.551758 0.533203 0.046875 0.238281
0 0.625977 0.538574 0.039062 0.247070
0 0.721436 0.540527 0.021973 0.223633
0 0.699951 0.535156 0.042480 0.238281
0 0.775391 0.531250 0.037109 0.271484
0 0.750732 0.531738 0.060059 0.307617
0 0.852051 0.530273 0.034180 0.246094
0 0.818604 0.525391 0.049316 0.291016
0 0.889893 0.537598 0.061035 0.295898
0 0.982910 0.509277 0.028320 0.313477
0 0.963867 0.518555 0.057617 0.314453
0 0.918945 0.523438 0.085938 0.324219
0 0.991699 0.510254 0.010742 0.096680
0 0.248535 0.503418 0.005859 0.034180
1 0.283691 0.496094 0.010742 0.019531
1 0.274170 0.504883 0.015137 0.027344
1 0.337402 0.500000 0.050781 0.115234
1 0.346924 0.528320 0.027832 0.080078
1 0.354248 0.532227 0.037598 0.085938
1 0.371582 0.541016 0.045898 0.103516
1 0.400146 0.547852 0.057129 0.119141