1 0.627441 0.386230 0.027344 0.036133
1 0.661133 0.349121 0.040039 0.059570
1 0.624512 0.395996 0.020508 0.043945
1 0.593750 0.394531 0.053711 0.083984
1 0.656494 0.406250 0.044434 0.095703
1 0.682129 0.411133 0.081055 0.107422
1 0.884766 0.484863 0.224609 0.530273
1 0.554688 0.399414 0.023438 0.058594
1 0.534668 0.396973 0.030273 0.075195
1 0.504883 0.397461 0.050781 0.087891
1 0.475098 0.406738 0.068359 0.092773
1 0.343262 0.448242 0.144531 0.207031
1 0.156250 0.499023 0.306641 0.449219
1 0.060547 0.677246 0.115234 0.418945