0 0.574707 0.424316 0.018555 0.104492
0 0.596191 0.420898 0.015625 0.109375
0 0.616211 0.422363 0.030273 0.155273
0 0.650146 0.424805 0.029785 0.148438
0 0.724854 0.434082 0.049316 0.254883
0 0.774658 0.453125 0.051270 0.281250
0 0.832275 0.464844 0.088379 0.359375
0 0.980469 0.536621 0.033203 0.522461
1 0.426270 0.440918 0.048828 0.114258
1 0.423828 0.450684 0.025391 0.112305
1 0.385254 0.463867 0.091797 0.156250
1 0.302246 0.501465 0.152344 0.266602
1 0.155029 0.536621 0.304199 0.547852
1 0.051758 0.722168 0.097656 0.463867