0 0.168213 0.332520 0.037598 0.182617
0 0.390381 0.346680 0.005371 0.052734
0 0.383057 0.351074 0.014160 0.088867
0 0.401123 0.355957 0.015137 0.077148
0 0.555420 0.344238 0.009277 0.053711
0 0.634521 0.345215 0.017090 0.094727
0 0.665527 0.346680 0.008789 0.087891
0 0.659668 0.357910 0.021484 0.141602
0 0.568359 0.368652 0.031250 0.137695
0 0.543701 0.353516 0.019043 0.156250
0 0.522949 0.358398 0.026367 0.146484
0 0.414795 0.351074 0.008301 0.053711
0 0.445557 0.349609 0.013184 0.066406
0 0.367676 0.371094 0.024414 0.126953
0 0.324463 0.357422 0.024902 0.142578
0 0.214355 0.360840 0.038086 0.208008
0 0.027344 0.375488 0.048828 0.293945
0 0.063477 0.369629 0.053711 0.311523
0 0.777100 0.367676 0.040527 0.211914
0 0.740234 0.375000 0.046875 0.205078
0 0.834717 0.365234 0.047363 0.253906
0 0.877686 0.361328 0.045410 0.261719
0 0.616211 0.352051 0.019531 0.083008
0 0.434082 0.348633 0.017578 0.070312
0 0.256104 0.359375 0.034668 0.142578
1 0.243164 0.342285 0.119141 0.174805
2 0.603760 0.357422 0.014160 0.035156