0 0.306641 0.430176 0.009766 0.083008
0 0.296875 0.433594 0.009766 0.074219
0 0.271729 0.447266 0.016113 0.099609
0 0.242676 0.436035 0.013672 0.081055
0 0.264160 0.442871 0.031250 0.106445
0 0.230225 0.448730 0.015137 0.102539
0 0.219238 0.451172 0.020508 0.103516
0 0.196533 0.448242 0.011230 0.089844
0 0.179932 0.443848 0.011230 0.094727
0 0.135986 0.451660 0.013184 0.049805
0 0.121826 0.480957 0.021973 0.127930
0 0.098389 0.469727 0.027832 0.156250
0 0.044922 0.485352 0.032227 0.144531
0 0.366943 0.406250 0.006348 0.023438
0 0.406738 0.437988 0.031250 0.127930
0 0.360107 0.434570 0.016113 0.089844
0 0.397461 0.437500 0.031250 0.138672
0 0.607910 0.424316 0.032227 0.108398
0 0.603760 0.416016 0.029785 0.126953
0 0.713867 0.400879 0.021484 0.149414
0 0.877197 0.404785 0.020020 0.110352
0 0.910645 0.400391 0.009766 0.109375
0 0.930908 0.390625 0.028809 0.128906
0 0.916504 0.395996 0.028320 0.118164
1 0.339355 0.440918 0.045898 0.079102