0 0.087402 0.377930 0.041016 0.261719
0 0.062500 0.396973 0.044922 0.247070
0 0.026367 0.381348 0.046875 0.290039
0 0.139160 0.395020 0.031250 0.229492
1 0.791748 0.355957 0.150879 0.106445
1 0.270996 0.362793 0.019531 0.034180
1 0.194580 0.362793 0.018066 0.028320
1 0.270752 0.366211 0.018066 0.033203
1 0.258545 0.367676 0.017090 0.045898
1 0.237305 0.370117 0.033203 0.048828
1 0.162354 0.366211 0.018066 0.031250
1 0.120361 0.372070 0.012207 0.037109
1 0.102051 0.373535 0.013672 0.038086
1 0.185059 0.364746 0.011719 0.024414