0 0.670410 0.410156 0.004883 0.042969
0 0.675293 0.411621 0.006836 0.041992
0 0.683838 0.415039 0.009277 0.048828
0 0.662842 0.413086 0.012207 0.062500
0 0.649414 0.408203 0.030273 0.156250
0 0.624512 0.405762 0.008789 0.067383
0 0.621094 0.412598 0.016602 0.061523
0 0.608398 0.411133 0.005859 0.064453
0 0.600586 0.414062 0.017578 0.142578
0 0.590088 0.410645 0.026855 0.161133
0 0.531006 0.408691 0.011230 0.100586
0 0.523926 0.408691 0.019531 0.110352
0 0.507080 0.411621 0.028809 0.161133
0 0.431152 0.418945 0.028320 0.154297
0 0.542969 0.407227 0.019531 0.162109
0 0.573242 0.404785 0.007812 0.067383
0 0.556152 0.411133 0.030273 0.166016
0 0.421387 0.426758 0.023438 0.144531
0 0.082520 0.408691 0.021484 0.137695
0 0.705078 0.403320 0.055664 0.171875
0 0.894287 0.409668 0.030762 0.133789
0 0.901611 0.412109 0.037598 0.136719
0 0.935791 0.408203 0.019043 0.132812
0 0.039062 0.494629 0.072266 0.458008
0 0.043457 0.488770 0.081055 0.649414
0 0.355225 0.529297 0.163574 0.568359
2 0.635010 0.426758 0.008301 0.033203
2 0.778076 0.443848 0.081543 0.084961
2 0.966797 0.447266 0.060547 0.107422