0 0.628174 0.383301 0.006348 0.018555
0 0.592773 0.420898 0.034180 0.169922
1 0.643311 0.403320 0.018066 0.078125
1 0.703857 0.447266 0.087402 0.193359
1 0.803467 0.481934 0.201660 0.291992
1 0.544922 0.413574 0.025391 0.073242
1 0.531982 0.414551 0.022949 0.077148
1 0.530518 0.420898 0.020996 0.085938
1 0.517090 0.426758 0.032227 0.107422
1 0.504150 0.436035 0.050293 0.124023
1 0.446777 0.443848 0.092773 0.176758
1 0.357422 0.483398 0.186523 0.242188
2 0.051025 0.682129 0.096191 0.340820
2 0.609619 0.406250 0.015137 0.023438