0 0.798584 0.351562 0.009277 0.015625
0 0.831055 0.361816 0.007812 0.036133
0 0.609863 0.400391 0.013672 0.074219
0 0.394531 0.433594 0.030273 0.177734
1 0.596436 0.392578 0.009277 0.025391
1 0.621094 0.388672 0.018555 0.039062
1 0.639160 0.386719 0.027344 0.042969
1 0.734619 0.386719 0.034668 0.058594
1 0.725342 0.407227 0.053223 0.093750
1 0.679199 0.428223 0.084961 0.118164
1 0.809814 0.368164 0.048340 0.017578
1 0.805176 0.428223 0.081055 0.127930
2 0.545898 0.439453 0.022461 0.064453
2 0.354248 0.479980 0.030762 0.100586