0 0.588135 0.492188 0.005371 0.041016
0 0.584229 0.486328 0.005371 0.033203
0 0.610352 0.490723 0.022461 0.041992
0 0.616943 0.482910 0.007324 0.026367
0 0.666504 0.482910 0.004883 0.034180
0 0.656006 0.482422 0.005371 0.029297
0 0.661377 0.482422 0.006348 0.031250
0 0.387695 0.503418 0.012695 0.077148
0 0.380371 0.501465 0.008789 0.081055
0 0.370361 0.503906 0.005371 0.068359
0 0.361572 0.512695 0.017090 0.072266
0 0.344482 0.508301 0.012207 0.077148
0 0.485352 0.498047 0.009766 0.066406
0 0.479492 0.512695 0.007812 0.039062
0 0.335449 0.504395 0.016602 0.084961
0 0.852051 0.507324 0.058594 0.331055
0 0.951904 0.510254 0.049316 0.321289
0 0.907959 0.525391 0.049316 0.306641
0 0.595215 0.494629 0.007812 0.040039
0 0.700195 0.474121 0.004883 0.026367
1 0.777100 0.454590 0.011230 0.020508
1 0.784424 0.458984 0.011230 0.015625
1 0.764893 0.456543 0.010254 0.016602
1 0.761475 0.458984 0.014160 0.013672
1 0.761963 0.477051 0.016113 0.032227
1 0.735107 0.473633 0.018066 0.029297
1 0.716553 0.473145 0.020020 0.043945
1 0.782959 0.483398 0.018066 0.035156
1 0.809326 0.491211 0.046387 0.097656
1 0.878906 0.513184 0.125977 0.200195
2 0.681641 0.487305 0.010742 0.021484
2 0.293701 0.528809 0.016113 0.049805
2 0.194580 0.522949 0.046387 0.049805
2 0.232422 0.531250 0.036133 0.060547
2 0.299561 0.525391 0.027832 0.056641
3 0.622559 0.499023 0.020508 0.027344