0 0.450684 0.394043 0.015625 0.069336
1 0.944092 0.335449 0.017090 0.026367
1 0.907959 0.353516 0.009277 0.044922
1 0.848145 0.359863 0.021484 0.041992
1 0.744141 0.368652 0.031250 0.065430
1 0.538574 0.393066 0.043945 0.065430
1 0.321289 0.386719 0.163086 0.160156
1 0.806641 0.355469 0.057617 0.050781
1 0.648926 0.487793 0.251953 0.499023
2 0.946777 0.359863 0.021484 0.030273
2 0.981689 0.377441 0.030762 0.041992
2 0.903320 0.369141 0.011719 0.019531
2 0.852783 0.369629 0.015137 0.036133
2 0.826172 0.376953 0.014648 0.031250
2 0.814697 0.378418 0.020996 0.034180
2 0.773438 0.386230 0.010742 0.028320
2 0.785645 0.379395 0.027344 0.043945
2 0.754150 0.383301 0.028809 0.041992
2 0.503662 0.419434 0.054199 0.071289