0 0.953613 0.446777 0.009766 0.059570
0 0.993652 0.435059 0.006836 0.043945
0 0.925049 0.461914 0.017090 0.078125
1 0.553223 0.430664 0.008789 0.017578
1 0.992432 0.474121 0.009277 0.053711
1 0.031982 0.424316 0.058105 0.059570
1 0.097412 0.437988 0.051270 0.045898
1 0.503662 0.444336 0.031738 0.048828
1 0.462158 0.435059 0.020020 0.028320
1 0.442139 0.432129 0.020996 0.043945
1 0.429443 0.436523 0.020020 0.044922
1 0.411133 0.440430 0.030273 0.050781
1 0.395996 0.447266 0.016602 0.058594
1 0.370117 0.454102 0.058594 0.083984
3 0.205811 0.445801 0.014160 0.032227