1 0.586182 0.433594 0.018066 0.052734
1 0.615234 0.447266 0.065430 0.126953
1 0.636963 0.466309 0.047363 0.165039
1 0.435059 0.409180 0.006836 0.011719
1 0.418945 0.437012 0.029297 0.073242
1 0.457031 0.442383 0.063477 0.091797
1 0.404541 0.447266 0.040527 0.080078
1 0.523926 0.442871 0.083984 0.153320
1 0.380371 0.451172 0.027344 0.103516
1 0.712402 0.463867 0.153320 0.279297
1 0.819336 0.535645 0.239258 0.366211
1 0.167236 0.507812 0.140137 0.210938
1 0.296143 0.505859 0.185059 0.255859
1 0.066650 0.563965 0.127441 0.336914