0 0.724121 0.450684 0.036133 0.264648
0 0.699707 0.468750 0.054688 0.281250
0 0.777100 0.457031 0.053223 0.269531
0 0.831299 0.463867 0.051270 0.283203
1 0.468994 0.420410 0.018066 0.030273
1 0.520996 0.435059 0.044922 0.079102
1 0.464600 0.426270 0.011230 0.026367
1 0.460449 0.426758 0.007812 0.029297
1 0.452881 0.425781 0.011230 0.033203
1 0.381104 0.437012 0.024902 0.069336
1 0.416992 0.440430 0.068359 0.113281
1 0.357910 0.448242 0.042969 0.087891
1 0.321289 0.452637 0.054688 0.110352
1 0.256836 0.467773 0.110352 0.136719