0 0.080811 0.400879 0.012207 0.053711
0 0.134033 0.400391 0.010254 0.039062
0 0.513184 0.428223 0.022461 0.083008
0 0.450928 0.414551 0.011230 0.047852
0 0.302734 0.522461 0.130859 0.445312
0 0.907471 0.439941 0.025879 0.081055
1 0.562744 0.412109 0.022949 0.015625
1 0.544434 0.412598 0.018555 0.010742
1 0.631836 0.420898 0.007812 0.015625
1 0.732178 0.417969 0.023926 0.019531
1 0.505859 0.413086 0.006836 0.025391
1 0.490723 0.415039 0.014648 0.021484
1 0.431885 0.427246 0.017090 0.045898
1 0.385742 0.416504 0.029297 0.045898
1 0.406494 0.412109 0.029785 0.029297
1 0.410400 0.429199 0.038574 0.053711
1 0.382568 0.421875 0.011230 0.035156
1 0.375732 0.425781 0.015137 0.050781
1 0.334473 0.422852 0.013672 0.039062
1 0.354980 0.424805 0.039062 0.058594
1 0.269531 0.416504 0.023438 0.055664
1 0.275879 0.420410 0.015625 0.065430
1 0.249512 0.422852 0.028320 0.052734
1 0.219482 0.425293 0.047363 0.057617
1 0.121094 0.391113 0.072266 0.075195
1 0.159668 0.418945 0.057617 0.066406
2 0.466797 0.443848 0.040039 0.040039