0 0.363037 0.444336 0.017090 0.056641
0 0.724609 0.386719 0.010742 0.017578
0 0.756836 0.392090 0.010742 0.022461
0 0.771729 0.390137 0.007324 0.010742
0 0.462646 0.449707 0.030762 0.151367
0 0.499023 0.441895 0.021484 0.133789
1 0.474854 0.423828 0.014160 0.033203
1 0.471191 0.427734 0.012695 0.037109
1 0.468262 0.439453 0.007812 0.033203
1 0.437500 0.432129 0.033203 0.067383
1 0.421631 0.450195 0.052246 0.078125
1 0.582031 0.446289 0.045898 0.074219
1 0.538330 0.454102 0.062012 0.095703
1 0.643555 0.481445 0.060547 0.154297
1 0.700195 0.497559 0.115234 0.204102
1 0.807861 0.537598 0.209473 0.288086
1 0.918701 0.564453 0.156738 0.541016
1 0.341309 0.482910 0.045898 0.149414
1 0.260742 0.502930 0.152344 0.238281
1 0.098145 0.601562 0.190430 0.427734