0 0.115479 0.427246 0.012207 0.051758
0 0.347656 0.386719 0.018555 0.134766
0 0.838379 0.493164 0.206055 0.718750
1 0.888672 0.260742 0.053711 0.068359
1 0.206299 0.396484 0.014160 0.035156
1 0.219482 0.406250 0.013184 0.021484
1 0.174316 0.434570 0.068359 0.113281
1 0.255127 0.404297 0.022949 0.042969
1 0.260742 0.405762 0.015625 0.040039
1 0.270508 0.408203 0.016602 0.039062
1 0.281982 0.406250 0.018066 0.042969
1 0.301270 0.403809 0.034180 0.047852
1 0.328125 0.400879 0.021484 0.061523
1 0.351562 0.395996 0.041992 0.071289
1 0.395996 0.394531 0.070312 0.083984
1 0.695801 0.421387 0.146484 0.338867
1 0.835449 0.517578 0.323242 0.496094
1 0.013428 0.629883 0.020996 0.242188