1 0.519531 0.400391 0.004883 0.009766
1 0.535645 0.394531 0.010742 0.017578
1 0.534180 0.399902 0.011719 0.016602
1 0.506836 0.401855 0.005859 0.010742
1 0.496338 0.396973 0.007324 0.010742
1 0.500488 0.400391 0.008789 0.011719
1 0.494141 0.411133 0.025391 0.017578
1 0.485107 0.415039 0.036621 0.031250
1 0.480957 0.419434 0.038086 0.038086
1 0.468994 0.422363 0.015137 0.041992
1 0.556396 0.417480 0.016113 0.034180
1 0.555664 0.422363 0.008789 0.034180
1 0.557861 0.422852 0.007324 0.035156
1 0.564941 0.424316 0.015625 0.045898
1 0.576904 0.424805 0.025879 0.044922
1 0.590332 0.419922 0.033203 0.029297
1 0.260010 0.475098 0.136230 0.215820
1 0.735107 0.496094 0.178223 0.232422
3 0.185303 0.469238 0.035645 0.104492
3 0.345215 0.512207 0.052734 0.184570