0 0.621338 0.442871 0.008301 0.038086
1 0.402100 0.469238 0.017090 0.053711
1 0.388428 0.471191 0.022949 0.055664
1 0.370605 0.473145 0.024414 0.069336
1 0.319824 0.442871 0.082031 0.143555
1 0.118652 0.467773 0.092773 0.085938
1 0.564209 0.449219 0.039551 0.076172
1 0.582520 0.461426 0.036133 0.077148
1 0.593750 0.475098 0.041992 0.063477
1 0.630127 0.495605 0.044434 0.125977
1 0.779053 0.454102 0.076660 0.095703
1 0.689209 0.503906 0.121582 0.171875
1 0.969238 0.414551 0.055664 0.041992
1 0.863037 0.573730 0.268066 0.346680
1 0.968994 0.705566 0.056152 0.368164