0 0.469971 0.460938 0.025879 0.121094
0 0.444092 0.466309 0.024902 0.118164
1 0.510742 0.458008 0.018555 0.042969
1 0.435059 0.460938 0.005859 0.039062
1 0.430176 0.458984 0.011719 0.042969
1 0.409424 0.469238 0.021973 0.059570
1 0.521240 0.463379 0.013184 0.053711
1 0.545166 0.460938 0.049316 0.076172
1 0.396973 0.475586 0.030273 0.074219
1 0.387451 0.485352 0.023926 0.091797
1 0.372314 0.488770 0.043457 0.108398
1 0.335938 0.494629 0.063477 0.137695
1 0.646484 0.501953 0.089844 0.177734
1 0.734863 0.534668 0.186523 0.241211
1 0.927002 0.656250 0.140137 0.464844
1 0.280273 0.521973 0.107422 0.223633
1 0.148926 0.582031 0.263672 0.355469
2 0.456055 0.471680 0.005859 0.046875
3 0.336426 0.532227 0.026367 0.089844