1 0.574707 0.421875 0.027344 0.060547
1 0.600342 0.435059 0.037598 0.067383
1 0.608154 0.446289 0.031738 0.068359
1 0.622559 0.455078 0.028320 0.080078
1 0.649414 0.461426 0.063477 0.096680
1 0.712891 0.484375 0.105469 0.154297
1 0.828857 0.517578 0.176270 0.257812
1 0.914795 0.602539 0.164551 0.367188
1 0.467529 0.432129 0.016113 0.034180
1 0.458252 0.436035 0.014160 0.038086
1 0.451904 0.437500 0.011230 0.037109
1 0.440918 0.439941 0.019531 0.049805
1 0.429688 0.443359 0.022461 0.056641
1 0.402588 0.444336 0.044434 0.066406
1 0.498291 0.429199 0.020020 0.036133
1 0.527588 0.432129 0.044434 0.077148
1 0.064697 0.446289 0.090332 0.101562
1 0.333008 0.458008 0.060547 0.109375
1 0.269043 0.476562 0.119141 0.138672