0 0.500977 0.389160 0.006836 0.034180
0 0.767090 0.362305 0.022461 0.044922
0 0.951660 0.348633 0.021484 0.046875
0 0.192871 0.412109 0.022461 0.076172
0 0.682861 0.570801 0.200684 0.743164
1 0.513672 0.384766 0.017578 0.041016
1 0.490234 0.397949 0.014648 0.022461
1 0.472168 0.367676 0.007812 0.014648
1 0.448975 0.399414 0.010254 0.019531
1 0.441895 0.400391 0.006836 0.023438
1 0.432129 0.401855 0.013672 0.030273
1 0.422119 0.407715 0.008301 0.036133
1 0.536865 0.407227 0.059082 0.089844
1 0.695312 0.418945 0.157227 0.093750
1 0.054443 0.447754 0.080566 0.073242