0 0.488770 0.430664 0.006836 0.021484
0 0.508057 0.435547 0.012207 0.054688
1 0.467773 0.436035 0.010742 0.026367
1 0.442627 0.438477 0.049316 0.031250
1 0.440918 0.436035 0.026367 0.043945
1 0.368896 0.414551 0.032715 0.016602
1 0.394775 0.445801 0.032715 0.059570
1 0.385254 0.451660 0.025391 0.055664
1 0.370117 0.452148 0.022461 0.068359
1 0.364990 0.456543 0.020020 0.073242
1 0.160400 0.478516 0.118652 0.199219
1 0.066895 0.511230 0.127930 0.237305
1 0.267822 0.490723 0.187988 0.270508
1 0.506104 0.433105 0.011230 0.014648
1 0.574707 0.444336 0.034180 0.054688
1 0.610107 0.452637 0.055176 0.092773
1 0.644775 0.469238 0.053223 0.141602
1 0.710449 0.485840 0.134766 0.190430
1 0.949219 0.591309 0.095703 0.481445
2 0.520264 0.434570 0.008301 0.009766