0 0.484375 0.416016 0.004883 0.025391
0 0.537598 0.425293 0.011719 0.079102
0 0.551025 0.424805 0.014160 0.076172
0 0.705078 0.447754 0.027344 0.118164
0 0.952637 0.379883 0.015625 0.085938
0 0.321289 0.411621 0.004883 0.010742
0 0.307129 0.429199 0.004883 0.040039
0 0.294678 0.426758 0.011230 0.046875
0 0.137939 0.444824 0.024902 0.118164
0 0.110840 0.449707 0.015625 0.114258
1 0.524170 0.420898 0.015137 0.037109
1 0.526367 0.424316 0.014648 0.041992
1 0.555664 0.420898 0.027344 0.056641
1 0.416748 0.436523 0.050293 0.099609
1 0.392334 0.456055 0.064941 0.109375
3 0.939209 0.551270 0.115723 0.366211
3 0.326416 0.440918 0.024902 0.063477
3 0.282959 0.443359 0.018066 0.048828
3 0.050781 0.549316 0.095703 0.315430