1 0.506104 0.422852 0.012207 0.015625
1 0.519775 0.421387 0.016113 0.024414
1 0.589355 0.414551 0.021484 0.016602
1 0.589600 0.445801 0.020020 0.059570
1 0.544678 0.440918 0.077637 0.077148
1 0.599854 0.451172 0.020996 0.078125
1 0.634277 0.448242 0.068359 0.123047
1 0.657959 0.465820 0.077637 0.126953
1 0.724121 0.483398 0.102539 0.205078
1 0.808594 0.444336 0.208984 0.402344
1 0.893311 0.558105 0.207520 0.483398
1 0.406006 0.426758 0.025879 0.052734
1 0.406006 0.441895 0.016113 0.051758
1 0.437744 0.433105 0.052246 0.084961
1 0.378906 0.439941 0.047852 0.081055
1 0.354736 0.451172 0.049316 0.078125
1 0.309570 0.456543 0.045898 0.094727
1 0.273193 0.461426 0.057129 0.112305
1 0.212158 0.472168 0.113770 0.139648
1 0.081055 0.482422 0.156250 0.234375