0 0.656738 0.475586 0.043945 0.171875
0 0.628662 0.478516 0.050293 0.164062
0 0.687988 0.480957 0.028320 0.180664
1 0.287109 0.435059 0.010742 0.020508
1 0.330322 0.445312 0.014160 0.011719
1 0.360107 0.449707 0.006348 0.016602
1 0.376953 0.451660 0.006836 0.016602
1 0.367188 0.450684 0.013672 0.020508
1 0.382568 0.452148 0.006348 0.019531
1 0.390625 0.453125 0.014648 0.023438
1 0.398438 0.457031 0.017578 0.023438
1 0.118408 0.625000 0.230957 0.738281
1 0.497559 0.507324 0.203125 0.342773
1 0.818115 0.512207 0.247559 0.301758
1 0.346436 0.446777 0.010254 0.014648