0 0.641113 0.372559 0.007812 0.040039
0 0.649170 0.372070 0.008301 0.039062
0 0.690186 0.378906 0.010254 0.048828
0 0.767334 0.387207 0.017090 0.055664
0 0.794434 0.375977 0.011719 0.052734
0 0.804199 0.428711 0.011719 0.125000
0 0.799561 0.427246 0.024902 0.131836
0 0.700928 0.432129 0.013184 0.141602
0 0.717529 0.433594 0.038574 0.167969
0 0.935791 0.400391 0.014160 0.082031
0 0.970215 0.433105 0.036133 0.249023
0 0.973389 0.316406 0.028809 0.093750
0 0.987061 0.449219 0.020020 0.224609
0 0.959229 0.492188 0.075684 0.312500
0 0.669922 0.460449 0.060547 0.319336
0 0.425781 0.376953 0.005859 0.042969
0 0.396973 0.366211 0.005859 0.023438
0 0.408691 0.379395 0.010742 0.045898
0 0.399170 0.392090 0.010254 0.049805
0 0.386230 0.382324 0.008789 0.040039
0 0.496826 0.424805 0.031738 0.189453
0 0.495850 0.439453 0.034668 0.193359
0 0.521484 0.417480 0.047852 0.233398
0 0.571777 0.645996 0.034180 0.088867
0 0.569580 0.498535 0.099121 0.397461
0 0.287354 0.368164 0.005371 0.017578
0 0.278076 0.372070 0.014160 0.035156
0 0.271240 0.375000 0.020996 0.044922
0 0.190674 0.348633 0.018066 0.039062
0 0.215088 0.409180 0.012207 0.062500
0 0.208496 0.403320 0.020508 0.082031
0 0.199707 0.404785 0.025391 0.081055
0 0.187012 0.405762 0.031250 0.081055
0 0.143799 0.370605 0.025879 0.065430
0 0.113770 0.363281 0.009766 0.041016
0 0.103271 0.377441 0.016113 0.065430
0 0.142578 0.391113 0.029297 0.073242
0 0.135498 0.402344 0.051270 0.099609
0 0.061768 0.399902 0.020020 0.108398
0 0.008545 0.410156 0.010254 0.097656
0 0.022705 0.442383 0.028809 0.187500
0 0.009766 0.463379 0.013672 0.262695
0 0.088379 0.443359 0.032227 0.175781
0 0.224854 0.468262 0.017090 0.092773
0 0.252197 0.404785 0.029785 0.086914
0 0.246826 0.472656 0.016113 0.099609
0 0.372314 0.516113 0.115723 0.557617
0 0.306152 0.553223 0.119141 0.561523
1 0.583252 0.377930 0.020020 0.035156
1 0.600098 0.374023 0.035156 0.025391
1 0.607178 0.406738 0.046387 0.075195
1 0.486084 0.368652 0.021973 0.020508