0 0.546143 0.453613 0.010254 0.049805
0 0.490234 0.466797 0.006836 0.025391
0 0.649170 0.413086 0.011230 0.011719
0 0.667480 0.408691 0.010742 0.026367
1 0.557617 0.462402 0.019531 0.030273
1 0.463623 0.462891 0.021973 0.031250
1 0.454102 0.469727 0.022461 0.017578
1 0.586670 0.455078 0.034668 0.072266
1 0.608887 0.464355 0.037109 0.086914
1 0.639160 0.474121 0.062500 0.110352
1 0.671631 0.494629 0.051270 0.159180
1 0.743408 0.504883 0.150879 0.207031
1 0.921631 0.552246 0.150879 0.543945
1 0.236816 0.494629 0.100586 0.125977
1 0.041260 0.534668 0.076660 0.215820