0 0.769531 0.408203 0.005859 0.013672
0 0.492432 0.542969 0.123535 0.404297
0 0.082031 0.529297 0.110352 0.550781
0 0.256104 0.681152 0.021973 0.094727
0 0.262451 0.522949 0.116699 0.489258
0 0.320312 0.725098 0.029297 0.114258
0 0.338135 0.541992 0.150879 0.625000
0 0.324219 0.562988 0.169922 0.655273
0 0.708740 0.548340 0.148926 0.573242
0 0.595459 0.542480 0.140137 0.674805
1 0.753906 0.416992 0.016602 0.023438
1 0.734863 0.424805 0.010742 0.023438
1 0.744873 0.426270 0.018066 0.024414
1 0.719971 0.426270 0.021973 0.032227
1 0.770508 0.424316 0.007812 0.020508
1 0.951416 0.422852 0.015137 0.025391
1 0.127441 0.423340 0.036133 0.010742
1 0.191650 0.416992 0.095215 0.103516
1 0.983398 0.417480 0.027344 0.053711
1 0.807861 0.422363 0.075684 0.063477
1 0.860107 0.423828 0.092285 0.068359