0 0.928223 0.511230 0.021484 0.014648
0 0.826660 0.421387 0.031250 0.161133
0 0.865723 0.407715 0.027344 0.147461
0 0.875244 0.441895 0.043457 0.149414
0 0.541748 0.413086 0.008301 0.029297
0 0.485840 0.405762 0.006836 0.024414
0 0.197998 0.445312 0.023926 0.097656
1 0.579346 0.407715 0.019043 0.038086
1 0.522217 0.414062 0.018066 0.035156
1 0.517578 0.416992 0.011719 0.033203
1 0.508057 0.416504 0.021973 0.036133
1 0.497314 0.422363 0.028809 0.041992
1 0.471680 0.425293 0.024414 0.055664
1 0.443115 0.426270 0.040527 0.075195
1 0.427002 0.433105 0.042480 0.069336
2 0.735596 0.466797 0.046387 0.080078
3 0.965088 0.447754 0.063965 0.176758
3 0.408203 0.446777 0.030273 0.059570