0 0.613770 0.438965 0.013672 0.061523
1 0.541748 0.427734 0.015137 0.027344
1 0.561035 0.443848 0.010742 0.051758
1 0.577148 0.442383 0.033203 0.062500
1 0.571533 0.446289 0.016113 0.062500
1 0.589355 0.451172 0.045898 0.072266
1 0.656494 0.491699 0.068848 0.192383
1 0.723633 0.524414 0.160156 0.271484
1 0.873779 0.588867 0.246582 0.539062
1 0.516846 0.420410 0.008301 0.014648
1 0.452637 0.432129 0.026367 0.038086
1 0.499756 0.431152 0.017090 0.026367
1 0.205078 0.485840 0.042969 0.084961
1 0.294678 0.489258 0.063965 0.134766
1 0.365479 0.493164 0.123535 0.197266
1 0.065186 0.509766 0.076660 0.138672