0 0.347412 0.441406 0.019043 0.109375
0 0.324463 0.448242 0.016113 0.091797
0 0.298828 0.454102 0.025391 0.130859
0 0.265381 0.451660 0.024902 0.137695
0 0.230713 0.461426 0.031738 0.170898
0 0.191895 0.467285 0.033203 0.157227
0 0.146484 0.459473 0.034180 0.174805
0 0.553223 0.433594 0.004883 0.025391
0 0.558838 0.434082 0.005371 0.024414
0 0.408447 0.443848 0.010254 0.053711
0 0.396729 0.442383 0.012207 0.060547
1 0.489990 0.436035 0.010254 0.016602
1 0.530273 0.425781 0.014648 0.011719
1 0.525391 0.438965 0.007812 0.024414
1 0.534668 0.438965 0.016602 0.028320
1 0.594482 0.445801 0.049316 0.112305
1 0.629639 0.453613 0.071777 0.124023
2 0.440186 0.461426 0.007324 0.040039