0 0.567871 0.415039 0.007812 0.009766
0 0.466064 0.437988 0.005371 0.055664
0 0.483154 0.442383 0.015137 0.064453
0 0.175293 0.428711 0.034180 0.130859
1 0.497803 0.405273 0.006348 0.009766
1 0.502197 0.434082 0.010254 0.024414
1 0.517822 0.447754 0.033691 0.057617
1 0.553711 0.450195 0.014648 0.054688
1 0.562256 0.452637 0.021973 0.063477
1 0.566162 0.456055 0.014160 0.068359
1 0.591797 0.450195 0.053711 0.099609
1 0.607178 0.463379 0.058105 0.098633
1 0.655518 0.486816 0.083496 0.168945
1 0.715088 0.507324 0.110840 0.221680
1 0.857910 0.549316 0.278320 0.399414
1 0.456787 0.440918 0.024902 0.049805
1 0.433838 0.448242 0.025879 0.068359
1 0.422363 0.453613 0.025391 0.079102
1 0.416748 0.458496 0.021973 0.088867
1 0.389893 0.461914 0.057129 0.105469
1 0.346924 0.476074 0.051270 0.161133
1 0.280029 0.497559 0.145996 0.202148
1 0.100342 0.607910 0.194824 0.456055