0 0.439941 0.423828 0.004883 0.021484
0 0.659180 0.404297 0.009766 0.021484
0 0.432617 0.426270 0.006836 0.030273
0 0.424072 0.429199 0.008301 0.036133
0 0.230957 0.416992 0.006836 0.017578
1 0.463867 0.410156 0.014648 0.023438
1 0.451416 0.429688 0.022949 0.039062
1 0.491943 0.416992 0.007324 0.013672
1 0.511719 0.416016 0.004883 0.013672
1 0.502686 0.417969 0.013184 0.027344
1 0.518311 0.418457 0.010254 0.020508
1 0.543945 0.426758 0.027344 0.037109
1 0.661865 0.410645 0.030762 0.014648
1 0.567871 0.431152 0.050781 0.045898
1 0.572510 0.452637 0.037598 0.073242
1 0.608643 0.454590 0.056152 0.090820
1 0.394043 0.435547 0.058594 0.039062
1 0.313477 0.417969 0.041992 0.017578
1 0.343750 0.460449 0.041992 0.081055
1 0.318604 0.471680 0.044434 0.091797
1 0.268555 0.473633 0.077148 0.130859
1 0.196777 0.490723 0.098633 0.149414
1 0.087891 0.518555 0.169922 0.205078
1 0.010742 0.572266 0.015625 0.171875
1 0.475098 0.430664 0.042969 0.037109