0 0.251709 0.395996 0.016113 0.102539
0 0.970703 0.300293 0.041992 0.252930
0 0.933105 0.300781 0.038086 0.261719
0 0.880371 0.317871 0.040039 0.252930
0 0.788086 0.333496 0.038086 0.254883
0 0.834473 0.322266 0.072266 0.324219
1 0.504883 0.345703 0.007812 0.011719
1 0.536133 0.345703 0.023438 0.078125
1 0.472900 0.370605 0.006348 0.024414
1 0.460693 0.368652 0.020020 0.038086
1 0.454102 0.374512 0.014648 0.028320
1 0.445312 0.377930 0.009766 0.035156
1 0.433105 0.378418 0.025391 0.041992
1 0.417725 0.381836 0.017090 0.046875
1 0.396484 0.388184 0.041016 0.059570
1 0.055664 0.483887 0.105469 0.393555
1 0.568604 0.373047 0.064941 0.105469
2 0.632324 0.372070 0.026367 0.085938