0 0.371826 0.420410 0.006348 0.010742
0 0.384766 0.415527 0.008789 0.014648
1 0.467773 0.439941 0.009766 0.041992
1 0.449463 0.437500 0.032715 0.064453
1 0.436035 0.451172 0.029297 0.062500
1 0.424316 0.459961 0.027344 0.068359
1 0.390137 0.469727 0.061523 0.095703
1 0.318848 0.495605 0.098633 0.149414
1 0.148926 0.534668 0.257812 0.336914
1 0.617920 0.442383 0.090332 0.093750
1 0.606689 0.454590 0.042480 0.081055
1 0.648193 0.471191 0.053223 0.108398
1 0.712402 0.478516 0.125977 0.126953
1 0.877686 0.501953 0.212402 0.240234
1 0.911377 0.555176 0.140137 0.239258
1 0.964111 0.597656 0.065918 0.394531