0 0.310059 0.458008 0.004883 0.029297
0 0.484131 0.438965 0.013184 0.032227
0 0.476318 0.448730 0.010254 0.028320
0 0.465576 0.444336 0.014160 0.089844
0 0.635498 0.444824 0.025879 0.165039
0 0.604980 0.450684 0.037109 0.155273
0 0.663818 0.442871 0.037598 0.223633
0 0.699219 0.440430 0.042969 0.226562
0 0.804688 0.450684 0.080078 0.420898
0 0.921875 0.436523 0.094727 0.412109
0 0.992432 0.412598 0.009277 0.100586
1 0.266113 0.467773 0.014648 0.017578
1 0.321045 0.456055 0.006348 0.037109
1 0.339111 0.458984 0.014160 0.037109
1 0.356934 0.442871 0.010742 0.108398
1 0.394531 0.433105 0.073242 0.153320
1 0.083008 0.506348 0.034180 0.098633
1 0.038086 0.515137 0.070312 0.155273
1 0.005859 0.558105 0.005859 0.125977
2 0.444824 0.465332 0.021484 0.057617
2 0.456543 0.472656 0.011719 0.060547