0 0.410889 0.477539 0.005371 0.027344
0 0.404785 0.473145 0.007812 0.034180
0 0.389648 0.472168 0.004883 0.038086
0 0.338623 0.450684 0.020020 0.079102
1 0.491455 0.491699 0.006348 0.010742
1 0.517334 0.462402 0.051270 0.077148
1 0.599854 0.460938 0.024902 0.093750
1 0.641357 0.453125 0.075684 0.136719
1 0.653809 0.472168 0.065430 0.143555
1 0.679443 0.482910 0.077637 0.180664
1 0.763916 0.509766 0.168457 0.238281
2 0.263672 0.469727 0.012695 0.037109
2 0.254639 0.472168 0.013184 0.032227
3 0.272217 0.466797 0.015137 0.046875