1 0.532227 0.442871 0.016602 0.038086
1 0.555908 0.452148 0.020020 0.072266
1 0.573486 0.454590 0.039551 0.092773
1 0.592773 0.463379 0.037109 0.114258
1 0.635986 0.468750 0.094238 0.150391
1 0.724365 0.510254 0.152832 0.266602
1 0.862549 0.573242 0.269043 0.501953
1 0.985107 0.812012 0.023926 0.364258
1 0.490479 0.436523 0.022949 0.042969
1 0.427979 0.435059 0.103027 0.104492
1 0.393799 0.456543 0.028809 0.090820
1 0.364746 0.462891 0.067383 0.109375
1 0.281494 0.488770 0.127441 0.170898
1 0.109375 0.536133 0.212891 0.376953
3 0.509766 0.453613 0.013672 0.043945