0 0.255127 0.447754 0.011230 0.041992
1 0.340088 0.387695 0.017090 0.027344
1 0.414307 0.379883 0.010254 0.029297
1 0.382324 0.409668 0.013672 0.028320
1 0.371338 0.413086 0.017090 0.033203
1 0.356201 0.419434 0.024902 0.038086
1 0.346680 0.428223 0.020508 0.040039
1 0.330811 0.437988 0.027832 0.047852
1 0.250000 0.445801 0.032227 0.041992
1 0.226074 0.447754 0.025391 0.034180
1 0.382080 0.459473 0.042480 0.055664
1 0.939941 0.427246 0.022461 0.041992
1 0.862793 0.430664 0.025391 0.037109
1 0.799805 0.430176 0.021484 0.040039
1 0.832031 0.434082 0.052734 0.059570
1 0.718750 0.427734 0.014648 0.029297
1 0.710938 0.443848 0.024414 0.057617
1 0.762695 0.445801 0.081055 0.092773
1 0.637939 0.432617 0.138184 0.173828
1 0.156494 0.511719 0.307129 0.222656
2 0.681885 0.556641 0.106934 0.207031