0 0.519531 0.338867 0.008789 0.029297
1 0.507080 0.358398 0.019043 0.029297
1 0.490479 0.366699 0.023926 0.043945
1 0.408203 0.358398 0.028320 0.033203
1 0.391846 0.381348 0.038574 0.053711
1 0.431885 0.392578 0.046387 0.074219
1 0.535156 0.369629 0.026367 0.043945
1 0.543457 0.378906 0.028320 0.048828
1 0.552002 0.399414 0.036621 0.042969
1 0.589355 0.417969 0.043945 0.095703
1 0.606445 0.425293 0.062500 0.098633
1 0.624756 0.447266 0.074707 0.126953
1 0.382568 0.391602 0.032715 0.058594
1 0.378418 0.399902 0.015625 0.059570
1 0.359619 0.405273 0.038574 0.072266
1 0.348145 0.414062 0.043945 0.074219
1 0.335205 0.424805 0.052246 0.085938
1 0.314697 0.438477 0.042480 0.095703
1 0.268066 0.450684 0.085938 0.125977
1 0.660400 0.472656 0.110840 0.152344
1 0.790283 0.529297 0.200684 0.306641
1 0.910645 0.643066 0.172852 0.622070