0 0.679443 0.475586 0.008301 0.021484
0 0.735107 0.464844 0.010254 0.029297
0 0.753418 0.468262 0.007812 0.028320
0 0.850830 0.456543 0.018066 0.049805
1 0.474121 0.480957 0.027344 0.061523
1 0.472900 0.494141 0.010254 0.037109
1 0.405518 0.446289 0.039551 0.037109
1 0.440674 0.490723 0.057129 0.096680
1 0.291260 0.504395 0.066895 0.092773
1 0.228027 0.497070 0.107422 0.144531
1 0.107422 0.523926 0.139648 0.151367
1 0.019043 0.550781 0.032227 0.136719
1 0.515625 0.499512 0.066406 0.106445
1 0.369385 0.509766 0.112793 0.150391