0 0.303955 0.446777 0.030762 0.194336
0 0.412109 0.435547 0.004883 0.017578
0 0.425049 0.435059 0.005371 0.022461
1 0.401855 0.431641 0.006836 0.019531
1 0.408936 0.433105 0.015137 0.022461
1 0.421387 0.434082 0.017578 0.024414
1 0.433105 0.435059 0.013672 0.024414
1 0.444092 0.434570 0.017090 0.027344
1 0.452148 0.436035 0.016602 0.028320
1 0.462158 0.436035 0.017090 0.030273
1 0.473145 0.436035 0.013672 0.036133
1 0.481689 0.436035 0.016113 0.034180
1 0.488770 0.437500 0.020508 0.037109
1 0.503906 0.439453 0.027344 0.039062
1 0.532227 0.437988 0.038086 0.059570
1 0.535156 0.447754 0.014648 0.045898
1 0.546631 0.448730 0.024902 0.055664
1 0.565186 0.449219 0.037598 0.068359
1 0.582275 0.457031 0.028809 0.072266
1 0.595703 0.458008 0.026367 0.078125
1 0.608154 0.463379 0.034668 0.096680
1 0.654053 0.456055 0.084473 0.144531
1 0.667236 0.492188 0.049316 0.119141
1 0.723877 0.501953 0.109863 0.207031
1 0.871094 0.542480 0.251953 0.405273
1 0.990479 0.732422 0.013184 0.181641