0 0.494629 0.399902 0.006836 0.012695
0 0.507324 0.397461 0.004883 0.009766
0 0.719482 0.436035 0.025879 0.127930
0 0.212646 0.419434 0.008301 0.041992
0 0.129395 0.435547 0.029297 0.201172
0 0.099609 0.446289 0.026367 0.210938
0 0.076172 0.444824 0.033203 0.221680
1 0.407715 0.419434 0.019531 0.040039
1 0.466553 0.421875 0.011230 0.037109
1 0.453125 0.429688 0.029297 0.062500
1 0.435791 0.448730 0.058105 0.084961
1 0.502686 0.428223 0.033691 0.051758
1 0.291016 0.424316 0.029297 0.059570
1 0.294189 0.433594 0.016113 0.060547
1 0.238770 0.451660 0.067383 0.086914
1 0.093262 0.455566 0.156250 0.196289
1 0.349365 0.483398 0.134277 0.207031
3 0.605957 0.428711 0.026367 0.064453