1 0.437500 0.419434 0.035156 0.083008
1 0.429688 0.437988 0.030273 0.061523
1 0.416504 0.443848 0.038086 0.061523
1 0.391357 0.452637 0.021973 0.096680
1 0.360596 0.455078 0.055176 0.115234
1 0.331543 0.474609 0.089844 0.140625
1 0.235596 0.509766 0.126465 0.224609
1 0.103516 0.556152 0.201172 0.364258
1 0.570312 0.421875 0.011719 0.009766
1 0.582520 0.445801 0.024414 0.063477
1 0.601562 0.453125 0.039062 0.078125
1 0.643799 0.462402 0.078613 0.118164
1 0.533936 0.452637 0.080566 0.124023
1 0.720703 0.500977 0.136719 0.175781
1 0.912354 0.603027 0.169434 0.448242