0 0.901123 0.458984 0.034668 0.228516
0 0.248047 0.415039 0.004883 0.025391
0 0.214111 0.513672 0.084473 0.382812
0 0.192627 0.513672 0.091309 0.414062
0 0.420166 0.497070 0.082520 0.396484
0 0.413818 0.496582 0.119629 0.452148
1 0.530762 0.410156 0.016602 0.035156
1 0.498535 0.427734 0.007812 0.023438
1 0.485840 0.425293 0.014648 0.024414
1 0.512695 0.420410 0.021484 0.051758
1 0.346680 0.415527 0.008789 0.014648
1 0.335205 0.416016 0.014160 0.017578
1 0.295654 0.417969 0.028809 0.027344
1 0.138916 0.421875 0.056152 0.050781
1 0.006104 0.434082 0.006348 0.049805