0 0.568848 0.378906 0.005859 0.015625
0 0.781738 0.416992 0.032227 0.183594
0 0.329834 0.414062 0.012207 0.060547
0 0.063721 0.434082 0.022949 0.094727
1 0.599609 0.404785 0.019531 0.038086
1 0.634521 0.427246 0.075684 0.133789
1 0.717773 0.464355 0.124023 0.182617
1 0.981201 0.347656 0.031738 0.294922
1 0.414307 0.412109 0.031738 0.054688
1 0.512207 0.407227 0.043945 0.052734
1 0.553711 0.410645 0.040039 0.069336
1 0.366211 0.430664 0.048828 0.066406
1 0.307373 0.444336 0.031738 0.101562
1 0.249023 0.452637 0.115234 0.159180
1 0.039551 0.505371 0.073242 0.311523