0 0.593750 0.391602 0.013672 0.050781
0 0.605957 0.379883 0.011719 0.025391
0 0.618652 0.381348 0.012695 0.026367
0 0.731445 0.395020 0.013672 0.022461
1 0.473389 0.405762 0.013184 0.028320
1 0.454102 0.402832 0.030273 0.041992
1 0.579590 0.397461 0.022461 0.046875
1 0.640137 0.393555 0.032227 0.011719
1 0.604492 0.434570 0.038086 0.083984
1 0.619385 0.441406 0.042480 0.091797
1 0.645996 0.455078 0.062500 0.113281
1 0.664307 0.468262 0.062988 0.135742
1 0.713623 0.485840 0.131348 0.163086
1 0.874756 0.562988 0.244629 0.401367
1 0.970947 0.734863 0.052246 0.344727
1 0.206299 0.494629 0.142090 0.231445
1 0.091797 0.557129 0.177734 0.333008
3 0.302246 0.487305 0.052734 0.123047