0 0.450684 0.398438 0.005859 0.013672
0 0.458740 0.402832 0.005371 0.022461
0 0.492676 0.416504 0.008789 0.069336
0 0.506592 0.417969 0.008301 0.066406
0 0.584473 0.401855 0.005859 0.032227
0 0.592773 0.406738 0.007812 0.051758
0 0.759277 0.477051 0.039062 0.204102
0 0.845947 0.430176 0.029785 0.141602
0 0.909424 0.475098 0.061035 0.299805
0 0.987549 0.458496 0.019043 0.206055
0 0.279785 0.377441 0.021484 0.034180
1 0.483154 0.418945 0.012207 0.025391
1 0.472412 0.419434 0.018066 0.024414
1 0.526123 0.415039 0.018066 0.037109
1 0.522461 0.397461 0.015625 0.009766
1 0.507324 0.415527 0.021484 0.038086
1 0.619141 0.428223 0.030273 0.079102
1 0.629150 0.443359 0.009277 0.066406
1 0.669922 0.374023 0.071289 0.132812
1 0.668213 0.423340 0.081543 0.213867
1 0.735596 0.440430 0.133301 0.265625
1 0.562988 0.439941 0.055664 0.084961
1 0.454590 0.436523 0.020508 0.062500
1 0.443359 0.439453 0.019531 0.068359
1 0.437744 0.449219 0.007324 0.062500
1 0.402588 0.435059 0.064941 0.120117
1 0.393555 0.454102 0.037109 0.107422
1 0.360596 0.457031 0.053223 0.130859
1 0.307129 0.475098 0.101562 0.168945
1 0.193848 0.506836 0.177734 0.246094
1 0.066895 0.546875 0.127930 0.402344