0 0.467529 0.452148 0.022949 0.093750
0 0.452148 0.449219 0.026367 0.103516
1 0.512207 0.433594 0.020508 0.044922
1 0.439209 0.452148 0.012207 0.054688
1 0.432373 0.457031 0.019043 0.062500
1 0.416504 0.461426 0.041016 0.071289
1 0.377197 0.471680 0.064941 0.103516
1 0.317139 0.492188 0.096191 0.156250
1 0.234619 0.521973 0.100098 0.264648
1 0.114014 0.566895 0.222168 0.379883
1 0.621094 0.416504 0.229492 0.180664
1 0.628418 0.479980 0.091797 0.161133
1 0.722168 0.506348 0.173828 0.229492
1 0.964844 0.770020 0.064453 0.448242