1 0.386230 0.412598 0.004883 0.022461
1 0.391846 0.411621 0.012207 0.024414
1 0.397461 0.414062 0.013672 0.025391
1 0.410156 0.415527 0.017578 0.026367
1 0.432373 0.419434 0.023926 0.030273
1 0.457520 0.423340 0.013672 0.034180
1 0.468994 0.423828 0.024902 0.037109
1 0.486572 0.425781 0.030762 0.041016
1 0.506592 0.432129 0.022949 0.047852
1 0.520752 0.434082 0.021973 0.057617
1 0.535400 0.434570 0.030762 0.058594
1 0.548828 0.445801 0.023438 0.065430
1 0.572266 0.446777 0.046875 0.081055
1 0.584961 0.455566 0.041992 0.088867
1 0.620605 0.465332 0.066406 0.116211
1 0.656250 0.477539 0.080078 0.148438
1 0.731689 0.500000 0.145996 0.191406
1 0.887939 0.566406 0.218262 0.359375
1 0.955078 0.655273 0.083984 0.367188