0 0.449463 0.289062 0.009277 0.044922
0 0.467773 0.264160 0.009766 0.018555
0 0.518555 0.285156 0.008789 0.050781
0 0.610352 0.288574 0.009766 0.047852
0 0.621094 0.284180 0.014648 0.064453
0 0.314209 0.306641 0.020020 0.072266
0 0.240234 0.376953 0.028320 0.201172
0 0.219727 0.391113 0.037109 0.188477
0 0.145020 0.415039 0.059570 0.224609
0 0.360352 0.336914 0.019531 0.105469
1 0.540527 0.257812 0.027344 0.042969
1 0.487061 0.270996 0.027832 0.043945
1 0.564941 0.278320 0.034180 0.037109
1 0.576904 0.307129 0.034668 0.079102
1 0.593994 0.322754 0.044434 0.059570
1 0.455566 0.396484 0.138672 0.162109
1 0.612549 0.474121 0.172363 0.247070
2 0.631104 0.328613 0.015137 0.043945
2 0.843506 0.496094 0.055176 0.167969