0 0.465088 0.416016 0.006348 0.031250
0 0.455811 0.416016 0.005371 0.025391
1 0.519531 0.408691 0.008789 0.016602
1 0.534180 0.414551 0.017578 0.028320
1 0.540283 0.430176 0.013184 0.036133
1 0.546143 0.431152 0.014160 0.038086
1 0.569092 0.422363 0.046387 0.100586
1 0.566406 0.449219 0.017578 0.070312
1 0.577393 0.448242 0.037598 0.080078
1 0.608154 0.461914 0.049316 0.105469
1 0.680908 0.469727 0.129395 0.193359
1 0.736084 0.508789 0.151855 0.226562
1 0.859375 0.584473 0.275391 0.336914
1 0.978027 0.772461 0.038086 0.363281
1 0.360352 0.474121 0.106445 0.139648