0 0.817627 0.463379 0.040527 0.213867
0 0.886230 0.447266 0.044922 0.246094
0 0.169434 0.425781 0.006836 0.033203
0 0.146973 0.487305 0.079102 0.392578
0 0.101318 0.492676 0.133301 0.448242
1 0.532959 0.415527 0.015137 0.032227
1 0.527344 0.424316 0.007812 0.014648
1 0.490967 0.429199 0.008301 0.022461
1 0.514404 0.424805 0.018066 0.042969
1 0.439941 0.423340 0.004883 0.016602
1 0.445557 0.415527 0.006348 0.012695
1 0.445801 0.427246 0.007812 0.016602
1 0.347168 0.420410 0.011719 0.016602
1 0.335449 0.422363 0.011719 0.016602
1 0.367188 0.424316 0.012695 0.020508
1 0.007080 0.437012 0.008301 0.049805
1 0.243652 0.422363 0.041992 0.040039
1 0.417236 0.427246 0.019043 0.032227
2 0.615234 0.621094 0.260742 0.351562