0 0.031250 0.628418 0.056641 0.258789
0 0.283936 0.549316 0.082520 0.588867
0 0.259521 0.539062 0.193848 0.732422
0 0.523682 0.554688 0.096191 0.744141
0 0.431641 0.523438 0.217773 0.835938
0 0.972900 0.724609 0.048340 0.177734
0 0.717041 0.518555 0.098145 0.552734
1 0.756348 0.420410 0.013672 0.020508
1 0.774902 0.421387 0.013672 0.026367
1 0.765381 0.424805 0.018066 0.023438
1 0.899414 0.422852 0.076172 0.056641
1 0.970459 0.423828 0.053223 0.058594
1 0.619141 0.424805 0.009766 0.029297
1 0.632324 0.420410 0.025391 0.038086
1 0.665527 0.413086 0.065430 0.064453
1 0.322266 0.445312 0.027344 0.052734
1 0.081299 0.418945 0.091309 0.029297