0 0.605957 0.474121 0.011719 0.081055
0 0.615234 0.480469 0.008789 0.091797
0 0.627930 0.485840 0.021484 0.096680
0 0.666260 0.481934 0.017090 0.116211
0 0.653076 0.488281 0.023926 0.117188
0 0.798096 0.447266 0.039551 0.105469
0 0.411621 0.428711 0.008789 0.042969
1 0.514648 0.449707 0.005859 0.034180
1 0.579590 0.461426 0.010742 0.043945
1 0.604248 0.463867 0.014160 0.039062
1 0.558105 0.458496 0.041016 0.077148
1 0.319092 0.467285 0.050293 0.073242
1 0.375244 0.468262 0.072754 0.124023
1 0.285645 0.463867 0.026367 0.091797
1 0.263184 0.474609 0.042969 0.119141
1 0.187012 0.481445 0.122070 0.164062
1 0.464355 0.523926 0.122070 0.192383
2 0.883057 0.578125 0.105957 0.126953