0 0.181641 0.472656 0.011719 0.097656
0 0.190430 0.474609 0.018555 0.109375
0 0.211670 0.475098 0.023926 0.108398
0 0.220215 0.479980 0.024414 0.098633
0 0.246094 0.479980 0.023438 0.110352
0 0.284668 0.481934 0.031250 0.106445
0 0.392578 0.419434 0.023438 0.090820
0 0.655029 0.472656 0.022949 0.138672
1 0.731689 0.462402 0.012207 0.022461
1 0.603516 0.435059 0.079102 0.071289
1 0.614746 0.453613 0.046875 0.034180
1 0.306152 0.476562 0.026367 0.070312
1 0.254150 0.475098 0.072754 0.088867
1 0.142822 0.484375 0.082520 0.072266
1 0.353760 0.458008 0.099121 0.154297
1 0.791992 0.500977 0.083984 0.093750