0 0.561768 0.391602 0.007324 0.041016
0 0.631592 0.375977 0.006348 0.039062
0 0.636963 0.376953 0.007324 0.027344
0 0.666748 0.376953 0.008301 0.041016
0 0.675781 0.367188 0.004883 0.025391
0 0.672607 0.379395 0.010254 0.034180
0 0.776855 0.436035 0.011719 0.129883
0 0.770752 0.450195 0.032715 0.187500
0 0.766357 0.530273 0.006348 0.011719
0 0.750000 0.375000 0.013672 0.033203
0 0.821289 0.421387 0.018555 0.110352
0 0.986328 0.432617 0.013672 0.156250
0 0.518311 0.370117 0.006348 0.009766
0 0.423584 0.387695 0.010254 0.033203
0 0.411621 0.386719 0.005859 0.041016
0 0.406738 0.388184 0.007812 0.040039
0 0.393066 0.388184 0.017578 0.043945
0 0.375977 0.391113 0.005859 0.057617
0 0.379395 0.390137 0.010742 0.049805
0 0.389648 0.388672 0.013672 0.039062
0 0.368896 0.389160 0.009277 0.045898
0 0.352783 0.391602 0.009277 0.048828
0 0.360840 0.391602 0.011719 0.068359
0 0.349854 0.404785 0.008301 0.049805
0 0.322998 0.393555 0.007324 0.031250
0 0.281006 0.358887 0.006348 0.022461
0 0.271973 0.382812 0.011719 0.042969
0 0.278320 0.432617 0.017578 0.132812
0 0.250488 0.431152 0.020508 0.131836
0 0.227295 0.411621 0.021973 0.075195
0 0.204346 0.366699 0.016113 0.049805
0 0.217773 0.414551 0.021484 0.073242
0 0.205078 0.412109 0.027344 0.074219
0 0.158936 0.356934 0.007324 0.012695
0 0.167725 0.375977 0.005371 0.015625
0 0.172607 0.423828 0.038574 0.121094
0 0.126221 0.389160 0.021973 0.065430
0 0.083496 0.423828 0.032227 0.082031
0 0.028320 0.420410 0.026367 0.096680
0 0.048340 0.419434 0.029297 0.092773
0 0.008545 0.614258 0.011230 0.072266
0 0.145508 0.491699 0.093750 0.323242
0 0.229736 0.541504 0.027832 0.157227
0 0.344238 0.532227 0.006836 0.009766
0 0.345215 0.470215 0.069336 0.278320
0 0.298096 0.471680 0.079590 0.332031
0 0.515625 0.434082 0.025391 0.127930
0 0.524414 0.435547 0.019531 0.171875
0 0.549072 0.445312 0.063965 0.240234
0 0.539795 0.322754 0.027832 0.079102
0 0.551270 0.463867 0.048828 0.224609
0 0.729980 0.564941 0.100586 0.586914
0 0.877441 0.471191 0.140625 0.465820
0 0.885498 0.482422 0.117676 0.517578
1 0.565186 0.357910 0.011230 0.022461
1 0.574951 0.389648 0.019043 0.046875
1 0.592529 0.381836 0.031738 0.029297
1 0.596680 0.410156 0.041992 0.072266
1 0.503418 0.374512 0.015625 0.024414
1 0.495850 0.378418 0.010254 0.020508
1 0.481201 0.382812 0.022949 0.037109
3 0.634277 0.398926 0.012695 0.016602
3 0.603760 0.420898 0.025879 0.058594
3 0.616699 0.424805 0.030273 0.058594
3 0.642822 0.435059 0.038574 0.061523
3 0.479004 0.393555 0.018555 0.039062
3 0.438721 0.412598 0.030762 0.032227