1 0.032715 0.463867 0.037109 0.052734
1 0.010986 0.477539 0.016113 0.115234
1 0.006348 0.507324 0.006836 0.098633
1 0.050293 0.465332 0.018555 0.051758
1 0.148193 0.466309 0.056152 0.059570
1 0.092529 0.474121 0.081543 0.094727
1 0.195312 0.467773 0.064453 0.060547
1 0.257080 0.464355 0.066895 0.071289
1 0.312744 0.469238 0.077637 0.073242
1 0.741943 0.526855 0.188965 0.262695
1 0.881348 0.580078 0.231445 0.410156
1 0.399902 0.467285 0.082031 0.094727
1 0.462402 0.474121 0.087891 0.106445
1 0.539062 0.484863 0.103516 0.122070