1 0.486816 0.333984 0.015625 0.019531
1 0.481689 0.426270 0.030762 0.043945
1 0.557861 0.424316 0.051270 0.088867
1 0.573975 0.441895 0.039551 0.094727
1 0.595215 0.448730 0.048828 0.114258
1 0.614014 0.459961 0.048340 0.134766
1 0.652344 0.469238 0.079102 0.186523
1 0.736816 0.489258 0.161133 0.250000
1 0.880127 0.587891 0.233887 0.427734
1 0.023193 0.726074 0.040527 0.317383
1 0.387451 0.443848 0.020996 0.094727
1 0.364502 0.437988 0.052246 0.139648
1 0.307373 0.455566 0.113770 0.186523
2 0.501221 0.432617 0.014160 0.039062