0 0.791016 0.422363 0.008789 0.069336
1 0.299561 0.404297 0.019043 0.013672
1 0.239990 0.414551 0.020020 0.014648
1 0.542480 0.391113 0.009766 0.030273
1 0.532959 0.392090 0.013184 0.030273
1 0.521240 0.389648 0.020996 0.023438
1 0.517578 0.395508 0.019531 0.009766
1 0.590332 0.383301 0.018555 0.053711
1 0.588379 0.415527 0.008789 0.032227
1 0.572266 0.426758 0.025391 0.050781
1 0.551514 0.438965 0.026855 0.063477
1 0.516602 0.449219 0.060547 0.101562
1 0.601318 0.415039 0.020020 0.046875
1 0.604492 0.424805 0.009766 0.041016
1 0.622314 0.420410 0.031738 0.059570
1 0.656006 0.467773 0.087402 0.126953