0 0.168213 0.451172 0.006348 0.021484
0 0.175293 0.455078 0.005859 0.023438
0 0.213867 0.453613 0.004883 0.020508
0 0.228027 0.437988 0.004883 0.016602
0 0.333252 0.444336 0.010254 0.052734
0 0.367676 0.449707 0.006836 0.043945
0 0.386475 0.441895 0.009277 0.065430
0 0.546143 0.446777 0.017090 0.077148
0 0.602051 0.444824 0.014648 0.086914
0 0.244873 0.477051 0.062012 0.327148
0 0.309570 0.520996 0.121094 0.395508
0 0.263184 0.506836 0.107422 0.458984
0 0.686523 0.450684 0.012695 0.088867
0 0.674805 0.449707 0.014648 0.090820
0 0.662109 0.451660 0.017578 0.084961
0 0.637695 0.456055 0.012695 0.074219
0 0.625000 0.449219 0.017578 0.083984
0 0.402344 0.437500 0.012695 0.066406