0 0.826660 0.349609 0.013672 0.025391
0 0.068604 0.470215 0.031738 0.122070
1 0.510986 0.395020 0.006348 0.010742
1 0.518066 0.395508 0.008789 0.009766
1 0.524170 0.407227 0.012207 0.021484
1 0.538818 0.426270 0.020020 0.043945
1 0.541992 0.437012 0.013672 0.049805
1 0.546875 0.437500 0.017578 0.052734
1 0.561768 0.439453 0.025879 0.068359
1 0.576904 0.443359 0.024902 0.097656
1 0.591797 0.453125 0.046875 0.115234
1 0.610107 0.473633 0.042480 0.146484
1 0.671631 0.482910 0.130371 0.200195
1 0.872559 0.588379 0.249023 0.541992
1 0.968506 0.806152 0.057129 0.375977
1 0.471680 0.433105 0.010742 0.022461
1 0.468994 0.435059 0.008301 0.020508
1 0.461426 0.434570 0.013672 0.021484
1 0.458740 0.438477 0.011230 0.023438
1 0.455078 0.439941 0.006836 0.022461
1 0.437256 0.441895 0.017090 0.034180
1 0.430908 0.445801 0.014160 0.032227
1 0.418945 0.447266 0.017578 0.039062
1 0.407227 0.452637 0.029297 0.040039
1 0.484863 0.432617 0.015625 0.031250
1 0.508545 0.436035 0.039551 0.069336
1 0.321777 0.524414 0.167969 0.214844
1 0.040527 0.531250 0.075195 0.205078