1 0.512939 0.261230 0.014160 0.012695
1 0.457764 0.255371 0.013184 0.024414
1 0.456299 0.256836 0.014160 0.021484
1 0.455078 0.257812 0.012695 0.017578
1 0.453613 0.263672 0.014648 0.025391
1 0.446777 0.266602 0.018555 0.023438
1 0.445801 0.274414 0.012695 0.019531
1 0.436768 0.274902 0.011230 0.016602
1 0.436035 0.276855 0.011719 0.014648
1 0.432373 0.285645 0.015137 0.022461
1 0.428223 0.294434 0.020508 0.030273
1 0.425537 0.302734 0.020020 0.037109
1 0.418701 0.308594 0.020020 0.041016
1 0.406250 0.323242 0.016602 0.058594
1 0.402832 0.342773 0.011719 0.044922
1 0.479004 0.264648 0.017578 0.027344
1 0.454834 0.319824 0.037598 0.079102
1 0.441895 0.362793 0.042969 0.073242
1 0.532959 0.256836 0.009277 0.019531
1 0.538574 0.260254 0.014648 0.022461
1 0.541748 0.263184 0.013184 0.018555
1 0.543213 0.269043 0.015137 0.024414
1 0.546387 0.276855 0.016602 0.028320
1 0.564209 0.255371 0.013184 0.022461
1 0.571045 0.264160 0.016113 0.028320
1 0.561279 0.319824 0.017090 0.041992
1 0.562744 0.334961 0.014160 0.044922
1 0.619141 0.326660 0.029297 0.045898
1 0.630859 0.344238 0.026367 0.057617
1 0.531738 0.455566 0.101562 0.163086