1 0.602295 0.434082 0.033691 0.041992
1 0.614990 0.455078 0.039551 0.072266
1 0.614990 0.465332 0.020996 0.079102
1 0.626709 0.467773 0.033691 0.080078
1 0.657715 0.474609 0.060547 0.093750
1 0.690918 0.516602 0.045898 0.121094
1 0.560547 0.473145 0.071289 0.118164
1 0.540527 0.381348 0.008789 0.014648
1 0.539062 0.391113 0.009766 0.016602
1 0.501709 0.437500 0.017090 0.052734
1 0.489746 0.440918 0.019531 0.059570
1 0.486572 0.447754 0.024902 0.061523
1 0.482666 0.448242 0.016113 0.068359
1 0.478516 0.453125 0.012695 0.070312
1 0.466309 0.451660 0.023438 0.100586
1 0.433350 0.466309 0.073730 0.135742
1 0.405273 0.486816 0.069336 0.143555
1 0.290283 0.484863 0.171387 0.317383
1 0.156250 0.569336 0.306641 0.416016