0 0.526611 0.390137 0.006348 0.016602
0 0.535400 0.389648 0.009277 0.023438
0 0.584229 0.426270 0.014160 0.081055
0 0.579102 0.423828 0.019531 0.089844
0 0.593018 0.428711 0.012207 0.085938
0 0.625244 0.420410 0.008301 0.088867
0 0.618652 0.424316 0.011719 0.083008
0 0.714111 0.428223 0.012207 0.047852
0 0.692871 0.417969 0.004883 0.019531
0 0.882080 0.432617 0.020020 0.140625
0 0.063232 0.387207 0.007324 0.032227
0 0.703125 0.424316 0.014648 0.083008
1 0.564453 0.410156 0.005859 0.009766
1 0.573486 0.409180 0.008301 0.027344
1 0.588135 0.409668 0.005371 0.014648
1 0.603760 0.416504 0.012207 0.036133
1 0.609375 0.419922 0.011719 0.035156
1 0.636719 0.407227 0.034180 0.076172
1 0.636963 0.425781 0.020996 0.046875
1 0.747559 0.445312 0.050781 0.097656
1 0.791016 0.454590 0.089844 0.116211
1 0.521240 0.442871 0.064941 0.088867
1 0.640625 0.428711 0.012695 0.044922
1 0.659180 0.429199 0.039062 0.059570
3 0.071289 0.414551 0.028320 0.053711
3 0.116699 0.418457 0.018555 0.041992