0 0.782959 0.470215 0.037598 0.227539
0 0.463135 0.430664 0.010254 0.037109
0 0.470215 0.427246 0.007812 0.040039
0 0.477051 0.432129 0.017578 0.059570
0 0.451172 0.437012 0.014648 0.051758
0 0.416504 0.434570 0.009766 0.056641
1 0.524902 0.388184 0.009766 0.014648
1 0.583496 0.435547 0.032227 0.056641
1 0.614746 0.452148 0.050781 0.091797
1 0.646240 0.457520 0.048340 0.106445
1 0.678467 0.466309 0.055176 0.131836
1 0.748291 0.478516 0.144043 0.191406
1 0.484863 0.423340 0.021484 0.038086
1 0.368408 0.422852 0.072754 0.152344
1 0.266846 0.428223 0.133301 0.225586
1 0.533203 0.437012 0.035156 0.047852