0 0.476807 0.444336 0.005371 0.031250
0 0.483643 0.442383 0.007324 0.042969
0 0.490967 0.443359 0.005371 0.042969
0 0.494385 0.444824 0.013184 0.041992
0 0.512695 0.442871 0.008789 0.038086
0 0.521484 0.440430 0.004883 0.050781
0 0.526855 0.430664 0.006836 0.035156
0 0.414062 0.426270 0.006836 0.022461
0 0.420166 0.427246 0.005371 0.018555
0 0.425049 0.423828 0.007324 0.023438
0 0.393799 0.425781 0.010254 0.027344
0 0.383789 0.428711 0.017578 0.035156
0 0.369385 0.429199 0.012207 0.032227
0 0.363770 0.427734 0.011719 0.035156
0 0.329590 0.419922 0.014648 0.021484
0 0.330811 0.436035 0.016113 0.059570
0 0.319580 0.437500 0.014160 0.054688
0 0.304932 0.434570 0.019043 0.029297
0 0.268799 0.428711 0.014160 0.037109
0 0.280762 0.399902 0.032227 0.098633
0 0.261963 0.438965 0.026855 0.094727
0 0.228516 0.406250 0.027344 0.033203
0 0.249756 0.445312 0.028809 0.087891
0 0.201416 0.405273 0.014160 0.060547
0 0.205078 0.416504 0.017578 0.038086
0 0.222656 0.429688 0.047852 0.101562
0 0.175293 0.415527 0.015625 0.053711
0 0.191162 0.407227 0.006348 0.056641
0 0.113525 0.408691 0.015137 0.057617
0 0.144287 0.406250 0.015137 0.041016
0 0.160645 0.416016 0.041016 0.078125
0 0.131104 0.418945 0.050293 0.070312
0 0.079102 0.391602 0.005859 0.023438
0 0.049316 0.400879 0.012695 0.040039
0 0.075684 0.418457 0.049805 0.100586
0 0.044678 0.430176 0.045410 0.120117
0 0.341064 0.461426 0.034668 0.192383
0 0.582275 0.441406 0.019043 0.101562
0 0.597900 0.437988 0.016113 0.077148
0 0.614502 0.440430 0.016113 0.072266
0 0.684814 0.430664 0.007324 0.027344
0 0.677002 0.439453 0.016113 0.048828
0 0.835449 0.387695 0.050781 0.169922
0 0.882080 0.380371 0.039551 0.161133
0 0.567139 0.420410 0.015137 0.032227
1 0.655273 0.434570 0.024414 0.021484
1 0.688477 0.427734 0.009766 0.021484
1 0.746338 0.426270 0.022949 0.030273
3 0.903076 0.539551 0.187988 0.424805