0 0.501953 0.442871 0.022461 0.083008
1 0.478271 0.436523 0.005371 0.035156
1 0.450684 0.446289 0.029297 0.052734
1 0.428711 0.451172 0.030273 0.070312
1 0.413818 0.461426 0.022949 0.090820
1 0.371582 0.463867 0.083984 0.130859
1 0.219727 0.484375 0.201172 0.308594
1 0.076416 0.560059 0.146973 0.416992
1 0.519531 0.434570 0.022461 0.042969
1 0.571289 0.442383 0.036133 0.076172
1 0.577148 0.458984 0.012695 0.072266
1 0.608643 0.444336 0.056152 0.115234
1 0.604492 0.464355 0.035156 0.104492
1 0.622559 0.465332 0.036133 0.127930
1 0.670410 0.477539 0.109375 0.183594
1 0.812988 0.540527 0.249023 0.319336
2 0.971191 0.503906 0.051758 0.166016