0 0.473633 0.421875 0.006836 0.027344
0 0.145508 0.410645 0.008789 0.040039
1 0.458008 0.433105 0.013672 0.012695
1 0.513916 0.437988 0.015137 0.055664
1 0.493164 0.442871 0.043945 0.069336
1 0.429443 0.402344 0.021973 0.009766
1 0.438232 0.437012 0.022949 0.065430
1 0.376709 0.401367 0.032715 0.029297
1 0.415039 0.439453 0.044922 0.080078
1 0.358398 0.431641 0.041992 0.082031
1 0.352295 0.445801 0.027832 0.071289
1 0.402588 0.458984 0.070801 0.101562
1 0.269043 0.504395 0.190430 0.276367
3 0.854248 0.463379 0.087402 0.219727
3 0.951660 0.461914 0.090820 0.312500