0 0.792480 0.438965 0.004883 0.038086
1 0.511719 0.453613 0.019531 0.040039
1 0.553711 0.447754 0.025391 0.045898
1 0.555908 0.452637 0.020020 0.045898
1 0.575195 0.454590 0.033203 0.049805
1 0.814697 0.446289 0.016113 0.021484
1 0.787842 0.435547 0.037598 0.044922
1 0.640625 0.456543 0.044922 0.063477
1 0.680664 0.455078 0.028320 0.050781
1 0.943848 0.465332 0.096680 0.100586
1 0.984375 0.479004 0.025391 0.096680
1 0.037598 0.418945 0.069336 0.103516
1 0.132568 0.519043 0.259277 0.280273
1 0.378662 0.588867 0.338379 0.476562