1 0.986572 0.455078 0.013184 0.050781
1 0.523926 0.430176 0.014648 0.030273
1 0.491699 0.430664 0.017578 0.025391
1 0.476562 0.427734 0.013672 0.035156
1 0.474365 0.430664 0.011230 0.031250
1 0.470947 0.432617 0.007324 0.031250
1 0.463379 0.435059 0.017578 0.036133
1 0.448242 0.437500 0.021484 0.048828
1 0.424072 0.437500 0.036621 0.080078
1 0.413086 0.445801 0.044922 0.079102
1 0.384033 0.464844 0.033691 0.115234
1 0.327393 0.467773 0.102051 0.154297
2 0.325439 0.536133 0.060059 0.164062
2 0.582275 0.441406 0.019043 0.029297
2 0.612305 0.500977 0.032227 0.119141
2 0.618408 0.503418 0.009277 0.041992