0 0.338867 0.412109 0.012695 0.015625
0 0.371338 0.450195 0.012207 0.087891
0 0.304932 0.454590 0.012207 0.081055
0 0.238525 0.422363 0.016113 0.049805
0 0.686768 0.434082 0.008301 0.045898
0 0.670410 0.446777 0.025391 0.143555
0 0.620117 0.444336 0.033203 0.160156
1 0.438965 0.430176 0.007812 0.012695
1 0.420410 0.438477 0.005859 0.015625
1 0.281738 0.456055 0.040039 0.052734
1 0.352295 0.459473 0.057129 0.077148
1 0.185547 0.484375 0.125977 0.148438
1 0.477539 0.440430 0.014648 0.035156
1 0.625244 0.439453 0.070801 0.056641
1 0.537354 0.435059 0.012207 0.032227
1 0.459717 0.444336 0.034668 0.050781
1 0.510010 0.459961 0.067871 0.101562
2 0.573730 0.448730 0.007812 0.045898