0 0.514648 0.353516 0.007812 0.031250
0 0.553955 0.366211 0.006348 0.044922
0 0.543213 0.375000 0.008301 0.064453
0 0.527344 0.393555 0.026367 0.111328
0 0.517822 0.396973 0.027832 0.110352
0 0.386719 0.380859 0.016602 0.091797
0 0.405762 0.395996 0.024414 0.104492
0 0.209717 0.483398 0.046387 0.347656
0 0.251221 0.466797 0.070801 0.425781
0 0.577637 0.352539 0.006836 0.023438
0 0.571289 0.375488 0.007812 0.059570
0 0.576904 0.364258 0.008301 0.033203
0 0.602539 0.371094 0.006836 0.066406
0 0.609131 0.374023 0.010254 0.060547
0 0.589844 0.374512 0.008789 0.057617
0 0.597168 0.372559 0.008789 0.061523
0 0.635742 0.352539 0.007812 0.033203
0 0.708984 0.370117 0.013672 0.033203
0 0.896729 0.451172 0.067871 0.294922
1 0.665039 0.451172 0.124023 0.183594
2 0.426025 0.391113 0.018066 0.059570
2 0.534912 0.397461 0.013184 0.048828