0 0.537354 0.410645 0.012207 0.096680
0 0.525635 0.411621 0.022949 0.092773
0 0.955811 0.425781 0.013184 0.068359
0 0.969971 0.424316 0.018066 0.077148
0 0.986816 0.460938 0.020508 0.125000
1 0.360352 0.341309 0.029297 0.024414
1 0.098633 0.378906 0.099609 0.035156
1 0.807617 0.371582 0.031250 0.051758
1 0.826172 0.382812 0.037109 0.042969
1 0.864014 0.386230 0.059082 0.045898
1 0.917236 0.402832 0.062988 0.043945
1 0.786133 0.403809 0.037109 0.061523
1 0.731689 0.432617 0.108887 0.138672
1 0.625244 0.455078 0.116699 0.156250