0 0.601807 0.403809 0.005371 0.030273
1 0.635010 0.405273 0.011230 0.025391
1 0.664551 0.509277 0.055664 0.100586
1 0.796631 0.490723 0.225098 0.239258
1 0.542236 0.418945 0.021973 0.035156
1 0.525879 0.428711 0.023438 0.041016
1 0.506836 0.433594 0.032227 0.050781
1 0.499512 0.445801 0.005859 0.038086
1 0.484863 0.437500 0.028320 0.066406
1 0.420654 0.418457 0.009277 0.012695
1 0.454102 0.463867 0.066406 0.119141
1 0.404541 0.472168 0.062988 0.139648
1 0.312500 0.492676 0.168945 0.266602
1 0.144287 0.583008 0.282715 0.464844
1 0.557373 0.437500 0.031738 0.041016
3 0.607910 0.455566 0.016602 0.032227
3 0.628174 0.478027 0.031738 0.081055