0 0.856445 0.485840 0.022461 0.131836
1 0.439697 0.416992 0.031738 0.054688
1 0.416504 0.421875 0.024414 0.050781
1 0.394531 0.426270 0.029297 0.061523
1 0.367676 0.434082 0.042969 0.065430
1 0.337891 0.440430 0.041016 0.074219
1 0.305420 0.447754 0.039551 0.090820
1 0.280029 0.453125 0.038574 0.105469
1 0.235596 0.461426 0.075684 0.139648
1 0.232910 0.485840 0.063477 0.135742
1 0.137695 0.486816 0.145508 0.233398
1 0.065186 0.549805 0.124512 0.273438
1 0.826904 0.519043 0.116699 0.067383
1 0.526123 0.398926 0.031738 0.051758
1 0.519287 0.395996 0.028809 0.030273
1 0.511963 0.412109 0.035645 0.056641
1 0.494385 0.422852 0.040527 0.066406
2 0.434326 0.500000 0.062988 0.097656
2 0.525635 0.500000 0.079590 0.109375