0 0.718262 0.411621 0.014648 0.053711
0 0.747803 0.407715 0.009277 0.051758
0 0.784912 0.393555 0.007324 0.029297
0 0.790527 0.395020 0.010742 0.024414
0 0.773438 0.407227 0.010742 0.046875
0 0.761230 0.413086 0.016602 0.062500
0 0.647217 0.461914 0.037598 0.158203
1 0.498291 0.421875 0.034668 0.052734
1 0.773926 0.474121 0.044922 0.137695
1 0.811523 0.471191 0.076172 0.168945
1 0.910889 0.465820 0.172363 0.300781
1 0.513428 0.458984 0.070801 0.115234
1 0.061523 0.552246 0.117188 0.278320
2 0.971191 0.600098 0.051758 0.141602
2 0.153320 0.518555 0.022461 0.105469
2 0.204346 0.528809 0.039551 0.124023
2 0.158447 0.521484 0.107910 0.146484
2 0.981689 0.670898 0.030762 0.121094
2 0.084717 0.490234 0.061035 0.101562