0 0.349121 0.450195 0.024414 0.146484
1 0.409180 0.428223 0.044922 0.016602
1 0.411621 0.444336 0.049805 0.042969
1 0.458008 0.453613 0.024414 0.028320
1 0.498535 0.450684 0.025391 0.034180
1 0.527588 0.448242 0.036621 0.037109
1 0.558105 0.447266 0.049805 0.039062
1 0.598145 0.462402 0.025391 0.069336
1 0.612793 0.463379 0.028320 0.090820
1 0.638184 0.468262 0.054688 0.110352
1 0.672607 0.486816 0.074707 0.145508
1 0.726562 0.506348 0.105469 0.192383
1 0.823975 0.539551 0.201660 0.254883
1 0.939697 0.610352 0.114746 0.388672
3 0.483398 0.455078 0.008789 0.023438