0 0.431641 0.405273 0.008789 0.035156
0 0.422119 0.419922 0.010254 0.056641
0 0.660400 0.437988 0.018066 0.071289
0 0.775635 0.458008 0.008301 0.029297
0 0.782715 0.456543 0.006836 0.026367
0 0.772949 0.497070 0.026367 0.056641
0 0.782959 0.502930 0.005371 0.042969
0 0.796875 0.514648 0.011719 0.027344
0 0.822021 0.482910 0.027832 0.100586
1 0.539307 0.394043 0.010254 0.020508
1 0.543457 0.397461 0.011719 0.013672
1 0.542969 0.405273 0.009766 0.021484
1 0.548828 0.408691 0.017578 0.028320
1 0.551270 0.415039 0.019531 0.033203
1 0.559814 0.432129 0.027832 0.051758
1 0.566895 0.436523 0.034180 0.050781
1 0.512451 0.425781 0.025879 0.044922
1 0.521484 0.443359 0.040039 0.058594
1 0.448730 0.442383 0.046875 0.070312
2 0.326416 0.457031 0.016113 0.056641
3 0.456299 0.401367 0.010254 0.023438