0 0.475586 0.426758 0.006836 0.048828
0 0.430664 0.434570 0.016602 0.083984
0 0.470703 0.440430 0.006836 0.027344
0 0.575928 0.415039 0.005371 0.011719
0 0.672852 0.445801 0.017578 0.081055
1 0.520020 0.434082 0.023438 0.032227
1 0.489014 0.438965 0.033691 0.049805
1 0.554688 0.415527 0.011719 0.010742
1 0.554199 0.429688 0.012695 0.023438
1 0.562500 0.435059 0.020508 0.034180
1 0.566406 0.437500 0.023438 0.037109
2 0.626465 0.472168 0.010742 0.053711
2 0.647949 0.477539 0.013672 0.064453
2 0.730225 0.521484 0.031738 0.130859