0 0.659912 0.422852 0.007324 0.042969
0 0.653564 0.419434 0.012207 0.055664
0 0.668457 0.426758 0.011719 0.048828
0 0.556641 0.425781 0.007812 0.039062
0 0.754639 0.430664 0.011230 0.066406
0 0.740967 0.429199 0.010254 0.069336
0 0.732666 0.425781 0.013184 0.082031
0 0.718750 0.430176 0.013672 0.069336
0 0.488281 0.424316 0.009766 0.059570
0 0.455322 0.419434 0.008301 0.047852
0 0.462402 0.420410 0.006836 0.040039
1 0.609619 0.427734 0.020020 0.019531
1 0.576172 0.436523 0.033203 0.056641
1 0.519531 0.434570 0.033203 0.052734
2 0.693848 0.435059 0.017578 0.022461
2 0.767090 0.431152 0.013672 0.041992
2 0.381592 0.468262 0.015137 0.086914
2 0.776611 0.440918 0.019043 0.034180