0 0.290039 0.455566 0.015625 0.090820
0 0.270508 0.454590 0.013672 0.088867
1 0.527100 0.434570 0.023926 0.015625
1 0.569336 0.437500 0.010742 0.019531
1 0.449219 0.437012 0.011719 0.020508
1 0.439697 0.429688 0.012207 0.009766
1 0.440186 0.443359 0.009277 0.027344
1 0.427979 0.445312 0.017090 0.039062
1 0.463135 0.440430 0.019043 0.029297
1 0.407471 0.451660 0.035645 0.051758
1 0.033447 0.542480 0.061035 0.284180
1 0.483154 0.441406 0.008301 0.023438
1 0.485840 0.441895 0.007812 0.024414
1 0.497559 0.446777 0.024414 0.038086
2 0.261475 0.469727 0.019043 0.058594