1 0.496582 0.471680 0.009766 0.021484
1 0.520020 0.471191 0.009766 0.030273
1 0.536377 0.469727 0.028809 0.033203
1 0.593750 0.470703 0.032227 0.101562
1 0.619873 0.478027 0.062012 0.124023
1 0.664551 0.496582 0.088867 0.166992
1 0.751465 0.524414 0.170898 0.273438
1 0.880127 0.617676 0.233887 0.508789
1 0.482178 0.462402 0.013184 0.040039
1 0.477051 0.465332 0.014648 0.047852
1 0.456543 0.461426 0.035156 0.079102
1 0.434570 0.473145 0.034180 0.110352
1 0.383545 0.478027 0.096191 0.135742
1 0.134521 0.648438 0.263184 0.589844