0 0.142578 0.428223 0.039062 0.176758
0 0.128906 0.426758 0.029297 0.197266
0 0.106689 0.492188 0.110840 0.394531
0 0.224854 0.352539 0.018066 0.054688
0 0.201904 0.363770 0.056152 0.182617
0 0.247314 0.490234 0.088379 0.373047
0 0.736816 0.396973 0.009766 0.049805
0 0.642578 0.428223 0.022461 0.125977
1 0.736816 0.392578 0.011719 0.050781
1 0.932373 0.605957 0.129395 0.399414
2 0.223389 0.548340 0.021973 0.108398
2 0.627930 0.470703 0.028320 0.089844
2 0.412109 0.454590 0.032227 0.104492
2 0.461182 0.462402 0.032715 0.094727
2 0.470215 0.476074 0.024414 0.088867
2 0.509277 0.466797 0.027344 0.097656
3 0.290283 0.440430 0.020996 0.134766
3 0.352295 0.443359 0.028809 0.128906