0 0.493896 0.353516 0.005371 0.013672
0 0.503418 0.362305 0.009766 0.035156
0 0.535645 0.379883 0.014648 0.089844
0 0.547119 0.410156 0.021973 0.125000
0 0.411133 0.349609 0.004883 0.025391
0 0.418213 0.351074 0.008301 0.028320
0 0.426514 0.356934 0.007324 0.024414
0 0.433594 0.353516 0.006836 0.023438
0 0.442383 0.350586 0.005859 0.019531
0 0.447998 0.352051 0.006348 0.016602
0 0.396484 0.365234 0.008789 0.044922
0 0.372070 0.350098 0.008789 0.028320
0 0.374512 0.359375 0.011719 0.027344
0 0.349854 0.402832 0.026855 0.147461
0 0.340088 0.399414 0.012207 0.146484
0 0.386230 0.406250 0.019531 0.140625
0 0.408447 0.414062 0.027832 0.130859
0 0.513428 0.407227 0.022949 0.132812
0 0.457031 0.425781 0.037109 0.158203
0 0.651855 0.419434 0.035156 0.217773
0 0.624512 0.436035 0.045898 0.198242
0 0.766602 0.466309 0.063477 0.334961
0 0.948730 0.470703 0.083984 0.490234
1 0.472168 0.406738 0.069336 0.106445
2 0.464844 0.457031 0.019531 0.105469