0 0.476807 0.359863 0.005371 0.012695
0 0.488037 0.380859 0.007324 0.044922
0 0.495361 0.379883 0.006348 0.039062
0 0.466309 0.381348 0.008789 0.045898
0 0.439941 0.373047 0.004883 0.017578
0 0.445801 0.383301 0.007812 0.045898
0 0.454346 0.379883 0.009277 0.039062
0 0.456543 0.420410 0.012695 0.055664
0 0.435791 0.418457 0.022949 0.116211
0 0.396729 0.403809 0.016113 0.069336
0 0.549561 0.416504 0.014160 0.102539
0 0.562500 0.411133 0.018555 0.132812
0 0.816162 0.440918 0.042480 0.288086
0 0.594238 0.467285 0.041992 0.266602
0 0.628174 0.453613 0.044434 0.313477
0 0.898682 0.422363 0.073730 0.323242
0 0.900635 0.450684 0.037598 0.290039
1 0.475830 0.378906 0.012207 0.031250
1 0.703125 0.434082 0.138672 0.237305
2 0.503418 0.428711 0.012695 0.035156
2 0.513672 0.430176 0.012695 0.043945