0 0.482178 0.392578 0.029785 0.162109
0 0.464600 0.387207 0.019043 0.194336
0 0.536865 0.386230 0.025879 0.125977
0 0.931641 0.484375 0.027344 0.142578
0 0.119873 0.430176 0.040527 0.147461
0 0.008057 0.416992 0.010254 0.117188
0 0.191162 0.477051 0.023926 0.266602
0 0.210938 0.470703 0.084961 0.328125
2 0.042480 0.543457 0.079102 0.145508
2 0.203613 0.506836 0.132812 0.142578
2 0.263916 0.531738 0.062988 0.182617
2 0.181885 0.531738 0.084473 0.202148
2 0.513428 0.451660 0.067871 0.125977
2 0.798340 0.512695 0.106445 0.175781