0 0.515381 0.414062 0.017090 0.109375
0 0.539307 0.407715 0.017090 0.104492
0 0.238037 0.442383 0.021973 0.253906
0 0.247559 0.449707 0.048828 0.260742
0 0.560791 0.403809 0.011230 0.061523
0 0.571533 0.404785 0.011230 0.063477
0 0.592041 0.379883 0.007324 0.025391
0 0.580566 0.408691 0.009766 0.086914
0 0.588623 0.412598 0.009277 0.086914
0 0.618652 0.380371 0.010742 0.043945
0 0.641846 0.401367 0.006348 0.080078
0 0.647461 0.408203 0.011719 0.091797
0 0.626709 0.471191 0.048340 0.256836
0 0.608154 0.467773 0.074707 0.300781
0 0.749512 0.416016 0.029297 0.156250
0 0.846436 0.444336 0.055176 0.189453
2 0.286865 0.449707 0.057129 0.118164
2 0.732178 0.445801 0.020996 0.084961
2 0.718506 0.440430 0.033691 0.083984
2 0.461182 0.506348 0.040527 0.172852
2 0.366211 0.434082 0.033203 0.104492