0 0.609619 0.417969 0.008301 0.023438
0 0.618164 0.434570 0.008789 0.029297
0 0.608887 0.466309 0.019531 0.067383
0 0.632324 0.463867 0.030273 0.146484
0 0.572266 0.443848 0.011719 0.063477
0 0.500732 0.438477 0.006348 0.044922
0 0.512451 0.454102 0.016113 0.091797
0 0.540283 0.447266 0.010254 0.074219
0 0.477539 0.452148 0.007812 0.103516
0 0.488525 0.463867 0.028809 0.138672
0 0.457764 0.458496 0.023926 0.124023
0 0.425293 0.456055 0.019531 0.126953
0 0.299561 0.473633 0.045410 0.253906
0 0.057373 0.554688 0.108887 0.669922
0 0.930908 0.571777 0.129395 0.504883
2 0.843262 0.509277 0.014648 0.079102
2 0.529297 0.488281 0.016602 0.070312