0 0.533203 0.367676 0.008789 0.041992
0 0.522705 0.398438 0.015137 0.095703
0 0.556641 0.467773 0.034180 0.240234
0 0.697266 0.444336 0.044922 0.226562
0 0.468262 0.382324 0.006836 0.030273
0 0.463135 0.370605 0.008301 0.051758
0 0.437500 0.382324 0.009766 0.069336
0 0.274414 0.432129 0.042969 0.235352
0 0.643555 0.470703 0.048828 0.251953
1 0.708740 0.425293 0.101074 0.120117
1 0.757568 0.443848 0.059082 0.047852
1 0.098389 0.499512 0.190918 0.989258
2 0.689941 0.492676 0.047852 0.147461
2 0.615479 0.508789 0.047363 0.173828