0 0.488770 0.408691 0.017578 0.034180
0 0.621826 0.432617 0.011230 0.074219
0 0.572021 0.462402 0.041504 0.190430
0 0.542725 0.497559 0.024902 0.131836
0 0.772217 0.451172 0.020996 0.125000
0 0.839111 0.454102 0.034668 0.187500
1 0.292969 0.398438 0.052734 0.031250
1 0.325684 0.386719 0.022461 0.021484
1 0.473389 0.414062 0.018066 0.019531
1 0.513184 0.415039 0.019531 0.023438
1 0.532715 0.426270 0.043945 0.041992
1 0.131348 0.435059 0.152344 0.180664
1 0.396973 0.474121 0.112305 0.174805
2 0.611816 0.459473 0.041016 0.047852
2 0.449951 0.519531 0.095215 0.128906