1 0.625488 0.441406 0.053711 0.064453
1 0.593750 0.448730 0.049805 0.063477
1 0.569580 0.453125 0.036621 0.072266
1 0.543213 0.450684 0.031738 0.084961
1 0.503662 0.452637 0.073730 0.090820
1 0.478027 0.460938 0.072266 0.089844
1 0.454346 0.466309 0.048340 0.092773
1 0.446045 0.471191 0.041504 0.096680
1 0.403320 0.471191 0.076172 0.108398
1 0.385986 0.475098 0.063965 0.116211
1 0.353516 0.477539 0.047852 0.123047
1 0.290039 0.474121 0.123047 0.157227
1 0.270752 0.492188 0.070801 0.150391
1 0.200439 0.489258 0.108887 0.169922
1 0.117920 0.505371 0.189941 0.202148
1 0.028564 0.520508 0.051270 0.238281