0 0.749023 0.440430 0.007812 0.048828
0 0.843018 0.465820 0.017090 0.078125
0 0.622070 0.441895 0.010742 0.071289
0 0.665771 0.454102 0.018066 0.056641
0 0.646729 0.443359 0.008301 0.074219
0 0.645264 0.445312 0.005371 0.068359
0 0.630859 0.443848 0.009766 0.071289
0 0.639160 0.440918 0.011719 0.081055
1 0.423584 0.438477 0.006348 0.023438
1 0.428223 0.438965 0.009766 0.022461
1 0.443359 0.439941 0.029297 0.036133
1 0.580811 0.469727 0.031738 0.107422
1 0.523926 0.482910 0.117188 0.176758
1 0.682373 0.425781 0.007324 0.015625
2 0.321045 0.490234 0.027832 0.097656