0 0.807861 0.478516 0.036621 0.324219
0 0.140381 0.462891 0.021973 0.080078
0 0.127930 0.472656 0.028320 0.082031
0 0.344727 0.470703 0.024414 0.205078
0 0.216064 0.490723 0.034668 0.215820
0 0.072510 0.497559 0.043457 0.229492
0 0.428955 0.477539 0.032715 0.158203
0 0.452148 0.484375 0.031250 0.148438
0 0.663086 0.471680 0.020508 0.134766
0 0.681152 0.465332 0.025391 0.163086
0 0.748779 0.610352 0.034668 0.113281
0 0.738770 0.495605 0.109375 0.377930
0 0.807129 0.495605 0.117188 0.475586
0 0.571045 0.467285 0.052246 0.377930
0 0.547363 0.506836 0.108398 0.363281
1 0.211670 0.524902 0.246582 0.165039