0 0.580811 0.415039 0.005371 0.033203
0 0.585938 0.411621 0.007812 0.040039
0 0.840820 0.406250 0.051758 0.220703
0 0.420898 0.420898 0.004883 0.046875
1 0.613037 0.437988 0.055176 0.084961
1 0.510254 0.378906 0.011719 0.011719
1 0.517090 0.382324 0.009766 0.010742
1 0.517578 0.389648 0.006836 0.009766
1 0.513428 0.391602 0.012207 0.009766
1 0.513184 0.399902 0.011719 0.010742
1 0.513916 0.409180 0.012207 0.013672
1 0.515869 0.419922 0.014160 0.019531
1 0.496338 0.424316 0.024902 0.038086
1 0.469971 0.414062 0.015137 0.013672
1 0.392578 0.419922 0.010742 0.025391
1 0.356201 0.446777 0.073730 0.090820
1 0.187744 0.502930 0.181152 0.220703
1 0.046875 0.547852 0.087891 0.306641