0 0.450684 0.404785 0.007812 0.036133
0 0.438477 0.411133 0.007812 0.021484
0 0.429932 0.418945 0.009277 0.050781
0 0.479980 0.432617 0.008789 0.041016
0 0.502686 0.422852 0.008301 0.037109
0 0.495605 0.435547 0.012695 0.068359
0 0.470215 0.437012 0.009766 0.065430
0 0.089355 0.483398 0.068359 0.292969
0 0.363037 0.403320 0.010254 0.019531
0 0.355225 0.407715 0.007324 0.012695
0 0.518799 0.430176 0.016113 0.065430
0 0.599121 0.474609 0.020508 0.187500
0 0.617920 0.482910 0.028809 0.196289
0 0.579346 0.473633 0.029785 0.201172
1 0.397217 0.458496 0.064941 0.139648
1 0.358398 0.501465 0.108398 0.174805
1 0.550293 0.437500 0.029297 0.058594
1 0.573975 0.475586 0.073730 0.121094
1 0.051025 0.680664 0.096191 0.626953
2 0.297119 0.526367 0.074707 0.166016
2 0.485596 0.445801 0.011230 0.047852
2 0.517578 0.445312 0.010742 0.042969
3 0.298584 0.514648 0.099121 0.171875