0 0.293945 0.425293 0.014648 0.057617
0 0.714844 0.396484 0.004883 0.019531
0 0.748779 0.413574 0.009277 0.051758
0 0.737549 0.417480 0.015137 0.049805
0 0.810547 0.416016 0.008789 0.078125
0 0.797607 0.422852 0.010254 0.089844
0 0.778076 0.431152 0.017090 0.088867
0 0.805176 0.432129 0.016602 0.104492
0 0.849609 0.432617 0.025391 0.144531
0 0.883301 0.425781 0.006836 0.101562
0 0.991699 0.420410 0.010742 0.045898
0 0.972900 0.456055 0.048340 0.119141
0 0.953369 0.429688 0.043457 0.201172
0 0.894043 0.440430 0.040039 0.185547
1 0.564453 0.415527 0.008789 0.016602
1 0.706055 0.436523 0.041016 0.062500
1 0.526123 0.449707 0.075684 0.135742
1 0.652588 0.429688 0.013184 0.048828
1 0.609619 0.475098 0.111816 0.172852
2 0.745850 0.425293 0.009277 0.034180
2 0.736572 0.426758 0.011230 0.033203
3 0.403320 0.519531 0.082031 0.179688