1 0.461426 0.373047 0.017578 0.025391
1 0.461914 0.376465 0.015625 0.026367
1 0.466553 0.382812 0.016113 0.035156
1 0.478760 0.391602 0.024902 0.052734
1 0.485596 0.399414 0.025879 0.060547
1 0.501953 0.403809 0.035156 0.069336
1 0.512207 0.411621 0.040039 0.075195
1 0.551514 0.425781 0.067871 0.105469
1 0.406494 0.368164 0.015137 0.025391
1 0.385254 0.363281 0.015625 0.027344
1 0.636230 0.459473 0.129883 0.163086
1 0.929443 0.589355 0.135254 0.416992
2 0.852051 0.467773 0.057617 0.138672
3 0.745117 0.483887 0.085938 0.200195