0 0.599854 0.442871 0.019043 0.127930
0 0.582764 0.442383 0.023926 0.132812
0 0.543701 0.447266 0.030762 0.128906
1 0.572998 0.388184 0.013184 0.041992
1 0.626465 0.390137 0.042969 0.026367
1 0.626465 0.414062 0.040039 0.044922
1 0.666504 0.428223 0.088867 0.055664
1 0.832031 0.504395 0.103516 0.180664
1 0.918457 0.525391 0.157227 0.250000
1 0.490723 0.385742 0.043945 0.048828
1 0.481689 0.401855 0.011230 0.032227
1 0.458496 0.406250 0.042969 0.060547
1 0.431641 0.416016 0.083008 0.072266
1 0.391113 0.444824 0.046875 0.096680
1 0.364990 0.428711 0.054199 0.072266
1 0.368408 0.477539 0.046387 0.072266
1 0.312988 0.453125 0.109375 0.140625
1 0.306885 0.448242 0.087402 0.115234
1 0.251709 0.424805 0.101074 0.070312
1 0.222168 0.476562 0.199219 0.195312
1 0.075195 0.479492 0.144531 0.263672