0 0.248047 0.368652 0.008789 0.051758
0 0.254639 0.369141 0.011230 0.052734
0 0.387207 0.354004 0.005859 0.032227
1 0.639893 0.359863 0.050293 0.036133
1 0.435303 0.356445 0.026855 0.058594
1 0.472168 0.360352 0.025391 0.041016
1 0.395264 0.375000 0.025879 0.035156
1 0.420410 0.373047 0.028320 0.035156
1 0.455811 0.368164 0.030762 0.041016
1 0.557861 0.356934 0.031738 0.040039
1 0.530762 0.396973 0.046875 0.071289
3 0.616211 0.402832 0.006836 0.026367
3 0.605957 0.391602 0.013672 0.056641
3 0.593506 0.406738 0.011230 0.032227