0 0.974121 0.380371 0.005859 0.016602
1 0.127686 0.389160 0.063965 0.041992
1 0.076660 0.413086 0.088867 0.068359
1 0.026855 0.416016 0.047852 0.066406
1 0.300537 0.409180 0.080566 0.058594
1 0.592285 0.406250 0.070312 0.044922
1 0.550781 0.410645 0.069336 0.040039
1 0.511719 0.409180 0.053711 0.046875
1 0.991211 0.398438 0.011719 0.035156
1 0.962891 0.405273 0.038086 0.044922
1 0.877441 0.413086 0.064453 0.066406
1 0.722656 0.403320 0.082031 0.066406
1 0.724365 0.419434 0.022949 0.032227
1 0.670166 0.419434 0.090332 0.075195
1 0.413086 0.422852 0.174805 0.121094
1 0.180176 0.428711 0.190430 0.140625