0 0.690430 0.457520 0.040039 0.219727
1 0.482422 0.421387 0.013672 0.055664
1 0.459229 0.421387 0.043457 0.081055
1 0.398438 0.452148 0.082031 0.125000
1 0.126709 0.566895 0.247559 0.469727
1 0.579590 0.424805 0.033203 0.050781
1 0.598145 0.433105 0.023438 0.075195
1 0.623047 0.437012 0.052734 0.090820
1 0.642578 0.442871 0.030273 0.084961
1 0.776367 0.408203 0.062500 0.048828
1 0.792236 0.450195 0.099121 0.103516
1 0.677979 0.461914 0.094238 0.156250
1 0.933350 0.592285 0.127441 0.270508
3 0.734131 0.474609 0.074707 0.199219