0 0.084229 0.422852 0.025879 0.132812
0 0.383057 0.468262 0.030762 0.258789
0 0.371826 0.475586 0.082520 0.273438
1 0.177002 0.404297 0.018066 0.017578
1 0.217285 0.403809 0.008789 0.024414
1 0.671387 0.360352 0.026367 0.023438
1 0.614258 0.375000 0.027344 0.021484
1 0.570068 0.388184 0.029785 0.028320
1 0.523193 0.401855 0.041504 0.030273
1 0.457275 0.418945 0.044434 0.042969
1 0.436279 0.422852 0.033691 0.042969
1 0.593018 0.435059 0.072754 0.081055
1 0.594238 0.453125 0.046875 0.093750
1 0.639893 0.452637 0.073730 0.102539
1 0.734863 0.453125 0.204102 0.197266
1 0.329590 0.443359 0.055664 0.078125
1 0.279297 0.438965 0.127930 0.110352
1 0.249756 0.452148 0.117676 0.093750