1 0.627441 0.344727 0.025391 0.021484
1 0.514893 0.371582 0.046387 0.038086
1 0.445312 0.385254 0.074219 0.051758
1 0.388672 0.396484 0.064453 0.068359
1 0.357666 0.397949 0.103027 0.094727
1 0.359131 0.408203 0.036621 0.070312
1 0.292480 0.406738 0.110352 0.120117
1 0.177246 0.414551 0.166992 0.143555
1 0.782227 0.375488 0.007812 0.016602
1 0.555908 0.383789 0.027832 0.042969
1 0.713379 0.440430 0.122070 0.156250
1 0.755859 0.454590 0.048828 0.170898
1 0.801514 0.469238 0.123535 0.233398
1 0.890137 0.482422 0.201172 0.281250
1 0.914551 0.521484 0.108398 0.240234
1 0.954834 0.553223 0.084473 0.413086