0 0.236572 0.479492 0.018066 0.089844
0 0.191895 0.479004 0.015625 0.098633
1 0.498779 0.516602 0.015137 0.023438
1 0.429199 0.499512 0.026367 0.049805
1 0.317139 0.493652 0.121582 0.090820
1 0.560547 0.506348 0.017578 0.034180
1 0.568359 0.507324 0.011719 0.032227
1 0.594727 0.501465 0.043945 0.055664
1 0.617920 0.504883 0.016113 0.052734
1 0.644043 0.504883 0.046875 0.070312
1 0.649170 0.510254 0.034668 0.071289
1 0.687744 0.481445 0.056152 0.044922
1 0.692871 0.523926 0.071289 0.122070
1 0.733643 0.537109 0.041504 0.111328
1 0.872803 0.491211 0.248535 0.314453
1 0.924072 0.549316 0.145996 0.286133
1 0.948486 0.576172 0.097168 0.281250