0 0.812012 0.403809 0.024414 0.071289
0 0.894043 0.518066 0.081055 0.375977
1 0.600586 0.421875 0.026367 0.041016
1 0.598877 0.444336 0.014160 0.033203
1 0.636963 0.429688 0.063965 0.074219
1 0.626221 0.431152 0.032715 0.059570
1 0.643311 0.437500 0.050293 0.076172
1 0.644043 0.439941 0.035156 0.077148
1 0.657227 0.444336 0.037109 0.089844
1 0.705566 0.444824 0.118164 0.090820
1 0.478760 0.408691 0.019043 0.028320
1 0.383545 0.421875 0.096191 0.191406
1 0.532959 0.491211 0.136230 0.230469
2 0.709229 0.483887 0.031738 0.092773
2 0.736572 0.479004 0.023926 0.096680
2 0.767822 0.472168 0.025879 0.100586
2 0.795166 0.441406 0.027832 0.054688
2 0.949707 0.465332 0.040039 0.114258
2 0.980713 0.474121 0.032715 0.116211
2 0.838867 0.469727 0.028320 0.085938
2 0.821533 0.513184 0.052246 0.168945