0 0.588867 0.396973 0.005859 0.032227
0 0.316650 0.420898 0.007324 0.039062
0 0.405029 0.409668 0.008301 0.032227
0 0.373535 0.417969 0.004883 0.044922
0 0.380127 0.427734 0.011230 0.070312
0 0.281006 0.447754 0.028809 0.122070
0 0.148682 0.430176 0.015137 0.094727
0 0.175293 0.456543 0.030273 0.176758
0 0.159912 0.467285 0.030762 0.153320
0 0.126953 0.461426 0.028320 0.225586
0 0.038086 0.472168 0.033203 0.227539
0 0.015869 0.499512 0.025879 0.204102
0 0.060303 0.479980 0.059082 0.262695
1 0.776123 0.396973 0.033691 0.041992
1 0.799316 0.408203 0.065430 0.083984
1 0.914795 0.407715 0.136230 0.137695
1 0.960449 0.417969 0.073242 0.132812
1 0.993652 0.467773 0.006836 0.066406
3 0.505615 0.421387 0.008301 0.036133