0 0.393311 0.434082 0.007324 0.043945
1 0.438721 0.435547 0.008301 0.015625
1 0.477539 0.439453 0.014648 0.021484
1 0.493164 0.440430 0.018555 0.029297
1 0.522705 0.447266 0.038574 0.056641
1 0.559082 0.440430 0.019531 0.027344
1 0.578369 0.450684 0.021973 0.055664
1 0.606201 0.460449 0.056152 0.079102
1 0.675293 0.451660 0.039062 0.071289
1 0.679443 0.457031 0.029785 0.076172
1 0.712402 0.458496 0.063477 0.088867
1 0.849121 0.480469 0.128906 0.158203
1 0.452393 0.440918 0.019043 0.030273
1 0.308838 0.432617 0.104980 0.181641