0 0.163818 0.434570 0.020996 0.087891
0 0.186279 0.414551 0.020020 0.051758
1 0.714600 0.403809 0.056152 0.020508
1 0.696533 0.425781 0.024902 0.037109
1 0.628662 0.452148 0.062988 0.091797
1 0.750000 0.497070 0.161133 0.189453
1 0.428223 0.433594 0.018555 0.031250
1 0.412842 0.434570 0.020020 0.037109
1 0.404541 0.434570 0.009277 0.037109
1 0.394775 0.435547 0.020996 0.041016
1 0.364746 0.443359 0.055664 0.074219
1 0.312988 0.437988 0.022461 0.049805
1 0.230713 0.496582 0.187012 0.211914
1 0.510010 0.451660 0.053223 0.090820
1 0.560059 0.436523 0.026367 0.037109