1 0.422363 0.389160 0.011719 0.030273
1 0.417969 0.398438 0.017578 0.021484
1 0.394531 0.412598 0.013672 0.038086
1 0.412842 0.423340 0.036621 0.063477
1 0.336914 0.444824 0.025391 0.077148
1 0.309082 0.454102 0.060547 0.091797
1 0.182617 0.487305 0.117188 0.177734
1 0.081055 0.523926 0.156250 0.270508
1 0.939209 0.468262 0.067871 0.090820
1 0.459473 0.379883 0.041992 0.087891
1 0.473633 0.393066 0.041016 0.010742
1 0.446777 0.449219 0.023438 0.099609
1 0.483643 0.455566 0.074707 0.125977
1 0.704834 0.446289 0.078613 0.146484
1 0.793457 0.442383 0.177734 0.154297
3 0.372070 0.419434 0.009766 0.028320