0 0.014404 0.423828 0.011230 0.033203
0 0.092773 0.451660 0.013672 0.098633
0 0.533447 0.439453 0.008301 0.033203
0 0.431396 0.437012 0.017090 0.038086
0 0.359619 0.442871 0.012207 0.030273
0 0.667969 0.442871 0.008789 0.051758
0 0.657227 0.424805 0.011719 0.035156
1 0.087891 0.450195 0.055664 0.093750
1 0.048340 0.467285 0.071289 0.102539
1 0.014893 0.491211 0.023926 0.125000
1 0.169922 0.507812 0.157227 0.230469
1 0.746338 0.450195 0.032715 0.056641
1 0.704590 0.443359 0.037109 0.072266
1 0.617920 0.458984 0.067871 0.087891
2 0.501709 0.464355 0.026855 0.053711