0 0.513184 0.409180 0.006836 0.019531
1 0.300537 0.333008 0.014160 0.015625
1 0.312744 0.339844 0.013184 0.017578
1 0.281006 0.336914 0.012207 0.017578
1 0.278809 0.341797 0.012695 0.021484
1 0.302490 0.349609 0.013184 0.019531
1 0.308594 0.358398 0.014648 0.021484
1 0.304199 0.375977 0.020508 0.027344
1 0.512695 0.379883 0.009766 0.021484
1 0.518799 0.382324 0.021973 0.022461
1 0.532471 0.390137 0.034668 0.028320
1 0.558350 0.435547 0.050293 0.044922
1 0.509033 0.455566 0.052246 0.073242
1 0.309570 0.466797 0.064453 0.087891
2 0.796631 0.472656 0.062012 0.089844