0 0.027588 0.439453 0.012207 0.023438
0 0.054199 0.438477 0.004883 0.019531
0 0.321777 0.472656 0.017578 0.109375
0 0.443359 0.437500 0.013672 0.052734
0 0.645020 0.412598 0.011719 0.014648
0 0.653320 0.460938 0.020508 0.082031
0 0.662354 0.458008 0.016113 0.089844
0 0.821289 0.467773 0.039062 0.128906
0 0.856445 0.463379 0.027344 0.133789
0 0.887695 0.476074 0.046875 0.139648
0 0.635498 0.505859 0.122559 0.384766
1 0.132568 0.479004 0.042480 0.067383
1 0.202393 0.448242 0.050293 0.019531
1 0.254883 0.465332 0.057617 0.059570
1 0.298584 0.474609 0.035645 0.062500
1 0.382324 0.446289 0.060547 0.033203
1 0.570557 0.437500 0.040527 0.033203
1 0.644531 0.451172 0.010742 0.066406
1 0.843018 0.447754 0.046387 0.083008
1 0.781738 0.448730 0.062500 0.081055
1 0.720703 0.445801 0.065430 0.083008
1 0.873291 0.468750 0.093262 0.062500
1 0.942627 0.460449 0.035645 0.104492
1 0.962891 0.460938 0.038086 0.117188
1 0.981201 0.449219 0.031738 0.107422
1 0.984619 0.464844 0.024902 0.097656
1 0.987549 0.481445 0.019043 0.115234
3 0.198730 0.483398 0.041992 0.070312