0 0.452148 0.441406 0.007812 0.037109
0 0.680908 0.416992 0.009277 0.042969
0 0.703369 0.403809 0.010254 0.032227
0 0.710938 0.406250 0.012695 0.039062
0 0.718994 0.410645 0.011230 0.024414
0 0.745117 0.416016 0.004883 0.025391
0 0.764404 0.408691 0.011230 0.043945
0 0.791504 0.409668 0.012695 0.040039
0 0.786377 0.410645 0.015137 0.053711
0 0.737305 0.403320 0.009766 0.041016
0 0.751221 0.415527 0.013184 0.059570
0 0.775146 0.409180 0.022949 0.054688
0 0.844482 0.430664 0.013184 0.095703
0 0.830322 0.425293 0.025879 0.131836
0 0.185303 0.443359 0.012207 0.095703
0 0.198242 0.450195 0.018555 0.107422
0 0.211182 0.434570 0.020996 0.066406
0 0.219482 0.430664 0.015137 0.042969
1 0.567383 0.446777 0.034180 0.057617
1 0.610596 0.453125 0.062012 0.115234
1 0.644531 0.461914 0.091797 0.121094
1 0.389893 0.431152 0.007324 0.010742
1 0.375244 0.458496 0.029785 0.086914
1 0.361572 0.461914 0.029785 0.093750
1 0.413574 0.472656 0.071289 0.101562
1 0.508789 0.463867 0.075195 0.117188
1 0.274170 0.515137 0.181152 0.241211
3 0.753418 0.466309 0.073242 0.108398