0 0.854980 0.433594 0.007812 0.035156
0 0.773926 0.432617 0.004883 0.035156
0 0.707764 0.443848 0.019043 0.090820
0 0.924805 0.492676 0.120117 0.487305
0 0.174072 0.417480 0.005371 0.034180
0 0.136230 0.412109 0.006836 0.041016
0 0.032715 0.414551 0.007812 0.051758
0 0.071045 0.420898 0.005371 0.037109
0 0.048828 0.426270 0.013672 0.073242
0 0.103271 0.431641 0.024902 0.087891
0 0.108643 0.448730 0.010254 0.049805
0 0.328613 0.436035 0.016602 0.090820
0 0.520752 0.440918 0.016113 0.094727
0 0.498779 0.443359 0.016113 0.089844
0 0.484131 0.441406 0.025879 0.103516
0 0.457520 0.440430 0.009766 0.089844
0 0.462158 0.449219 0.020996 0.085938
0 0.387207 0.517578 0.075195 0.447266
1 0.281982 0.425293 0.031738 0.041992
1 0.212402 0.416992 0.036133 0.027344
1 0.196289 0.416504 0.040039 0.030273
3 0.260742 0.431152 0.007812 0.026367