1 0.849121 0.448730 0.109375 0.083008
1 0.993652 0.472168 0.006836 0.041992
1 0.570312 0.430664 0.007812 0.011719
1 0.577637 0.444824 0.010742 0.030273
1 0.587158 0.450195 0.017090 0.044922
1 0.593018 0.457520 0.011230 0.041992
1 0.599121 0.458008 0.014648 0.046875
1 0.616455 0.458496 0.032715 0.047852
1 0.559326 0.430176 0.009277 0.010742
1 0.332764 0.443359 0.022949 0.076172
1 0.005859 0.455566 0.005859 0.010742
1 0.009277 0.467773 0.012695 0.042969
1 0.013428 0.472168 0.020996 0.055664
1 0.042236 0.470215 0.048340 0.059570
1 0.053955 0.516113 0.082520 0.174805
1 0.386719 0.486328 0.112305 0.173828
1 0.186279 0.539062 0.297363 0.400391
2 0.834473 0.472168 0.041992 0.049805
2 0.031006 0.479980 0.026855 0.041992