0 0.464111 0.420410 0.005371 0.038086
0 0.456055 0.416992 0.008789 0.046875
1 0.981934 0.411133 0.030273 0.050781
1 0.931152 0.410156 0.042969 0.050781
1 0.864258 0.401855 0.029297 0.065430
1 0.828857 0.416504 0.061035 0.051758
1 0.653809 0.402344 0.116211 0.259766
1 0.695557 0.477539 0.136230 0.212891
1 0.708984 0.475098 0.037109 0.018555
1 0.544678 0.404297 0.007324 0.011719
1 0.551514 0.407227 0.006348 0.017578
1 0.555176 0.408203 0.009766 0.019531
1 0.562500 0.414062 0.014648 0.031250
1 0.569336 0.419434 0.023438 0.036133
1 0.535156 0.412598 0.014648 0.024414
2 0.424805 0.468262 0.023438 0.065430