0 0.437744 0.415527 0.006348 0.012695
0 0.531250 0.453613 0.008789 0.055664
0 0.468750 0.439453 0.056641 0.234375
0 0.506592 0.429688 0.056152 0.263672
0 0.769531 0.441895 0.010742 0.022461
0 0.781250 0.454590 0.012695 0.022461
0 0.655273 0.440430 0.032227 0.193359
0 0.755371 0.458008 0.020508 0.103516
0 0.701904 0.451172 0.024902 0.173828
0 0.735107 0.453613 0.035645 0.176758
0 0.794678 0.458984 0.020020 0.162109
0 0.823730 0.456055 0.074219 0.375000
1 0.445801 0.450195 0.031250 0.054688
1 0.347656 0.461426 0.172852 0.161133
2 0.113281 0.471680 0.020508 0.076172
2 0.541260 0.474121 0.006348 0.024414