0 0.748047 0.417969 0.040039 0.167969
0 0.699219 0.413086 0.033203 0.183594
1 0.045898 0.366699 0.064453 0.034180
1 0.131104 0.362793 0.067871 0.040039
1 0.186279 0.362793 0.011230 0.028320
1 0.285400 0.340820 0.104980 0.072266
1 0.220947 0.359375 0.062988 0.035156
1 0.295410 0.356445 0.067383 0.039062
1 0.453613 0.361816 0.015625 0.026367
1 0.475098 0.355469 0.029297 0.037109
1 0.565674 0.385254 0.053223 0.096680
1 0.576904 0.400879 0.073730 0.118164
2 0.884521 0.450684 0.115723 0.139648
2 0.731934 0.410156 0.013672 0.091797