0 0.427734 0.415039 0.009766 0.050781
1 0.295654 0.373535 0.030762 0.012695
1 0.366455 0.367676 0.012207 0.016602
1 0.348633 0.367676 0.040039 0.018555
1 0.249512 0.370605 0.019531 0.012695
1 0.425781 0.365234 0.034180 0.019531
1 0.093262 0.501953 0.125977 0.166016
1 0.039307 0.548340 0.072754 0.192383
1 0.499023 0.364258 0.010742 0.019531
1 0.531006 0.359863 0.011230 0.022461
1 0.573242 0.409668 0.035156 0.043945
1 0.585693 0.426270 0.023926 0.063477
1 0.632812 0.398926 0.083008 0.190430
1 0.644287 0.456543 0.040527 0.120117
1 0.695557 0.472656 0.115723 0.158203