0 0.623291 0.399414 0.010254 0.013672
1 0.470947 0.415527 0.006348 0.018555
1 0.477295 0.418457 0.010254 0.014648
1 0.471191 0.424316 0.004883 0.020508
1 0.461182 0.421875 0.020996 0.033203
1 0.460205 0.426270 0.019043 0.026367
1 0.506836 0.414062 0.017578 0.035156
1 0.510498 0.420898 0.016113 0.029297
1 0.513672 0.421875 0.014648 0.029297
1 0.525635 0.426758 0.022949 0.033203
1 0.625488 0.474609 0.052734 0.148438
1 0.661133 0.490234 0.087891 0.197266
1 0.766602 0.507324 0.218750 0.307617
1 0.404541 0.429688 0.062012 0.128906
1 0.371582 0.466797 0.062500 0.113281
1 0.293457 0.486328 0.115234 0.222656
1 0.156006 0.562988 0.249512 0.329102
3 0.452148 0.432617 0.019531 0.031250