0 0.056152 0.522949 0.050781 0.370117
0 0.025146 0.536133 0.044434 0.386719
0 0.461182 0.458008 0.010254 0.052734
0 0.687256 0.478516 0.010254 0.056641
0 0.737549 0.506348 0.020996 0.116211
0 0.952393 0.487793 0.033691 0.221680
0 0.902832 0.487793 0.043945 0.233398
0 0.856201 0.496094 0.034668 0.191406
0 0.761719 0.514648 0.030273 0.197266
0 0.818115 0.495605 0.032715 0.198242
1 0.931885 0.465332 0.016113 0.026367
1 0.879395 0.479004 0.011719 0.067383
1 0.874756 0.498535 0.017090 0.057617
1 0.837402 0.487305 0.006836 0.050781
1 0.791504 0.489258 0.020508 0.050781
1 0.799805 0.499023 0.015625 0.054688
2 0.660156 0.515625 0.011719 0.058594
3 0.708496 0.484863 0.017578 0.047852