1 0.206787 0.400391 0.015137 0.023438
1 0.213623 0.436035 0.028809 0.047852
1 0.917725 0.656738 0.158691 0.573242
1 0.515137 0.466797 0.078125 0.125000
1 0.563721 0.472656 0.073730 0.156250
1 0.661621 0.475586 0.182617 0.236328
1 0.060547 0.507812 0.115234 0.363281
1 0.222656 0.400391 0.009766 0.021484
1 0.257324 0.391113 0.050781 0.045898
1 0.249512 0.401367 0.011719 0.025391
1 0.260498 0.401367 0.018066 0.031250
1 0.274658 0.401367 0.026855 0.029297
1 0.326416 0.385254 0.019043 0.012695
1 0.302246 0.404785 0.040039 0.034180
1 0.329590 0.406738 0.026367 0.038086
1 0.334229 0.409180 0.024902 0.037109
1 0.351562 0.408691 0.015625 0.045898
1 0.430664 0.393066 0.025391 0.030273
1 0.393066 0.405273 0.073242 0.056641
1 0.453125 0.397461 0.027344 0.039062
1 0.475830 0.398438 0.035645 0.041016