1 0.478271 0.441895 0.020020 0.043945
1 0.470215 0.454590 0.016602 0.043945
1 0.462402 0.458008 0.011719 0.048828
1 0.449219 0.458008 0.028320 0.070312
1 0.443604 0.464844 0.013184 0.068359
1 0.418213 0.468262 0.056152 0.098633
1 0.530029 0.434570 0.011230 0.021484
1 0.534424 0.440918 0.010254 0.028320
1 0.542236 0.444824 0.012207 0.038086
1 0.553467 0.444336 0.020020 0.068359
1 0.572266 0.448730 0.036133 0.108398
1 0.609131 0.454102 0.072754 0.132812
1 0.614502 0.480469 0.051270 0.123047
1 0.639893 0.490723 0.051270 0.153320
1 0.716064 0.520508 0.169434 0.255859