0 0.351807 0.439941 0.007324 0.045898
0 0.340820 0.438477 0.009766 0.048828
0 0.172363 0.439453 0.017578 0.048828
0 0.191162 0.430664 0.019043 0.031250
0 0.388428 0.441895 0.006348 0.043945
0 0.379639 0.448730 0.025879 0.127930
0 0.780273 0.420410 0.015625 0.088867
0 0.597168 0.429199 0.007812 0.047852
0 0.491211 0.437012 0.009766 0.055664
1 0.532471 0.438965 0.015137 0.055664
1 0.512451 0.441895 0.042480 0.063477
2 0.365723 0.442871 0.010742 0.036133
2 0.224365 0.457520 0.029785 0.047852
2 0.243164 0.464844 0.017578 0.033203
2 0.427734 0.454102 0.016602 0.019531
2 0.656494 0.436523 0.009277 0.029297