0 0.312256 0.475098 0.032715 0.145508
0 0.249268 0.463379 0.025879 0.153320
0 0.159424 0.479004 0.044434 0.213867
1 0.363770 0.427246 0.033203 0.034180
1 0.352051 0.443359 0.024414 0.025391
1 0.390381 0.436035 0.045410 0.030273
1 0.470459 0.445801 0.062988 0.049805
1 0.511719 0.450195 0.019531 0.033203
1 0.535889 0.454102 0.036621 0.076172
1 0.533691 0.470215 0.032227 0.092773
1 0.556152 0.479004 0.046875 0.124023
1 0.604492 0.489258 0.104492 0.148438
1 0.737549 0.541992 0.218262 0.291016
1 0.905029 0.678711 0.184082 0.583984