0 0.617188 0.427734 0.004883 0.027344
0 0.604736 0.417969 0.006348 0.044922
0 0.611084 0.421875 0.008301 0.041016
0 0.726074 0.375488 0.006836 0.032227
0 0.734131 0.366211 0.011230 0.039062
0 0.715820 0.395020 0.009766 0.057617
0 0.723145 0.393066 0.007812 0.030273
0 0.587402 0.426758 0.024414 0.142578
0 0.858398 0.344727 0.058594 0.130859
0 0.255371 0.416992 0.010742 0.031250
0 0.246582 0.416504 0.007812 0.024414
0 0.259277 0.408691 0.006836 0.018555
0 0.263916 0.414551 0.010254 0.041992
0 0.269775 0.405762 0.006348 0.012695
0 0.307373 0.417969 0.013184 0.029297
0 0.331787 0.418457 0.016113 0.034180
0 0.275146 0.415039 0.017090 0.042969
0 0.278564 0.418945 0.020020 0.044922
0 0.292480 0.418457 0.022461 0.028320
0 0.364502 0.420410 0.005371 0.040039
0 0.335205 0.421387 0.011230 0.028320
0 0.369385 0.426270 0.007324 0.047852
0 0.400879 0.423828 0.010742 0.039062
0 0.349609 0.441895 0.025391 0.159180
0 0.385254 0.438477 0.026367 0.173828
1 0.627197 0.453125 0.014160 0.130859
1 0.667236 0.455566 0.102051 0.166992
1 0.530029 0.423828 0.069824 0.066406
1 0.806885 0.505371 0.229004 0.303711