0 0.175781 0.443359 0.036133 0.250000
1 0.522217 0.398438 0.020996 0.054688
1 0.528564 0.405762 0.022949 0.043945
1 0.531006 0.412598 0.017090 0.038086
1 0.534912 0.417969 0.013184 0.044922
1 0.544678 0.418945 0.022949 0.052734
1 0.559082 0.421387 0.020508 0.071289
1 0.586182 0.423828 0.056152 0.095703
1 0.465576 0.407227 0.018066 0.037109
1 0.461914 0.412109 0.012695 0.039062
1 0.459961 0.416992 0.007812 0.042969
1 0.453369 0.415527 0.013184 0.059570
1 0.436035 0.415527 0.033203 0.069336
1 0.434326 0.430176 0.026855 0.071289
1 0.417236 0.437500 0.034668 0.095703
1 0.403564 0.444824 0.023926 0.108398
1 0.385010 0.446289 0.042480 0.152344
1 0.346191 0.461426 0.074219 0.180664
1 0.267578 0.499512 0.176758 0.250977
1 0.055664 0.654785 0.105469 0.543945
1 0.596436 0.445801 0.035645 0.112305
1 0.632080 0.442383 0.074707 0.164062
1 0.734375 0.458008 0.189453 0.289062
1 0.876953 0.549805 0.240234 0.419922
1 0.987549 0.717773 0.019043 0.328125