1 0.494873 0.486816 0.010254 0.016602
1 0.489746 0.493652 0.011719 0.016602
1 0.486084 0.499512 0.008301 0.022461
1 0.477539 0.498047 0.012695 0.029297
1 0.437744 0.481934 0.033691 0.061523
1 0.393799 0.478516 0.056152 0.085938
1 0.169678 0.491699 0.259277 0.362305
1 0.552490 0.476074 0.035645 0.075195
1 0.556396 0.482910 0.024902 0.059570
1 0.562500 0.486328 0.011719 0.052734
1 0.652100 0.446777 0.095215 0.252930
1 0.751221 0.480957 0.227051 0.348633
1 0.851074 0.610352 0.291992 0.466797
1 0.510498 0.489258 0.012207 0.019531
2 0.425293 0.480957 0.019531 0.077148
2 0.356445 0.475586 0.024414 0.103516