0 0.649902 0.429688 0.024414 0.128906
0 0.675781 0.427246 0.021484 0.127930
0 0.373779 0.424316 0.011230 0.067383
0 0.231934 0.430176 0.015625 0.059570
0 0.214844 0.450195 0.019531 0.115234
1 0.504883 0.372559 0.008789 0.010742
1 0.529541 0.373047 0.008301 0.011719
1 0.487549 0.385742 0.009277 0.015625
1 0.483643 0.395996 0.013184 0.018555
1 0.516602 0.382324 0.010742 0.014648
1 0.503174 0.387695 0.012207 0.017578
1 0.462646 0.400391 0.030762 0.068359
1 0.459717 0.416504 0.020020 0.043945
1 0.453857 0.418457 0.020996 0.043945
1 0.444092 0.424805 0.029785 0.044922
1 0.271973 0.484863 0.119141 0.166992
1 0.073730 0.571777 0.141602 0.356445