0 0.458008 0.452637 0.028320 0.161133
0 0.476562 0.452148 0.032227 0.160156
0 0.504150 0.419922 0.014160 0.042969
0 0.496582 0.463867 0.019531 0.076172
1 0.437988 0.409668 0.015625 0.014648
1 0.438721 0.422852 0.013184 0.021484
1 0.437256 0.426758 0.010254 0.025391
1 0.436279 0.429688 0.006348 0.025391
1 0.430664 0.432617 0.012695 0.039062
1 0.422119 0.438965 0.021973 0.051758
1 0.410400 0.445312 0.020020 0.056641
1 0.381592 0.459473 0.058105 0.094727
1 0.483643 0.409668 0.010254 0.010742
1 0.484375 0.421875 0.006836 0.017578
1 0.486572 0.424316 0.007324 0.024414
1 0.494141 0.419922 0.011719 0.031250
1 0.514893 0.417480 0.010254 0.020508
1 0.528564 0.421875 0.019043 0.037109
1 0.538086 0.433105 0.019531 0.063477
1 0.542480 0.435547 0.020508 0.072266
1 0.564941 0.438965 0.054688 0.088867
1 0.921387 0.445312 0.151367 0.187500
1 0.631836 0.450684 0.102539 0.137695