0 0.291748 0.457031 0.007324 0.035156
0 0.172852 0.452148 0.012695 0.037109
0 0.164795 0.458496 0.018066 0.051758
0 0.327637 0.463867 0.009766 0.056641
0 0.308105 0.494141 0.008789 0.029297
0 0.301270 0.464355 0.016602 0.094727
0 0.315674 0.465332 0.019043 0.104492
0 0.334717 0.458008 0.018066 0.117188
0 0.419434 0.461426 0.013672 0.071289
0 0.435303 0.460449 0.014160 0.069336
0 0.266357 0.470703 0.036621 0.158203
1 0.228271 0.478027 0.120605 0.157227
1 0.523438 0.497559 0.117188 0.149414
1 0.660645 0.493164 0.186523 0.199219
1 0.841064 0.508301 0.197754 0.252930
1 0.937744 0.531250 0.118652 0.273438
2 0.357178 0.497559 0.021973 0.090820