0 0.281494 0.416504 0.033691 0.069336
0 0.284180 0.471191 0.026367 0.153320
1 0.605225 0.409668 0.007324 0.010742
1 0.568848 0.436523 0.023438 0.044922
1 0.559570 0.445312 0.023438 0.039062
1 0.545898 0.460449 0.018555 0.055664
1 0.539307 0.464355 0.012207 0.067383
1 0.515869 0.471191 0.051270 0.086914
1 0.634521 0.440430 0.015137 0.033203
1 0.638916 0.443848 0.018066 0.036133
1 0.644287 0.447754 0.024902 0.041992
1 0.747070 0.485352 0.103516 0.210938
1 0.891602 0.590820 0.210938 0.386719
1 0.063477 0.655762 0.121094 0.536133
1 0.469971 0.491211 0.056152 0.138672
1 0.397949 0.512695 0.133789 0.212891