0 0.875488 0.496094 0.009766 0.050781
0 0.884033 0.493652 0.013184 0.051758
0 0.940918 0.473633 0.008789 0.011719
0 0.955811 0.491699 0.010254 0.049805
0 0.964111 0.489746 0.010254 0.049805
0 0.949951 0.496582 0.010254 0.045898
1 0.988525 0.499023 0.017090 0.015625
1 0.907959 0.502930 0.050293 0.044922
1 0.811279 0.493164 0.050293 0.052734
1 0.754639 0.485840 0.064941 0.063477
1 0.235596 0.433105 0.184082 0.166992
1 0.632080 0.478027 0.074707 0.067383
1 0.093506 0.495605 0.181152 0.305664
2 0.971191 0.537598 0.016602 0.045898
2 0.938477 0.535156 0.030273 0.056641
2 0.839844 0.515625 0.028320 0.070312