0 0.187256 0.500000 0.063965 0.314453
0 0.266846 0.483887 0.066895 0.325195
0 0.354248 0.360352 0.005371 0.025391
0 0.425049 0.417480 0.013184 0.084961
0 0.415039 0.419922 0.013672 0.083984
0 0.897217 0.333008 0.016113 0.042969
0 0.969238 0.408691 0.009766 0.137695
1 0.569824 0.478516 0.122070 0.201172
1 0.938232 0.370117 0.051270 0.035156
1 0.902588 0.373535 0.122559 0.043945
1 0.923096 0.378418 0.081543 0.045898
1 0.889404 0.402344 0.164551 0.095703
1 0.853760 0.422363 0.195801 0.125977
1 0.808838 0.458008 0.229980 0.083984
1 0.808594 0.457520 0.202148 0.180664
2 0.919922 0.344238 0.030273 0.040039
3 0.360596 0.381836 0.011230 0.042969