0 0.364014 0.361328 0.008301 0.062500
0 0.494141 0.412109 0.013672 0.044922
0 0.505371 0.416016 0.021484 0.052734
0 0.330322 0.379883 0.015137 0.078125
0 0.968262 0.435059 0.020508 0.075195
0 0.947510 0.444824 0.048340 0.092773
0 0.985840 0.466309 0.022461 0.174805
0 0.161865 0.435547 0.028809 0.179688
0 0.249023 0.444824 0.032227 0.270508
0 0.274414 0.463379 0.028320 0.237305
0 0.236572 0.455566 0.047363 0.280273
0 0.303223 0.461914 0.048828 0.296875
0 0.593018 0.477539 0.047363 0.230469
0 0.552734 0.468262 0.044922 0.252930
1 0.876221 0.475098 0.204590 0.166992
2 0.107178 0.430664 0.018066 0.080078
2 0.199951 0.444824 0.018066 0.067383
2 0.170898 0.453613 0.038086 0.057617
2 0.431885 0.464844 0.021973 0.070312
2 0.263672 0.500000 0.008789 0.080078