0 0.349854 0.463867 0.011230 0.052734
0 0.367676 0.460938 0.037109 0.136719
0 0.405029 0.465332 0.034668 0.129883
1 0.417725 0.467285 0.015137 0.038086
1 0.499268 0.455566 0.014160 0.024414
1 0.492188 0.458984 0.013672 0.023438
1 0.482178 0.461426 0.014160 0.028320
1 0.469971 0.461426 0.020020 0.028320
1 0.564209 0.450195 0.011230 0.009766
1 0.537598 0.448242 0.050781 0.029297
1 0.541016 0.456543 0.015625 0.014648
1 0.524170 0.467285 0.046387 0.038086
1 0.608154 0.464355 0.136230 0.084961
1 0.162109 0.495605 0.135742 0.165039
1 0.046387 0.531250 0.086914 0.210938
1 0.754395 0.450195 0.089844 0.138672
1 0.776855 0.455566 0.040039 0.137695
1 0.824951 0.448242 0.097168 0.183594
1 0.911621 0.380859 0.170898 0.498047
2 0.396484 0.485840 0.013672 0.022461