0 0.086670 0.346191 0.008301 0.012695
0 0.099854 0.362793 0.007324 0.040039
0 0.011475 0.380859 0.013184 0.029297
0 0.041748 0.381348 0.010254 0.036133
1 0.902588 0.359375 0.062012 0.052734
1 0.974609 0.475098 0.033203 0.094727
1 0.851562 0.472168 0.158203 0.114258
1 0.329346 0.381836 0.077637 0.050781
1 0.441895 0.377930 0.084961 0.054688
1 0.526855 0.373535 0.059570 0.053711
1 0.611816 0.367676 0.078125 0.047852
1 0.803467 0.363281 0.073730 0.054688
1 0.618164 0.456055 0.185547 0.150391
1 0.123291 0.333008 0.018066 0.013672
1 0.107422 0.340332 0.022461 0.016602
1 0.086426 0.337891 0.025391 0.029297
1 0.056152 0.350098 0.035156 0.022461
1 0.141113 0.353516 0.014648 0.027344
1 0.130371 0.354980 0.024414 0.032227
1 0.117432 0.358887 0.027832 0.032227
1 0.055908 0.379395 0.082520 0.051758
1 0.025879 0.433105 0.045898 0.075195
1 0.076904 0.438965 0.081543 0.090820
1 0.160156 0.449707 0.111328 0.096680
1 0.265869 0.459961 0.116699 0.105469
2 0.742920 0.368652 0.026855 0.038086
2 0.731201 0.371582 0.027832 0.038086