1 0.514160 0.431641 0.013672 0.025391
1 0.527832 0.431641 0.020508 0.027344
1 0.497559 0.444336 0.022461 0.050781
1 0.491455 0.449219 0.013184 0.058594
1 0.473389 0.445312 0.034668 0.082031
1 0.470215 0.457031 0.026367 0.085938
1 0.419922 0.452637 0.097656 0.151367
1 0.392090 0.483887 0.095703 0.149414
1 0.583008 0.426758 0.036133 0.072266
1 0.589844 0.437988 0.033203 0.079102
1 0.592529 0.451172 0.017090 0.068359
1 0.620850 0.444824 0.054199 0.110352
1 0.632812 0.457031 0.044922 0.101562
1 0.639160 0.474121 0.054688 0.127930
1 0.692871 0.487793 0.105469 0.172852
1 0.836670 0.512207 0.263184 0.428711
3 0.239502 0.534180 0.102051 0.212891