1 0.517578 0.433594 0.006836 0.009766
1 0.501221 0.433105 0.014160 0.024414
1 0.552734 0.448242 0.018555 0.033203
1 0.572021 0.458496 0.028809 0.057617
1 0.593262 0.464844 0.040039 0.064453
1 0.646729 0.492676 0.088379 0.133789
1 0.885010 0.651367 0.224121 0.460938
1 0.485840 0.457520 0.013672 0.040039
1 0.481689 0.460938 0.012207 0.050781
1 0.472900 0.463379 0.025879 0.061523
1 0.442627 0.464844 0.049316 0.093750
1 0.441406 0.479492 0.039062 0.093750
1 0.406982 0.492676 0.070801 0.116211
1 0.325439 0.520508 0.143066 0.234375
1 0.077148 0.695312 0.148438 0.470703
1 0.526367 0.431152 0.010742 0.012695