0 0.564697 0.387207 0.009277 0.014648
1 0.537109 0.399902 0.008789 0.018555
1 0.564209 0.433594 0.054199 0.080078
1 0.504150 0.388672 0.015137 0.009766
1 0.488770 0.405762 0.013672 0.024414
1 0.476318 0.412109 0.019043 0.029297
1 0.517822 0.416016 0.020020 0.044922
1 0.508301 0.423340 0.039062 0.059570
1 0.457031 0.423340 0.025391 0.049805
1 0.412109 0.409668 0.066406 0.127930
1 0.348389 0.411133 0.023926 0.019531
1 0.299805 0.442871 0.073242 0.114258
1 0.365479 0.459961 0.079590 0.123047
1 0.058105 0.511230 0.110352 0.233398
2 0.628906 0.459473 0.026367 0.110352
2 0.657715 0.462402 0.043945 0.114258