0 0.059814 0.434082 0.012207 0.075195
0 0.629883 0.404785 0.007812 0.018555
0 0.648926 0.390625 0.013672 0.023438
0 0.896484 0.424316 0.014648 0.073242
0 0.869629 0.438477 0.014648 0.066406
0 0.878906 0.426758 0.020508 0.087891
0 0.846191 0.423340 0.020508 0.090820
1 0.020752 0.451660 0.035645 0.081055
1 0.499756 0.417969 0.022949 0.025391
1 0.520996 0.433594 0.049805 0.058594
1 0.548096 0.432617 0.075684 0.060547
1 0.608154 0.430176 0.078613 0.071289
1 0.669189 0.431641 0.081543 0.070312
1 0.762207 0.431641 0.077148 0.070312
1 0.459229 0.453125 0.084473 0.109375
2 0.306885 0.443848 0.020020 0.040039
3 0.277832 0.472168 0.042969 0.092773