0 0.433594 0.438477 0.008789 0.076172
0 0.422607 0.453613 0.007324 0.041992
0 0.370117 0.449219 0.019531 0.113281
0 0.400391 0.451660 0.017578 0.116211
0 0.567383 0.449219 0.008789 0.060547
0 0.675049 0.411133 0.007324 0.015625
0 0.682129 0.413086 0.005859 0.009766
0 0.696777 0.412598 0.009766 0.038086
0 0.798340 0.404785 0.019531 0.049805
0 0.831787 0.437988 0.040527 0.137695
0 0.866211 0.485352 0.037109 0.207031
1 0.645996 0.486816 0.097656 0.153320
1 0.755615 0.535156 0.191895 0.279297
2 0.428955 0.454590 0.032715 0.047852