1 0.495605 0.423828 0.006836 0.031250
1 0.480957 0.418945 0.023438 0.048828
1 0.476074 0.430664 0.018555 0.046875
1 0.468262 0.434570 0.011719 0.056641
1 0.459473 0.433594 0.019531 0.066406
1 0.435303 0.437988 0.047363 0.086914
1 0.393311 0.461426 0.051270 0.137695
1 0.347656 0.480957 0.093750 0.165039
1 0.236328 0.513184 0.176758 0.254883
1 0.085693 0.575684 0.165527 0.426758
1 0.535645 0.416504 0.009766 0.020508
1 0.538086 0.418457 0.009766 0.020508
1 0.540039 0.423828 0.009766 0.027344
1 0.547363 0.426270 0.013672 0.036133
1 0.552002 0.429688 0.010254 0.042969
1 0.560791 0.430664 0.023926 0.052734
1 0.574707 0.439941 0.026367 0.075195
1 0.589844 0.443359 0.031250 0.087891
1 0.619141 0.454590 0.059570 0.104492
1 0.665527 0.478027 0.073242 0.174805
1 0.732666 0.507812 0.155762 0.242188
1 0.871338 0.580566 0.251465 0.415039