0 0.595947 0.418457 0.009277 0.036133
0 0.608887 0.433105 0.009766 0.081055
0 0.625000 0.426270 0.011719 0.067383
0 0.654785 0.428711 0.018555 0.097656
0 0.734863 0.443359 0.026367 0.154297
0 0.767578 0.427734 0.030273 0.144531
0 0.366455 0.445312 0.016113 0.085938
0 0.344238 0.445312 0.016602 0.082031
1 0.512207 0.408203 0.017578 0.013672
1 0.502930 0.442383 0.037109 0.060547
1 0.540039 0.416992 0.018555 0.025391
1 0.539795 0.436523 0.015137 0.044922
1 0.560547 0.435547 0.040039 0.070312
1 0.511719 0.455078 0.050781 0.074219
2 0.614990 0.463379 0.020020 0.063477
2 0.018311 0.554688 0.030762 0.144531