0 0.668945 0.418457 0.006836 0.036133
0 0.677002 0.418945 0.006348 0.037109
0 0.516846 0.400391 0.012207 0.072266
0 0.525879 0.388184 0.009766 0.038086
0 0.507080 0.413086 0.018066 0.089844
0 0.535889 0.413574 0.015137 0.102539
0 0.426514 0.415527 0.023926 0.125977
0 0.251465 0.440918 0.029297 0.137695
0 0.278076 0.432129 0.037598 0.172852
1 0.574951 0.410645 0.034668 0.034180
1 0.612793 0.422363 0.051758 0.084961
1 0.775146 0.384277 0.035645 0.014648
1 0.765869 0.425293 0.049316 0.075195
1 0.769287 0.435547 0.036621 0.082031
1 0.769531 0.431641 0.029297 0.064453
1 0.766602 0.469238 0.018555 0.067383
1 0.843262 0.428223 0.143555 0.129883
1 0.838379 0.474121 0.133789 0.151367
1 0.865967 0.487305 0.081543 0.169922
1 0.932617 0.519531 0.128906 0.349609