0 0.221436 0.430176 0.007324 0.043945
0 0.202148 0.423828 0.030273 0.177734
0 0.237061 0.427246 0.025879 0.176758
0 0.259521 0.436035 0.008301 0.030273
0 0.274414 0.437012 0.016602 0.084961
0 0.286865 0.435547 0.014160 0.095703
0 0.312988 0.437500 0.007812 0.042969
0 0.352783 0.442871 0.007324 0.040039
1 0.390869 0.459961 0.073730 0.107422
1 0.662354 0.441406 0.069824 0.117188
1 0.647949 0.485352 0.024414 0.058594
1 0.660400 0.485352 0.016113 0.076172
1 0.696533 0.473145 0.081543 0.186523
1 0.831543 0.529297 0.271484 0.318359
1 0.894043 0.596680 0.206055 0.394531
1 0.972900 0.631836 0.048340 0.312500