0 0.442871 0.410156 0.010742 0.021484
0 0.145508 0.481445 0.024414 0.146484
0 0.167969 0.477051 0.033203 0.149414
0 0.208252 0.471680 0.023926 0.134766
0 0.228271 0.464844 0.032715 0.142578
0 0.838867 0.372070 0.013672 0.042969
0 0.778564 0.376953 0.017090 0.037109
0 0.736572 0.367188 0.011230 0.023438
0 0.911621 0.447754 0.044922 0.260742
0 0.955322 0.428223 0.065918 0.301758
0 0.869385 0.448730 0.053223 0.278320
1 0.454834 0.450684 0.113770 0.090820
1 0.324707 0.459473 0.124023 0.120117
1 0.914795 0.382324 0.039551 0.084961
1 0.810059 0.359375 0.096680 0.042969
1 0.824707 0.380371 0.038086 0.028320
1 0.785645 0.387207 0.116211 0.057617
1 0.779541 0.414062 0.146973 0.097656
1 0.813232 0.452637 0.032715 0.073242
1 0.766113 0.425293 0.110352 0.108398
1 0.759033 0.429688 0.085449 0.103516
1 0.705322 0.441406 0.192871 0.160156
1 0.645752 0.458496 0.238770 0.159180
2 0.158691 0.509277 0.005859 0.051758
2 0.257812 0.487793 0.017578 0.075195