1 0.523926 0.419434 0.013672 0.043945
1 0.526367 0.436035 0.015625 0.014648
1 0.541260 0.439941 0.012207 0.020508
1 0.529785 0.444336 0.018555 0.021484
1 0.576660 0.456055 0.029297 0.083984
1 0.606445 0.464844 0.069336 0.103516
1 0.503174 0.444824 0.010254 0.028320
1 0.306885 0.533691 0.117676 0.243164
1 0.198975 0.582520 0.216309 0.372070
1 0.075684 0.613770 0.145508 0.596680
2 0.512695 0.456055 0.010742 0.033203
2 0.432129 0.468262 0.022461 0.038086
2 0.667725 0.469727 0.021973 0.066406
3 0.826416 0.477051 0.090332 0.180664
3 0.908936 0.474121 0.102051 0.293945
3 0.977783 0.513184 0.038574 0.317383