0 0.246338 0.458008 0.009277 0.056641
0 0.255127 0.458984 0.010254 0.056641
0 0.230957 0.460938 0.010742 0.060547
0 0.922852 0.440918 0.021484 0.137695
0 0.961426 0.432129 0.023438 0.122070
0 0.985352 0.430664 0.023438 0.117188
0 0.350098 0.458008 0.006836 0.035156
0 0.360107 0.458496 0.006348 0.034180
0 0.697754 0.422852 0.012695 0.048828
0 0.639404 0.428223 0.010254 0.028320
0 0.648682 0.437500 0.008301 0.050781
0 0.668945 0.436035 0.012695 0.059570
0 0.678955 0.407715 0.009277 0.020508
0 0.682373 0.433105 0.016113 0.063477
1 0.389404 0.454590 0.010254 0.018555
1 0.403809 0.458984 0.019531 0.039062
1 0.536133 0.441895 0.011719 0.016602
1 0.555176 0.455078 0.036133 0.052734
1 0.499023 0.481934 0.080078 0.122070
1 0.776611 0.346680 0.135254 0.111328
1 0.791260 0.563477 0.257324 0.361328
1 0.610596 0.482422 0.085449 0.123047
2 0.330322 0.469727 0.007324 0.031250
2 0.660645 0.452148 0.009766 0.035156
3 0.111328 0.486328 0.026367 0.052734