0 0.513916 0.432617 0.007324 0.023438
0 0.362549 0.415527 0.011230 0.014648
1 0.495117 0.431641 0.016602 0.041016
1 0.496094 0.441895 0.005859 0.024414
1 0.490723 0.441895 0.011719 0.026367
1 0.486816 0.445312 0.012695 0.031250
1 0.480225 0.447754 0.008301 0.038086
1 0.474365 0.449707 0.012207 0.047852
1 0.468262 0.453125 0.008789 0.052734
1 0.444092 0.447266 0.047363 0.087891
1 0.391113 0.472168 0.055664 0.110352
1 0.355469 0.489258 0.073242 0.134766
1 0.290771 0.501465 0.110840 0.223633
1 0.145996 0.532227 0.274414 0.378906
1 0.029053 0.708496 0.052246 0.278320
1 0.562012 0.422363 0.024414 0.022461
1 0.565186 0.423340 0.019043 0.014648
1 0.562988 0.442383 0.018555 0.041016
1 0.569092 0.447754 0.013184 0.053711
1 0.575195 0.448242 0.013672 0.056641
1 0.596924 0.441895 0.043457 0.083008
1 0.594971 0.453125 0.020996 0.076172
1 0.616699 0.457031 0.043945 0.095703
1 0.648926 0.466797 0.072266 0.107422
1 0.920654 0.397949 0.077637 0.026367
1 0.880615 0.579590 0.232910 0.372070
1 0.978271 0.728516 0.037598 0.408203