0 0.688477 0.427734 0.007812 0.027344
0 0.695801 0.430176 0.008789 0.036133
0 0.711670 0.424316 0.007324 0.028320
0 0.712158 0.438477 0.025879 0.054688
0 0.751953 0.401367 0.061523 0.089844
1 0.578857 0.431641 0.015137 0.027344
1 0.628418 0.435059 0.096680 0.063477
1 0.468506 0.437988 0.020996 0.026367
1 0.462646 0.439453 0.008301 0.027344
1 0.458008 0.440430 0.008789 0.033203
1 0.449951 0.442871 0.018066 0.043945
1 0.432861 0.433105 0.018066 0.061523
1 0.428467 0.448242 0.016113 0.044922
1 0.364014 0.428711 0.121582 0.109375
1 0.307617 0.476074 0.042969 0.083008
1 0.216309 0.446777 0.175781 0.159180
1 0.155518 0.458008 0.138184 0.095703
1 0.122314 0.501465 0.201660 0.182617
1 0.030029 0.509766 0.054199 0.208984
2 0.817383 0.441895 0.017578 0.040039
2 0.917236 0.447754 0.033691 0.047852
2 0.913574 0.450195 0.054688 0.050781
2 0.845947 0.441406 0.043457 0.052734
2 0.608887 0.455566 0.017578 0.043945
2 0.601074 0.461914 0.023438 0.039062
2 0.618652 0.456055 0.016602 0.048828
2 0.639893 0.455566 0.012207 0.041992
2 0.645508 0.452148 0.015625 0.050781
2 0.666016 0.453125 0.012695 0.046875
3 0.772461 0.449707 0.083984 0.131836