0 0.789551 0.380371 0.007812 0.014648
0 0.104004 0.450195 0.017578 0.085938
0 0.532715 0.425781 0.016602 0.085938
0 0.556396 0.426758 0.019043 0.085938
1 0.559814 0.407715 0.007324 0.030273
1 0.545166 0.418945 0.012207 0.021484
1 0.496094 0.421387 0.027344 0.014648
1 0.592773 0.425781 0.028320 0.019531
1 0.596191 0.416016 0.046875 0.035156
1 0.864258 0.512695 0.265625 0.316406
1 0.446777 0.430176 0.026367 0.051758
1 0.404297 0.434570 0.028320 0.050781
1 0.430176 0.437500 0.040039 0.058594
1 0.366211 0.443848 0.042969 0.061523
1 0.054688 0.540527 0.103516 0.247070
2 0.269531 0.462402 0.033203 0.047852