1 0.436768 0.431152 0.012207 0.018555
1 0.436035 0.438965 0.010742 0.022461
1 0.429199 0.444336 0.011719 0.031250
1 0.418457 0.423828 0.018555 0.009766
1 0.418457 0.444824 0.016602 0.040039
1 0.412109 0.450195 0.016602 0.046875
1 0.396973 0.450684 0.025391 0.057617
1 0.377686 0.458496 0.030762 0.077148
1 0.359375 0.462891 0.032227 0.085938
1 0.317139 0.471680 0.077637 0.107422
1 0.216309 0.502441 0.142578 0.166992
1 0.072998 0.545410 0.140137 0.311523
1 0.600586 0.436035 0.019531 0.041992
1 0.544922 0.471680 0.110352 0.218750
1 0.696045 0.459961 0.060059 0.160156
1 0.789062 0.455566 0.175781 0.247070
1 0.944824 0.540039 0.104492 0.328125
2 0.652832 0.444824 0.028320 0.079102
2 0.636719 0.434570 0.007812 0.041016
3 0.177002 0.529785 0.055176 0.170898