0 0.577637 0.467773 0.023438 0.119141
0 0.564453 0.467773 0.019531 0.115234
0 0.532959 0.471191 0.015137 0.122070
0 0.685547 0.454590 0.026367 0.127930
0 0.846924 0.467773 0.020020 0.097656
0 0.825684 0.465820 0.034180 0.107422
0 0.715088 0.459961 0.027832 0.140625
0 0.466309 0.455078 0.011719 0.099609
0 0.733887 0.449707 0.010742 0.112305
0 0.768555 0.450684 0.007812 0.100586
0 0.760742 0.448242 0.015625 0.107422
0 0.787354 0.464355 0.010254 0.075195
0 0.795654 0.446777 0.019043 0.098633
0 0.808594 0.457031 0.039062 0.132812
0 0.776611 0.451660 0.019043 0.100586
0 0.746826 0.444824 0.006348 0.092773
0 0.750000 0.461426 0.014648 0.106445
0 0.509033 0.464355 0.020020 0.120117
0 0.515381 0.469238 0.028809 0.116211
0 0.369141 0.448730 0.009766 0.079102
0 0.380127 0.445312 0.015137 0.087891
0 0.385254 0.448730 0.015625 0.084961
0 0.363037 0.450195 0.019043 0.072266
0 0.340088 0.440918 0.027832 0.083008
0 0.420654 0.452637 0.017090 0.108398
0 0.433838 0.460449 0.020996 0.122070
1 0.935547 0.480957 0.067383 0.124023
1 0.963135 0.502930 0.067871 0.167969
1 0.700195 0.437012 0.012695 0.040039
1 0.643066 0.482422 0.091797 0.158203