0 0.951416 0.425781 0.021973 0.074219
0 0.466064 0.431641 0.012207 0.062500
0 0.432373 0.433594 0.014160 0.050781
0 0.400879 0.427734 0.014648 0.062500
1 0.330566 0.431641 0.053711 0.082031
1 0.137207 0.440430 0.154297 0.144531
1 0.055664 0.466797 0.105469 0.140625
1 0.016357 0.479980 0.026855 0.114258
1 0.978027 0.421875 0.038086 0.031250
1 0.670898 0.448730 0.019531 0.077148
1 0.690430 0.460938 0.036133 0.160156
1 0.803467 0.448730 0.222168 0.411133
1 0.614258 0.458496 0.056641 0.104492
1 0.532715 0.510742 0.145508 0.259766
1 0.313721 0.445312 0.021973 0.039062
2 0.302734 0.467285 0.035156 0.069336
3 0.023438 0.598145 0.041016 0.127930