0 0.315186 0.420410 0.014160 0.020508
1 0.497070 0.436523 0.004883 0.013672
1 0.479248 0.438477 0.011230 0.023438
1 0.467041 0.440918 0.015137 0.026367
1 0.396240 0.431152 0.024902 0.024414
1 0.393311 0.451172 0.019043 0.044922
1 0.390869 0.455566 0.014160 0.047852
1 0.376953 0.447754 0.018555 0.077148
1 0.348877 0.449707 0.045410 0.090820
1 0.332520 0.467285 0.037109 0.075195
1 0.313232 0.474609 0.023926 0.089844
1 0.264893 0.467773 0.081543 0.134766
1 0.203613 0.503418 0.130859 0.133789
1 0.455078 0.450195 0.004883 0.039062
1 0.427734 0.452637 0.053711 0.084961
1 0.533447 0.480957 0.096191 0.155273
1 0.663330 0.479980 0.065918 0.135742
1 0.721191 0.495605 0.114258 0.168945
1 0.863525 0.539551 0.237793 0.282227