0 0.334229 0.393066 0.012207 0.026367
0 0.322510 0.410156 0.017090 0.050781
0 0.370850 0.353027 0.008301 0.030273
0 0.377686 0.361816 0.007324 0.036133
0 0.383789 0.357910 0.005859 0.032227
0 0.401611 0.345215 0.006348 0.024414
0 0.414307 0.355957 0.008301 0.040039
0 0.408691 0.354980 0.009766 0.040039
0 0.397949 0.361328 0.012695 0.039062
0 0.432617 0.347168 0.008789 0.053711
0 0.440430 0.349609 0.008789 0.046875
0 0.446289 0.346680 0.008789 0.050781
0 0.462646 0.337402 0.008301 0.032227
0 0.474121 0.349609 0.010742 0.052734
0 0.499756 0.354980 0.013184 0.047852
0 0.530518 0.357422 0.010254 0.048828
0 0.539795 0.349121 0.012207 0.040039
0 0.572266 0.335938 0.004883 0.021484
0 0.566895 0.358398 0.008789 0.054688
0 0.591309 0.345703 0.011719 0.042969
0 0.572021 0.365234 0.011230 0.039062
0 0.582764 0.364258 0.012207 0.037109
0 0.596436 0.365723 0.016113 0.041992
0 0.616211 0.368652 0.009766 0.043945
0 0.625000 0.358887 0.013672 0.043945
0 0.622070 0.412109 0.015625 0.093750
0 0.634277 0.410645 0.019531 0.092773
0 0.541016 0.406250 0.019531 0.083984
0 0.539307 0.431641 0.020996 0.083984
0 0.662842 0.407715 0.013184 0.102539
0 0.685303 0.391113 0.010254 0.067383
0 0.676025 0.412109 0.020996 0.105469
0 0.672363 0.438477 0.016602 0.080078
0 0.652588 0.419922 0.023926 0.117188
0 0.702393 0.367188 0.014160 0.031250
0 0.726074 0.406250 0.015625 0.109375
0 0.697021 0.427246 0.022949 0.137695
0 0.712646 0.423828 0.021973 0.156250
0 0.749512 0.363281 0.009766 0.025391
0 0.758301 0.376465 0.013672 0.061523
0 0.780518 0.487793 0.047363 0.286133
0 0.743164 0.503418 0.041016 0.274414
0 0.781006 0.506836 0.047363 0.306641
0 0.873291 0.467773 0.020996 0.183594
0 0.896240 0.471191 0.047363 0.227539
0 0.851318 0.379883 0.038574 0.128906
0 0.844971 0.470703 0.042480 0.230469
1 0.655029 0.363770 0.044434 0.041992
1 0.541260 0.404785 0.048340 0.073242
1 0.581299 0.437500 0.070801 0.107422
1 0.691650 0.371582 0.011230 0.036133
1 0.946777 0.566895 0.100586 0.620117
1 0.495361 0.406738 0.041504 0.043945
1 0.497070 0.445312 0.040039 0.111328
1 0.460449 0.458496 0.072266 0.147461
1 0.382568 0.483398 0.124512 0.207031
1 0.048096 0.417969 0.030762 0.017578
1 0.090332 0.420410 0.093750 0.038086
1 0.150879 0.449707 0.162109 0.098633
1 0.075684 0.503906 0.117188 0.158203
1 0.030518 0.540039 0.055176 0.275391
1 0.229004 0.586426 0.330078 0.325195