0 0.659668 0.428223 0.007812 0.055664
0 0.752686 0.435059 0.026855 0.122070
0 0.733398 0.447266 0.024414 0.109375
1 0.581787 0.416992 0.008301 0.015625
1 0.570557 0.425293 0.011230 0.022461
1 0.552979 0.426270 0.014160 0.018555
1 0.550293 0.429688 0.014648 0.021484
1 0.546631 0.433105 0.008301 0.022461
1 0.533447 0.431152 0.022949 0.034180
1 0.531006 0.435059 0.020996 0.038086
1 0.503662 0.446777 0.014160 0.030273
1 0.482178 0.450684 0.033691 0.071289
1 0.466553 0.458496 0.052246 0.079102
1 0.400879 0.461426 0.098633 0.163086
1 0.089600 0.514160 0.173340 0.561523
2 0.810303 0.567871 0.051270 0.211914