0 0.324463 0.442871 0.006348 0.022461
0 0.266602 0.437500 0.009766 0.021484
0 0.250732 0.438965 0.008301 0.020508
1 0.477783 0.434570 0.022949 0.023438
1 0.452637 0.435547 0.027344 0.023438
1 0.506348 0.439941 0.018555 0.032227
1 0.524658 0.441895 0.027832 0.038086
1 0.314209 0.456543 0.020996 0.040039
1 0.291016 0.455566 0.033203 0.049805
1 0.226318 0.460938 0.045410 0.074219
1 0.203613 0.469238 0.040039 0.067383
1 0.172852 0.477051 0.048828 0.071289
1 0.121826 0.479980 0.063965 0.096680
1 0.051270 0.494629 0.096680 0.112305
2 0.374023 0.443848 0.010742 0.018555