0 0.434570 0.435059 0.018555 0.061523
0 0.505615 0.427246 0.010254 0.084961
0 0.503174 0.432129 0.005371 0.075195
0 0.541748 0.434082 0.018066 0.084961
0 0.583252 0.432617 0.015137 0.074219
0 0.595215 0.417480 0.009766 0.067383
0 0.597656 0.431152 0.015625 0.077148
0 0.675537 0.437988 0.029785 0.155273
0 0.630615 0.451172 0.019043 0.197266
0 0.618408 0.453613 0.026855 0.204102
0 0.808838 0.347656 0.011230 0.050781
0 0.822754 0.350098 0.017578 0.030273
0 0.961670 0.342285 0.025879 0.071289
2 0.848633 0.584961 0.128906 0.251953
2 0.905762 0.624512 0.084961 0.331055
2 0.929688 0.740723 0.065430 0.139648
3 0.715576 0.549316 0.024902 0.075195
3 0.875732 0.522949 0.242676 0.372070
3 0.893311 0.499023 0.207520 0.488281
3 0.970215 0.633789 0.053711 0.451172