0 0.417969 0.436523 0.018555 0.076172
0 0.385498 0.446289 0.023926 0.128906
0 0.363037 0.442383 0.015137 0.138672
0 0.347412 0.441406 0.025879 0.189453
0 0.323242 0.447266 0.033203 0.166016
0 0.294678 0.448730 0.029785 0.166992
0 0.179199 0.462402 0.038086 0.250977
0 0.214111 0.466309 0.040527 0.247070
0 0.018799 0.452148 0.031738 0.294922
0 0.455811 0.475098 0.054199 0.250977
1 0.581787 0.444336 0.015137 0.044922
1 0.572510 0.444824 0.015137 0.053711
1 0.548828 0.440430 0.046875 0.082031
1 0.550049 0.454590 0.033691 0.067383
1 0.520996 0.453613 0.045898 0.090820
1 0.496094 0.462891 0.058594 0.105469
1 0.677490 0.438477 0.036621 0.060547
1 0.679443 0.446289 0.018066 0.058594
1 0.686523 0.455566 0.025391 0.081055
1 0.708496 0.458008 0.039062 0.113281
1 0.714111 0.483398 0.014160 0.085938
1 0.774658 0.457031 0.128418 0.281250
1 0.876221 0.507324 0.241699 0.440430