0 0.436768 0.422852 0.007324 0.054688
0 0.440186 0.428223 0.010254 0.049805
0 0.429199 0.421387 0.012695 0.057617
0 0.486816 0.425293 0.006836 0.041992
1 0.620850 0.433105 0.015137 0.024414
1 0.629150 0.440430 0.010254 0.031250
1 0.539062 0.428711 0.012695 0.023438
1 0.531982 0.426758 0.015137 0.019531
1 0.548584 0.439941 0.025879 0.040039
1 0.519043 0.425293 0.005859 0.010742
1 0.383789 0.448730 0.056641 0.112305
1 0.337402 0.446289 0.074219 0.148438
1 0.257324 0.444336 0.146484 0.210938
1 0.119873 0.467285 0.233887 0.311523
1 0.508301 0.423828 0.006836 0.019531
1 0.497314 0.423828 0.017090 0.027344
2 0.710693 0.535156 0.029785 0.142578