0 0.921875 0.446777 0.060547 0.235352
0 0.986328 0.455078 0.021484 0.216797
0 0.712646 0.448242 0.011230 0.082031
0 0.457031 0.433105 0.010742 0.047852
0 0.492676 0.433594 0.007812 0.048828
0 0.747803 0.446289 0.018066 0.089844
1 0.498535 0.417969 0.039062 0.041016
1 0.453613 0.420898 0.047852 0.042969
1 0.597656 0.465332 0.072266 0.114258
1 0.519043 0.443848 0.054688 0.075195
1 0.374756 0.447266 0.060059 0.048828
1 0.557373 0.417480 0.033691 0.036133
1 0.309082 0.435059 0.009766 0.057617
1 0.598389 0.395020 0.036621 0.038086