0 0.579346 0.423828 0.005371 0.042969
0 0.588379 0.425781 0.005859 0.035156
0 0.597656 0.421875 0.008789 0.035156
0 0.614990 0.421875 0.012207 0.064453
0 0.725342 0.431152 0.017090 0.038086
0 0.748291 0.424805 0.010254 0.025391
0 0.752197 0.429688 0.011230 0.023438
0 0.737061 0.430176 0.018066 0.024414
0 0.832520 0.456543 0.029297 0.233398
0 0.347168 0.424316 0.006836 0.024414
0 0.126465 0.428223 0.012695 0.047852
0 0.109375 0.421875 0.015625 0.029297
0 0.080566 0.425293 0.010742 0.024414
0 0.337891 0.440918 0.007812 0.055664
0 0.302979 0.426270 0.011230 0.028320
1 0.544434 0.415039 0.013672 0.009766
1 0.543457 0.446777 0.029297 0.053711
1 0.496094 0.444336 0.041992 0.058594
1 0.109375 0.477051 0.089844 0.086914
1 0.018799 0.536621 0.031738 0.176758
3 0.563721 0.450684 0.013184 0.051758