0 0.866211 0.473145 0.048828 0.231445
0 0.915771 0.471191 0.037598 0.221680
0 0.446533 0.460938 0.007324 0.037109
0 0.407471 0.479492 0.010254 0.060547
0 0.133789 0.500977 0.007812 0.058594
0 0.124756 0.483398 0.011230 0.109375
0 0.117676 0.486328 0.016602 0.117188
0 0.093750 0.489258 0.025391 0.119141
0 0.231445 0.489746 0.019531 0.049805
0 0.233887 0.480957 0.011719 0.077148
1 0.534424 0.440918 0.018066 0.020508
1 0.537354 0.450195 0.012207 0.025391
1 0.407715 0.480469 0.016602 0.039062
1 0.486572 0.486328 0.091309 0.140625
1 0.051758 0.503418 0.069336 0.084961
2 0.623047 0.496094 0.018555 0.093750
2 0.571289 0.630859 0.029297 0.253906
3 0.155029 0.497070 0.027832 0.064453