0 0.667725 0.427734 0.009277 0.031250
0 0.586670 0.423828 0.013184 0.066406
0 0.571045 0.422852 0.014160 0.060547
0 0.542236 0.423340 0.013184 0.073242
0 0.553711 0.426758 0.018555 0.089844
1 0.699951 0.432617 0.008301 0.019531
1 0.684814 0.429688 0.014160 0.025391
1 0.670898 0.425293 0.015625 0.030273
1 0.658203 0.425781 0.022461 0.031250
1 0.454346 0.487305 0.104004 0.195312
1 0.372559 0.520020 0.120117 0.282227
1 0.164307 0.545898 0.322754 0.642578
1 0.728760 0.410645 0.051270 0.114258
1 0.716797 0.442871 0.021484 0.094727
1 0.729248 0.446777 0.023926 0.110352
1 0.732178 0.472168 0.038574 0.161133
1 0.814941 0.497070 0.176758 0.244141