0 0.618408 0.432617 0.014160 0.048828
0 0.470947 0.421387 0.005371 0.026367
0 0.465332 0.418945 0.006836 0.031250
0 0.477783 0.432617 0.009277 0.046875
0 0.457764 0.431152 0.015137 0.067383
0 0.688232 0.433594 0.017090 0.103516
0 0.702881 0.436035 0.014160 0.096680
0 0.716309 0.430664 0.023438 0.119141
0 0.806396 0.422852 0.015137 0.083984
1 0.544678 0.429688 0.006348 0.017578
1 0.601318 0.425293 0.006348 0.026367
1 0.594971 0.427734 0.008301 0.039062
1 0.574463 0.424805 0.034668 0.054688
1 0.501465 0.433105 0.014648 0.034180
1 0.483887 0.432129 0.025391 0.047852
1 0.438721 0.437012 0.015137 0.053711
1 0.021973 0.610352 0.038086 0.353516
2 0.573730 0.441895 0.034180 0.043945
2 0.233643 0.457520 0.055176 0.065430