0 0.530273 0.438965 0.025391 0.079102
0 0.564209 0.448242 0.013184 0.076172
0 0.549561 0.446777 0.018066 0.079102
0 0.576416 0.442383 0.019043 0.085938
0 0.493896 0.440918 0.011230 0.059570
0 0.503662 0.435059 0.013184 0.073242
0 0.443848 0.452148 0.021484 0.121094
0 0.422607 0.443359 0.025879 0.132812
0 0.393311 0.445312 0.025879 0.125000
0 0.331787 0.469238 0.045410 0.262695
0 0.248047 0.458008 0.057617 0.302734
0 0.881592 0.416992 0.020996 0.078125
0 0.598877 0.418457 0.008301 0.014648
0 0.595703 0.451172 0.010742 0.056641
0 0.609863 0.441406 0.016602 0.074219
1 0.589111 0.432617 0.013184 0.021484
1 0.575684 0.434082 0.014648 0.020508
1 0.621338 0.421387 0.010254 0.018555
1 0.620605 0.443359 0.012695 0.050781
1 0.639893 0.446289 0.040527 0.068359
1 0.664062 0.466309 0.022461 0.100586
1 0.688232 0.461426 0.051270 0.161133
1 0.755859 0.470703 0.124023 0.218750
1 0.806641 0.512695 0.148438 0.248047
1 0.909424 0.609375 0.175293 0.474609
3 0.459473 0.446777 0.020508 0.063477