0 0.220703 0.439941 0.010742 0.028320
0 0.211426 0.420410 0.008789 0.016602
0 0.203369 0.483887 0.014160 0.114258
0 0.210449 0.494141 0.012695 0.101562
0 0.250244 0.422363 0.007324 0.016602
0 0.277100 0.416016 0.009277 0.021484
0 0.298584 0.438965 0.007324 0.061523
0 0.307861 0.441406 0.011230 0.052734
0 0.312256 0.450684 0.015137 0.047852
0 0.370117 0.493164 0.073242 0.289062
0 0.360107 0.515137 0.050293 0.274414
0 0.426270 0.503906 0.045898 0.255859
0 0.545898 0.465820 0.040039 0.273438
0 0.496338 0.478516 0.028809 0.292969
0 0.511475 0.519531 0.032715 0.173828
0 0.593994 0.466309 0.036621 0.258789
0 0.574463 0.474121 0.051270 0.268555
0 0.530029 0.457520 0.058105 0.348633
0 0.648682 0.472168 0.027832 0.221680
0 0.644775 0.466797 0.048340 0.251953
0 0.297852 0.448242 0.034180 0.107422
0 0.266846 0.491699 0.061035 0.206055
1 0.012695 0.467285 0.009766 0.026367
1 0.019287 0.465820 0.008301 0.031250
1 0.046143 0.464844 0.020020 0.044922
1 0.031250 0.466309 0.019531 0.038086
1 0.048340 0.478027 0.011719 0.036133
1 0.054199 0.480469 0.011719 0.042969
1 0.065430 0.479492 0.027344 0.048828
1 0.079834 0.480957 0.028809 0.051758
1 0.898682 0.403320 0.028809 0.074219
1 0.795166 0.476562 0.280762 0.445312
2 0.325439 0.503906 0.037598 0.060547
2 0.298584 0.508789 0.041504 0.105469
2 0.236816 0.530273 0.041016 0.054688
2 0.240967 0.528809 0.012207 0.063477
2 0.034668 0.493164 0.005859 0.035156
3 0.618164 0.468262 0.040039 0.110352