0 0.383301 0.473145 0.004883 0.030273
0 0.603516 0.461426 0.004883 0.028320
0 0.610107 0.469727 0.008301 0.044922
0 0.680176 0.457520 0.010742 0.061523
0 0.696289 0.452148 0.014648 0.074219
0 0.712646 0.434570 0.019043 0.115234
0 0.754639 0.439453 0.014160 0.093750
0 0.761475 0.435059 0.023926 0.100586
0 0.290527 0.480957 0.006836 0.038086
0 0.282715 0.477051 0.008789 0.041992
0 0.256348 0.482910 0.006836 0.041992
0 0.242920 0.467285 0.011230 0.063477
0 0.229980 0.468750 0.012695 0.068359
0 0.127441 0.456543 0.016602 0.098633
0 0.113037 0.461914 0.020020 0.105469
0 0.092041 0.456055 0.023926 0.121094
0 0.132568 0.454590 0.022949 0.120117
0 0.565430 0.472168 0.017578 0.049805
1 0.676025 0.464844 0.052246 0.050781
1 0.518311 0.461914 0.049316 0.072266
2 0.572998 0.479004 0.022949 0.026367
2 0.610107 0.481445 0.025879 0.023438
2 0.265869 0.483887 0.016113 0.051758
2 0.194336 0.484375 0.023438 0.087891
2 0.153809 0.489746 0.022461 0.081055