0 0.269775 0.412598 0.010254 0.026367
0 0.461182 0.415527 0.005371 0.030273
0 0.455078 0.415039 0.004883 0.021484
0 0.673828 0.467285 0.060547 0.313477
0 0.798828 0.438477 0.030273 0.185547
0 0.767090 0.449219 0.057617 0.302734
0 0.980957 0.504395 0.032227 0.194336
1 0.423584 0.417480 0.012207 0.020508
1 0.374268 0.424316 0.010254 0.028320
1 0.369873 0.425781 0.011230 0.039062
1 0.366211 0.426270 0.007812 0.041992
1 0.317871 0.417969 0.092773 0.060547
1 0.322754 0.444824 0.078125 0.065430
1 0.278076 0.455566 0.020996 0.059570
1 0.192383 0.436035 0.047852 0.065430
1 0.243652 0.458496 0.070312 0.088867
1 0.475098 0.425781 0.011719 0.052734
1 0.489258 0.427246 0.029297 0.055664
1 0.493896 0.431641 0.018066 0.054688
1 0.501709 0.434082 0.016113 0.055664
1 0.510010 0.436035 0.021973 0.065430
1 0.518066 0.438965 0.013672 0.071289
1 0.556152 0.424316 0.070312 0.125977
1 0.574463 0.449219 0.070801 0.105469
1 0.733398 0.457031 0.188477 0.140625