0 0.324707 0.449707 0.005859 0.024414
1 0.346924 0.440918 0.029785 0.036133
1 0.353516 0.448242 0.026367 0.029297
1 0.375000 0.441406 0.008789 0.009766
1 0.361816 0.453613 0.018555 0.034180
1 0.423828 0.432129 0.025391 0.014648
1 0.401855 0.453613 0.063477 0.047852
1 0.558838 0.454102 0.062012 0.076172
1 0.958496 0.436523 0.005859 0.015625
1 0.926270 0.432129 0.021484 0.012695
1 0.924316 0.438965 0.016602 0.020508
1 0.893799 0.439941 0.048340 0.079102
1 0.890137 0.451172 0.025391 0.064453
1 0.881104 0.453613 0.031738 0.071289
1 0.842285 0.452148 0.067383 0.101562
1 0.799316 0.444824 0.035156 0.032227
2 0.622803 0.453125 0.028809 0.029297
2 0.206299 0.481445 0.041504 0.083984
2 0.388184 0.514648 0.065430 0.140625
3 0.375732 0.479004 0.028809 0.051758