0 0.375732 0.428223 0.008301 0.047852
0 0.406494 0.425293 0.005371 0.051758
0 0.401367 0.422363 0.006836 0.059570
1 0.189697 0.421875 0.029785 0.023438
1 0.213379 0.439941 0.023438 0.028320
1 0.190186 0.456543 0.036621 0.055664
1 0.144775 0.473145 0.075684 0.088867
1 0.270020 0.434570 0.027344 0.035156
1 0.368652 0.434570 0.053711 0.027344
1 0.448730 0.429199 0.016602 0.049805
1 0.476074 0.426270 0.042969 0.069336
1 0.479004 0.437012 0.018555 0.055664
1 0.535889 0.424805 0.024902 0.039062
1 0.547363 0.438965 0.029297 0.057617
1 0.506592 0.452148 0.060059 0.091797
1 0.561279 0.443848 0.017090 0.065430
1 0.586914 0.446777 0.054688 0.083008