0 0.574463 0.352051 0.008301 0.043945
0 0.582520 0.354492 0.009766 0.041016
0 0.569580 0.404785 0.008301 0.038086
0 0.579346 0.427246 0.014160 0.075195
0 0.613770 0.388184 0.004883 0.022461
0 0.607910 0.433594 0.013672 0.113281
0 0.619873 0.430176 0.015137 0.127930
0 0.865479 0.461426 0.050293 0.264648
0 0.350586 0.421875 0.004883 0.039062
0 0.224609 0.439941 0.013672 0.041992
0 0.177734 0.452148 0.008789 0.109375
0 0.138184 0.452148 0.014648 0.107422
0 0.170898 0.459473 0.017578 0.096680
0 0.152832 0.452637 0.021484 0.116211
0 0.093262 0.400391 0.007812 0.011719
0 0.109131 0.394043 0.012207 0.032227
0 0.101562 0.400391 0.008789 0.023438
0 0.118164 0.424316 0.009766 0.049805
0 0.112793 0.418945 0.016602 0.056641
1 0.594238 0.412598 0.023438 0.053711
1 0.699951 0.436035 0.130371 0.213867
1 0.517578 0.487305 0.134766 0.220703
1 0.419434 0.426758 0.014648 0.027344
1 0.406250 0.427246 0.017578 0.032227
1 0.393799 0.431641 0.019043 0.039062
1 0.368408 0.430664 0.037598 0.062500
1 0.065918 0.488770 0.125977 0.168945
2 0.820068 0.562012 0.084473 0.266602