0 0.218018 0.458496 0.011230 0.059570
1 0.182129 0.485840 0.066406 0.108398
1 0.098389 0.488770 0.117676 0.155273
1 0.026611 0.507812 0.047363 0.162109
1 0.014648 0.700195 0.023438 0.316406
1 0.512939 0.433105 0.008301 0.016602
1 0.539307 0.434082 0.009277 0.018555
1 0.526611 0.447754 0.030762 0.047852
1 0.545410 0.431152 0.006836 0.016602
1 0.552490 0.433594 0.013184 0.023438
1 0.553467 0.443359 0.009277 0.033203
1 0.570068 0.441895 0.029785 0.051758
1 0.589111 0.430664 0.008301 0.019531
1 0.593506 0.428711 0.008301 0.025391
1 0.603027 0.430664 0.018555 0.037109
1 0.609131 0.434082 0.014160 0.036133
1 0.610352 0.436035 0.009766 0.028320
1 0.623779 0.433105 0.020020 0.045898
1 0.462158 0.441895 0.010254 0.026367
1 0.423096 0.439941 0.023926 0.041992
1 0.443359 0.448730 0.022461 0.036133
1 0.422119 0.446777 0.015137 0.032227
1 0.402100 0.453613 0.034668 0.061523
1 0.373535 0.458984 0.038086 0.076172
1 0.324951 0.483887 0.086426 0.135742
1 0.798096 0.448242 0.044434 0.107422
1 0.861084 0.424316 0.108887 0.178711
1 0.932861 0.458008 0.128418 0.152344
1 0.664795 0.466309 0.093262 0.166992
2 0.719971 0.453613 0.025879 0.034180
2 0.484375 0.474121 0.005859 0.049805
2 0.475098 0.472656 0.009766 0.068359
2 0.233154 0.467285 0.024902 0.040039
2 0.718994 0.467285 0.017090 0.038086