0 0.492188 0.431152 0.004883 0.024414
0 0.487793 0.430664 0.006836 0.027344
0 0.453613 0.428711 0.006836 0.041016
0 0.445557 0.431641 0.011230 0.039062
0 0.434326 0.437988 0.009277 0.022461
0 0.425537 0.437988 0.009277 0.022461
0 0.415283 0.430664 0.008301 0.042969
0 0.389648 0.424316 0.015625 0.047852
0 0.262207 0.420410 0.015625 0.084961
0 0.246826 0.425293 0.014160 0.067383
0 0.232910 0.415039 0.015625 0.087891
0 0.554688 0.437988 0.005859 0.038086
0 0.637695 0.449219 0.005859 0.025391
0 0.795654 0.502930 0.039551 0.208984
1 0.575439 0.437988 0.007324 0.014648
1 0.488281 0.432129 0.019531 0.022461
1 0.360840 0.434570 0.013672 0.023438
1 0.586182 0.449219 0.020020 0.031250
1 0.617432 0.456055 0.022949 0.039062
1 0.685791 0.461914 0.007324 0.023438
3 0.023926 0.397461 0.041992 0.041016