0 0.430664 0.446777 0.008789 0.041992
1 0.579346 0.377930 0.007324 0.009766
1 0.540283 0.424805 0.011230 0.021484
1 0.546631 0.428223 0.013184 0.026367
1 0.575439 0.427734 0.008301 0.027344
1 0.565918 0.426758 0.019531 0.029297
1 0.562500 0.442383 0.023438 0.033203
1 0.533447 0.430176 0.007324 0.018555
1 0.511230 0.431152 0.007812 0.018555
1 0.522217 0.427734 0.014160 0.031250
1 0.525146 0.439941 0.017090 0.026367
1 0.505371 0.446777 0.015625 0.036133
1 0.490234 0.452148 0.029297 0.042969
1 0.592529 0.436035 0.027832 0.051758