0 0.362061 0.478516 0.005371 0.015625
0 0.368408 0.477539 0.006348 0.017578
0 0.378906 0.477051 0.007812 0.020508
0 0.387451 0.479492 0.005371 0.017578
0 0.393311 0.479492 0.005371 0.017578
0 0.399414 0.480469 0.005859 0.017578
0 0.412109 0.482910 0.006836 0.016602
0 0.434326 0.482422 0.007324 0.015625
0 0.451660 0.482910 0.007812 0.014648
0 0.464844 0.481445 0.005859 0.017578
0 0.385742 0.556152 0.007812 0.018555
0 0.346191 0.528809 0.009766 0.073242
0 0.357666 0.534180 0.014160 0.072266
0 0.321777 0.488770 0.004883 0.032227
0 0.299561 0.506836 0.008301 0.066406
0 0.292480 0.516113 0.010742 0.094727
0 0.284668 0.520020 0.015625 0.090820
0 0.270264 0.514648 0.018066 0.099609
0 0.326416 0.525391 0.012207 0.080078
0 0.338135 0.525391 0.016113 0.080078
0 0.316162 0.516602 0.014160 0.101562
0 0.309570 0.515137 0.020508 0.102539
0 0.128906 0.464355 0.028320 0.227539
0 0.132324 0.489258 0.026367 0.203125
0 0.111328 0.482910 0.061523 0.286133
0 0.055176 0.454102 0.048828 0.265625
0 0.020508 0.481934 0.035156 0.301758
0 0.469971 0.542969 0.007324 0.048828
0 0.475098 0.538574 0.005859 0.055664
0 0.462646 0.539062 0.014160 0.062500
0 0.442627 0.522461 0.025879 0.099609
0 0.483398 0.535645 0.010742 0.069336
0 0.492920 0.533203 0.011230 0.068359
0 0.481689 0.530762 0.009277 0.075195
0 0.499756 0.526855 0.027832 0.090820
0 0.513184 0.518066 0.010742 0.104492
0 0.549316 0.517578 0.007812 0.101562
0 0.539307 0.497070 0.016113 0.144531
0 0.528320 0.502441 0.027344 0.145508
0 0.587158 0.494141 0.025879 0.160156
0 0.854248 0.502441 0.035645 0.231445
0 0.885254 0.537598 0.053711 0.163086
0 0.720703 0.502441 0.076172 0.366211
1 0.417236 0.529297 0.039551 0.074219