1 0.594727 0.437988 0.029297 0.053711
1 0.623291 0.435059 0.041504 0.071289
1 0.629150 0.445801 0.009277 0.047852
1 0.461426 0.411133 0.023438 0.011719
1 0.479004 0.433594 0.010742 0.033203
1 0.468750 0.437012 0.020508 0.045898
1 0.457520 0.444824 0.019531 0.063477
1 0.422363 0.420410 0.066406 0.143555
1 0.395996 0.470215 0.047852 0.137695
1 0.326904 0.449707 0.124512 0.204102
1 0.317627 0.514648 0.101074 0.212891
1 0.174561 0.538086 0.278809 0.384766
1 0.072021 0.622070 0.138184 0.582031
1 0.508789 0.435059 0.025391 0.041992
3 0.422119 0.481445 0.018066 0.064453