1 0.384766 0.401855 0.005859 0.010742
1 0.391113 0.399902 0.008789 0.012695
1 0.436768 0.408203 0.010254 0.017578
1 0.322021 0.417480 0.020020 0.041992
1 0.292969 0.406738 0.028320 0.043945
1 0.145996 0.393555 0.017578 0.021484
1 0.135254 0.406738 0.027344 0.065430
1 0.166016 0.411621 0.045898 0.051758
1 0.214844 0.413086 0.057617 0.054688
1 0.392090 0.429199 0.009766 0.038086
1 0.380371 0.430664 0.025391 0.044922
1 0.669678 0.452148 0.043457 0.048828
1 0.711914 0.450684 0.045898 0.053711
1 0.757080 0.424316 0.060059 0.047852
1 0.759033 0.449707 0.052246 0.057617
1 0.804688 0.462891 0.055664 0.037109
1 0.877686 0.455566 0.023926 0.043945
1 0.923828 0.479492 0.107422 0.134766
1 0.477295 0.442383 0.055176 0.103516
1 0.024414 0.411133 0.042969 0.152344
2 0.856201 0.461914 0.034668 0.042969