0 0.609131 0.433105 0.007324 0.057617
0 0.694580 0.547363 0.125488 0.469727
0 0.176270 0.460449 0.022461 0.083008
0 0.143066 0.450684 0.011719 0.038086
0 0.152100 0.475586 0.021973 0.054688
0 0.145020 0.474121 0.025391 0.063477
0 0.120117 0.469727 0.009766 0.062500
0 0.108643 0.466309 0.015137 0.077148
0 0.428467 0.413086 0.011230 0.048828
0 0.421631 0.406250 0.014160 0.037109
0 0.410400 0.396484 0.017090 0.042969
0 0.402588 0.435547 0.016113 0.089844
0 0.404541 0.466309 0.036621 0.108398
0 0.406982 0.476562 0.018066 0.091797
0 0.389404 0.452148 0.014160 0.123047
0 0.360596 0.517090 0.076660 0.368164
1 0.599121 0.435547 0.036133 0.029297
1 0.525635 0.437012 0.007324 0.022461
1 0.509521 0.437012 0.006348 0.020508
1 0.486328 0.437012 0.011719 0.018555
1 0.475342 0.437500 0.011230 0.019531
1 0.498535 0.440918 0.021484 0.030273
2 0.216309 0.473633 0.019531 0.037109
2 0.519531 0.462402 0.007812 0.038086
2 0.566895 0.458984 0.008789 0.066406
2 0.270508 0.474609 0.024414 0.025391
2 0.258301 0.477051 0.023438 0.038086
3 0.066895 0.477051 0.035156 0.063477