0 0.366943 0.401367 0.020020 0.046875
0 0.860840 0.416992 0.028320 0.162109
0 0.927246 0.428223 0.045898 0.194336
0 0.650146 0.390137 0.008301 0.057617
0 0.682373 0.404785 0.026855 0.106445
1 0.500244 0.406250 0.008301 0.009766
1 0.502441 0.414551 0.008789 0.016602
1 0.443604 0.419922 0.022949 0.037109
1 0.441406 0.427246 0.014648 0.041992
1 0.423828 0.425293 0.025391 0.053711
1 0.393555 0.435059 0.041016 0.059570
1 0.352539 0.455566 0.058594 0.114258
1 0.320068 0.469727 0.057129 0.134766
1 0.239746 0.476074 0.128906 0.213867
1 0.116455 0.517090 0.227051 0.290039
1 0.531738 0.408203 0.009766 0.033203
1 0.484375 0.420410 0.030273 0.047852
1 0.688965 0.411133 0.046875 0.052734
1 0.773438 0.384766 0.075195 0.035156
1 0.737793 0.423340 0.088867 0.081055
1 0.806152 0.421875 0.093750 0.103516
1 0.851562 0.427246 0.057617 0.118164
1 0.933105 0.421875 0.127930 0.144531
3 0.519775 0.467773 0.020996 0.074219