0 0.104736 0.429688 0.012207 0.089844
0 0.127930 0.428711 0.014648 0.099609
0 0.114990 0.433594 0.020996 0.093750
0 0.144775 0.413574 0.016113 0.059570
0 0.161865 0.395508 0.018066 0.039062
0 0.018555 0.451660 0.031250 0.153320
0 0.043701 0.441895 0.013184 0.172852
0 0.093262 0.378906 0.013672 0.066406
0 0.081299 0.426270 0.023926 0.200195
0 0.060303 0.424805 0.029785 0.214844
0 0.257324 0.411133 0.011719 0.064453
0 0.424316 0.450684 0.020508 0.114258
0 0.432129 0.452148 0.021484 0.113281
0 0.954102 0.479980 0.015625 0.069336
0 0.975586 0.466797 0.014648 0.052734
0 0.933350 0.491699 0.014160 0.096680
0 0.905273 0.476562 0.027344 0.123047
0 0.321533 0.449707 0.025879 0.102539
0 0.337158 0.443359 0.017090 0.111328
0 0.354736 0.448730 0.033691 0.120117
1 0.199463 0.462402 0.132324 0.163086
1 0.978027 0.465820 0.038086 0.044922
1 0.979980 0.509766 0.034180 0.078125
2 0.290527 0.457520 0.041992 0.061523
2 0.506836 0.479492 0.060547 0.070312