0 0.517090 0.411133 0.008789 0.054688
0 0.566406 0.406250 0.016602 0.099609
1 0.911133 0.409180 0.055664 0.039062
1 0.970947 0.391602 0.052246 0.082031
1 0.781250 0.410156 0.014648 0.013672
1 0.752197 0.416992 0.006348 0.019531
1 0.746094 0.417480 0.009766 0.024414
1 0.741699 0.418457 0.009766 0.028320
1 0.727051 0.411621 0.020508 0.041992
1 0.723145 0.416016 0.021484 0.037109
1 0.691406 0.415527 0.063477 0.047852
1 0.616943 0.401367 0.115723 0.085938
1 0.794678 0.390625 0.012207 0.054688
1 0.839844 0.410156 0.101562 0.113281