1 0.505127 0.446777 0.020020 0.024414
1 0.480225 0.443359 0.019043 0.042969
1 0.446533 0.450195 0.008301 0.039062
1 0.125732 0.415527 0.191895 0.301758
1 0.525146 0.457520 0.028809 0.041992
1 0.567871 0.456543 0.007812 0.034180
1 0.581299 0.453125 0.022949 0.046875
1 0.582031 0.459473 0.023438 0.041992
1 0.591553 0.464355 0.021973 0.049805
1 0.597412 0.466309 0.016113 0.049805
1 0.658691 0.477051 0.054688 0.098633
1 0.693359 0.497559 0.069336 0.116211
1 0.744629 0.515625 0.108398 0.152344
1 0.834229 0.541992 0.159668 0.201172
1 0.932617 0.595703 0.128906 0.349609
2 0.432617 0.458984 0.027344 0.066406
2 0.608887 0.511719 0.010742 0.039062
2 0.624023 0.513672 0.011719 0.060547