0 0.568115 0.437500 0.006348 0.031250
0 0.575928 0.435059 0.005371 0.034180
0 0.600098 0.434570 0.005859 0.027344
0 0.593506 0.436035 0.008301 0.030273
0 0.585938 0.434570 0.009766 0.035156
0 0.690186 0.428223 0.010254 0.034180
0 0.826904 0.426270 0.022949 0.155273
0 0.450439 0.438477 0.008301 0.037109
0 0.428955 0.438965 0.007324 0.034180
0 0.421631 0.441895 0.009277 0.034180
0 0.407227 0.441895 0.008789 0.030273
0 0.398438 0.439453 0.005859 0.035156
0 0.392822 0.440430 0.007324 0.033203
0 0.945068 0.450195 0.035645 0.261719
1 0.525146 0.430664 0.006348 0.019531
1 0.506104 0.435059 0.006348 0.012695
1 0.501221 0.439453 0.008301 0.021484
1 0.492676 0.439453 0.014648 0.021484
1 0.477539 0.440430 0.007812 0.019531
1 0.467041 0.439453 0.017090 0.025391
1 0.559814 0.443848 0.009277 0.041992
1 0.541992 0.441895 0.034180 0.055664
2 0.976562 0.494629 0.041016 0.157227
2 0.623291 0.477051 0.009277 0.043945