0 0.230957 0.342285 0.005859 0.018555
0 0.344971 0.365234 0.008301 0.011719
0 0.364746 0.356934 0.008789 0.026367
0 0.373047 0.355469 0.005859 0.027344
0 0.377686 0.354004 0.005371 0.028320
0 0.382812 0.354492 0.006836 0.029297
0 0.392578 0.361328 0.005859 0.013672
0 0.427490 0.351074 0.009277 0.030273
0 0.439941 0.349609 0.005859 0.023438
0 0.458740 0.358398 0.005371 0.011719
0 0.485840 0.350586 0.006836 0.021484
0 0.529541 0.347168 0.007324 0.022461
0 0.553223 0.349121 0.008789 0.014648
0 0.532227 0.468750 0.005859 0.029297
0 0.536377 0.468262 0.006348 0.032227
0 0.541504 0.467285 0.007812 0.034180
0 0.549316 0.467285 0.006836 0.034180
0 0.556396 0.466309 0.008301 0.032227
0 0.585938 0.443359 0.004883 0.068359
0 0.593018 0.442871 0.013184 0.069336
0 0.580566 0.438965 0.015625 0.079102
0 0.570312 0.441406 0.017578 0.076172
0 0.658691 0.466797 0.052734 0.187500
0 0.771973 0.460449 0.114258 0.274414
0 0.791016 0.452148 0.043945 0.289062
0 0.493652 0.462402 0.021484 0.174805
0 0.517822 0.459473 0.033691 0.188477
0 0.436768 0.464355 0.010254 0.045898
0 0.331055 0.469238 0.029297 0.188477
0 0.357178 0.477539 0.051270 0.177734
0 0.219971 0.388184 0.007324 0.032227
0 0.210938 0.496094 0.031250 0.242188
0 0.230469 0.493652 0.045898 0.260742
0 0.174316 0.501953 0.041992 0.236328
0 0.104248 0.507812 0.080566 0.355469
0 0.031982 0.517578 0.058105 0.406250
0 0.106445 0.555664 0.083008 0.367188
0 0.039062 0.555176 0.072266 0.385742
0 0.411865 0.485352 0.048340 0.298828