0 0.481934 0.441406 0.005859 0.029297
0 0.534668 0.437988 0.004883 0.020508
0 0.541992 0.436523 0.004883 0.021484
1 0.550293 0.437012 0.006836 0.018555
1 0.556885 0.435059 0.007324 0.024414
1 0.582031 0.431152 0.043945 0.038086
1 0.578857 0.431641 0.021973 0.029297
1 0.586426 0.436035 0.028320 0.034180
1 0.608887 0.435059 0.053711 0.043945
1 0.635986 0.431641 0.055176 0.048828
1 0.684082 0.432129 0.113281 0.086914
1 0.794434 0.414551 0.117188 0.106445
1 0.791260 0.433105 0.086426 0.116211
1 0.863281 0.434570 0.206055 0.177734
2 0.306396 0.466797 0.017090 0.058594
3 0.448242 0.446777 0.007812 0.022461
3 0.377197 0.458008 0.015137 0.041016