0 0.404053 0.411133 0.007324 0.013672
0 0.368408 0.440430 0.016113 0.058594
0 0.682861 0.429688 0.011230 0.070312
0 0.695801 0.430664 0.012695 0.064453
0 0.725342 0.436523 0.023926 0.142578
0 0.760742 0.429688 0.028320 0.154297
0 0.792480 0.423340 0.024414 0.157227
1 0.501221 0.423340 0.020996 0.022461
1 0.488525 0.426270 0.010254 0.020508
1 0.479004 0.430664 0.016602 0.027344
1 0.207031 0.508789 0.258789 0.246094
1 0.575439 0.413086 0.012207 0.009766
1 0.583984 0.437012 0.022461 0.040039
1 0.535645 0.435547 0.030273 0.039062
3 0.566650 0.445801 0.015137 0.053711