0 0.561523 0.441406 0.007812 0.039062
0 0.576660 0.445801 0.013672 0.065430
0 0.551758 0.444824 0.004883 0.030273
0 0.479736 0.445312 0.006348 0.027344
0 0.412842 0.444824 0.006348 0.030273
0 0.431885 0.454590 0.014160 0.100586
0 0.387695 0.450684 0.010742 0.051758
0 0.699707 0.455078 0.017578 0.093750
0 0.303223 0.465332 0.012695 0.086914
0 0.291748 0.461914 0.012207 0.093750
0 0.277832 0.464355 0.013672 0.083008
1 0.462402 0.441895 0.027344 0.020508
1 0.499023 0.445312 0.013672 0.019531
1 0.540283 0.439453 0.018066 0.027344
1 0.554688 0.443359 0.038086 0.033203
1 0.430176 0.446289 0.023438 0.042969
1 0.102783 0.636719 0.199707 0.400391
2 0.619385 0.452637 0.012207 0.041992
3 0.367920 0.458008 0.013184 0.039062