0 0.808350 0.479004 0.049316 0.383789
0 0.786133 0.506348 0.083008 0.356445
0 0.801270 0.502930 0.097656 0.441406
0 0.084229 0.518066 0.065918 0.274414
0 0.345215 0.508301 0.102539 0.372070
0 0.395752 0.494629 0.050293 0.276367
0 0.412354 0.547363 0.086426 0.268555
1 0.188232 0.456055 0.088379 0.115234
1 0.272705 0.467285 0.121582 0.129883
1 0.043701 0.452637 0.081543 0.110352
1 0.975342 0.429199 0.043457 0.022461
1 0.687744 0.455078 0.131348 0.136719
1 0.906250 0.458008 0.181641 0.185547
2 0.388916 0.542480 0.150879 0.153320