0 0.345947 0.467285 0.017090 0.067383
0 0.331055 0.464355 0.015625 0.079102
0 0.269287 0.444336 0.006348 0.027344
0 0.298096 0.463867 0.015137 0.091797
0 0.307861 0.467285 0.016113 0.079102
0 0.230957 0.448242 0.026367 0.169922
0 0.089600 0.508789 0.044434 0.250000
0 0.136719 0.494141 0.051758 0.267578
0 0.282227 0.456543 0.023438 0.145508
0 0.251465 0.463867 0.034180 0.187500
0 0.443359 0.423828 0.006836 0.009766
0 0.519531 0.447754 0.008789 0.059570
0 0.498291 0.449219 0.019043 0.117188
0 0.541260 0.421387 0.006348 0.014648
0 0.529297 0.451172 0.013672 0.062500
0 0.750488 0.404785 0.010742 0.030273
0 0.732910 0.446777 0.026367 0.118164
0 0.986084 0.479980 0.021973 0.321289
1 0.277588 0.481934 0.030762 0.051758
1 0.080078 0.437500 0.061523 0.041016
1 0.011963 0.411621 0.018066 0.012695
1 0.061768 0.494141 0.117676 0.156250
1 0.166504 0.470215 0.132812 0.129883
1 0.409180 0.463867 0.110352 0.082031
1 0.413086 0.466797 0.057617 0.083984
1 0.491211 0.421875 0.048828 0.044922
1 0.492188 0.464844 0.060547 0.082031
1 0.691162 0.455566 0.015137 0.061523
1 0.537598 0.460449 0.013672 0.071289
1 0.611084 0.451172 0.016113 0.083984
1 0.646729 0.442383 0.075684 0.115234
1 0.708008 0.457520 0.041992 0.081055
1 0.879395 0.409668 0.039062 0.030273
1 0.808105 0.460938 0.155273 0.146484
1 0.916260 0.492676 0.140137 0.231445
1 0.569092 0.454102 0.070801 0.099609
3 0.328857 0.482422 0.027832 0.039062