0 0.020264 0.421387 0.034668 0.125977
0 0.498535 0.458496 0.009766 0.038086
0 0.516602 0.452637 0.010742 0.049805
1 0.552490 0.442871 0.024902 0.026367
1 0.569824 0.450684 0.007812 0.020508
1 0.604980 0.436035 0.065430 0.063477
1 0.605469 0.426270 0.045898 0.028320
1 0.607178 0.447754 0.052246 0.049805
1 0.635010 0.450195 0.021973 0.062500
1 0.652100 0.444336 0.021973 0.076172
1 0.681152 0.442871 0.082031 0.098633
1 0.681885 0.445312 0.026855 0.083984
1 0.712402 0.441895 0.068359 0.100586
1 0.825684 0.430176 0.267578 0.208008
1 0.487061 0.443848 0.018066 0.028320
1 0.484619 0.452637 0.013184 0.024414
1 0.477051 0.454102 0.014648 0.031250
1 0.474609 0.457520 0.006836 0.034180
1 0.470947 0.458496 0.011230 0.038086
1 0.458496 0.459473 0.024414 0.043945
1 0.433350 0.473633 0.020996 0.072266
1 0.429688 0.483398 0.012695 0.078125
1 0.387207 0.455566 0.080078 0.161133
1 0.356445 0.498047 0.095703 0.142578
1 0.068848 0.656250 0.131836 0.419922
2 0.180664 0.509277 0.034180 0.118164
2 0.200684 0.531738 0.025391 0.061523
2 0.123779 0.538086 0.046387 0.117188
3 0.563232 0.446777 0.011230 0.036133
3 0.447754 0.467773 0.013672 0.048828
3 0.441650 0.463379 0.012207 0.043945