0 0.579590 0.433105 0.004883 0.040039
0 0.572998 0.433105 0.007324 0.040039
0 0.586182 0.433105 0.006348 0.036133
0 0.625977 0.430664 0.005859 0.044922
0 0.613281 0.470215 0.048828 0.250977
0 0.441406 0.434082 0.008789 0.032227
0 0.427246 0.437988 0.008789 0.034180
0 0.397949 0.443359 0.005859 0.031250
0 0.404053 0.436523 0.008301 0.042969
0 0.466553 0.438965 0.012207 0.045898
0 0.389404 0.437500 0.010254 0.037109
0 0.377441 0.438477 0.005859 0.041016
0 0.314209 0.426758 0.012207 0.013672
0 0.300293 0.433594 0.011719 0.025391
0 0.223389 0.450684 0.016113 0.083008
1 0.529297 0.432617 0.015625 0.025391
1 0.487061 0.431641 0.011230 0.013672
1 0.455566 0.439941 0.013672 0.026367
1 0.313477 0.464355 0.052734 0.063477
2 0.721436 0.568359 0.064941 0.210938
2 0.555176 0.442383 0.008789 0.019531
3 0.533203 0.437500 0.005859 0.023438