0 0.466064 0.436523 0.007324 0.056641
0 0.455566 0.438965 0.007812 0.045898
0 0.353271 0.421875 0.020020 0.054688
1 0.478760 0.448730 0.015137 0.057617
1 0.296631 0.508789 0.173340 0.220703
1 0.192871 0.496582 0.257812 0.217773
1 0.155029 0.605957 0.291504 0.430664
1 0.035156 0.664062 0.064453 0.541016
1 0.506592 0.451660 0.049316 0.088867
1 0.561279 0.443359 0.011230 0.048828
1 0.586914 0.444824 0.057617 0.088867
1 0.718750 0.476562 0.134766 0.248047
1 0.811035 0.529785 0.221680 0.315430
1 0.908447 0.589355 0.177246 0.524414