0 0.941895 0.418457 0.008789 0.106445
0 0.933594 0.408691 0.017578 0.106445
0 0.953857 0.425781 0.018066 0.113281
0 0.969727 0.429688 0.029297 0.179688
0 0.886475 0.375977 0.024902 0.027344
0 0.659912 0.405762 0.005371 0.047852
0 0.657471 0.406738 0.012207 0.055664
0 0.665771 0.409668 0.006348 0.049805
0 0.676270 0.409180 0.004883 0.050781
0 0.671143 0.406738 0.009277 0.055664
0 0.700195 0.395508 0.006836 0.029297
0 0.692627 0.400879 0.008301 0.047852
0 0.633057 0.385742 0.009277 0.009766
1 0.644043 0.449707 0.041992 0.122070
1 0.735596 0.474609 0.108887 0.214844
1 0.827393 0.533691 0.258301 0.319336
1 0.511719 0.604004 0.341797 0.538086
3 0.982910 0.624512 0.028320 0.249023
3 0.860352 0.644043 0.152344 0.329102