0 0.549561 0.430176 0.006348 0.028320
0 0.632324 0.426758 0.006836 0.033203
0 0.625488 0.427734 0.007812 0.035156
0 0.576660 0.423340 0.007812 0.030273
0 0.529053 0.423340 0.005371 0.036133
0 0.534180 0.429688 0.008789 0.033203
0 0.415771 0.429199 0.006348 0.036133
0 0.357666 0.437012 0.010254 0.051758
0 0.364746 0.434082 0.007812 0.059570
1 0.514648 0.433105 0.032227 0.028320
1 0.434326 0.433594 0.029785 0.037109
2 0.129395 0.468750 0.007812 0.052734
2 0.012939 0.470215 0.020020 0.057617
2 0.028809 0.470215 0.031250 0.061523
2 0.638428 0.444336 0.009277 0.031250
3 0.590820 0.430176 0.009766 0.026367