0 0.095459 0.480469 0.022949 0.128906
0 0.129395 0.479004 0.025391 0.125977
0 0.205322 0.475098 0.026855 0.118164
0 0.185791 0.479004 0.025879 0.114258
0 0.168701 0.481934 0.020020 0.108398
0 0.150879 0.475098 0.030273 0.122070
0 0.713867 0.415527 0.012695 0.036133
0 0.737305 0.488770 0.074219 0.278320
0 0.730225 0.478027 0.052246 0.309570
0 0.986084 0.451172 0.021973 0.226562
0 0.968018 0.424316 0.016113 0.092773
1 0.665771 0.458984 0.110840 0.107422
2 0.805664 0.438477 0.037109 0.095703
2 0.583984 0.520020 0.134766 0.184570
2 0.351074 0.537598 0.125977 0.149414